rank_v,last_wk_v,peak_position_v,wks_on_rank,aritist_v,social_v,album_v,Class,rank-peak,peak-rank
100,100,100,11,99,90,99.5,+,0,0
99,99,99,10,98,58,97.5,+,0,0
98,97,99,15,0,0,0,-,-1,1
97,98,100,19,0,0,0,-,-3,3
96,96,97,18,0,0,0,+,-1,1
95,95,95,5,74,0,13,-,0,0
94,93,96,5,0,0,0,+,-2,2
93,0,93,1,100,96,100,-,0,0
92,0,92,1,0,0,0,-,0,0
91,92,95,10,95,16,85,+,-4,4
90,94,96,23,92,68,89.5,-,-6,6
89,91,91,13,0,0,0,+,-2,2
88,89,92,16,0,0,0,+,-4,4
87,90,95,20,84,0,93.5,-,-8,8
86,70,93,22,100,96,100,-,-7,7
85,83,89,8,86,0,71.5,+,-4,4
84,88,100,34,0,0,0,-,-16,16
83,0,83,1,100,96,100,-,0,0
82,86,97,6,0,0,0,+,-15,15
81,84,89,6,0,0,0,+,-8,8
80,74,80,4,0,0,0,+,0,0
79,80,82,22,72,0,77.5,+,-3,3
78,81,86,27,91,92,76.5,-,-8,8
77,82,83,5,94,44,96.5,+,-6,6
76,75,82,10,89,0,95.5,+,-6,6
75,77,78,9,56,0,0,+,-3,3
74,79,97,24,98,58,97.5,-,-23,23
73,78,80,10,67,0,65.5,-,-7,7
72,0,72,1,100,96,100,-,0,0
71,69,73,13,0,0,0,+,-2,2
70,85,85,6,0,0,0,+,-15,15
69,66,77,11,59,0,92.5,+,-8,8
68,73,100,46,64,0,0,+,-32,32
67,76,93,30,85,0,55.5,+,-26,26
66,0,66,1,100,96,100,-,0,0
65,0,65,1,0,0,0,-,0,0
64,71,100,27,0,0,0,+,-36,36
63,0,63,1,100,96,100,-,0,0
62,72,97,21,0,0,0,+,-35,35
61,0,61,1,0,0,0,-,0,0
60,68,68,14,69,0,82.5,+,-8,8
59,67,67,6,0,0,0,+,-8,8
58,64,64,16,63,0,70,+,-6,6
57,65,95,24,0,0,0,+,-38,38
56,0,56,1,0,0,0,-,0,0
55,63,97,18,75,0,78.5,+,-42,42
54,60,97,33,0,0,0,-,-43,43
53,0,53,1,0,0,0,-,0,0
52,0,52,1,100,96,100,-,0,0
51,0,51,1,0,0,0,-,0,0
50,0,50,1,100,96,100,-,0,0
49,48,57,10,0,0,0,+,-8,8
48,58,75,20,90,70,87,+,-27,27
47,0,47,1,0,0,0,-,0,0
46,53,67,4,0,0,0,+,-21,21
45,57,61,14,0,0,0,+,-16,16
44,59,60,7,66,0,32.5,+,-16,16
43,50,60,14,0,0,0,+,-17,17
42,51,51,20,58,0,88,-,-9,9
41,0,41,1,100,96,100,-,0,0
40,0,40,1,100,96,100,-,0,0
39,0,39,1,0,0,0,-,0,0
38,55,60,15,25,0,0,+,-22,22
37,0,37,1,100,96,100,-,0,0
36,62,82,4,37,0,11,+,-46,46
35,36,40,7,0,0,0,+,-5,5
34,33,50,7,51,0,73.5,+,-16,16
33,35,46,6,23,0,10,+,-13,13
32,37,41,9,70,0,67,+,-9,9
31,0,31,1,0,0,0,-,0,0
30,45,53,16,18,0,75,+,-23,23
29,49,95,11,99,90,99.5,+,-66,66
28,54,55,15,0,0,0,-,-27,27
27,31,39,9,49,0,54,+,-12,12
26,46,46,6,0,0,0,-,-20,20
25,0,25,1,100,96,100,-,0,0
24,43,60,17,36,0,41.5,+,-36,36
23,14,48,7,0,0,0,+,-25,25
22,32,49,5,0,0,0,+,-27,27
21,44,94,15,50,0,83.5,+,-73,73
20,47,47,13,14,0,0,+,-27,27
19,0,19,1,100,96,100,-,0,0
18,28,63,13,84,0,93.5,+,-45,45
17,87,87,2,0,0,0,+,-70,70
16,42,64,4,0,0,0,+,-48,48
15,34,44,6,0,0,0,+,-29,29
14,21,32,9,0,0,0,+,-18,18
13,0,13,1,0,0,0,-,0,0
12,38,48,3,99,90,99.5,-,-36,36
11,26,31,12,0,0,0,+,-20,20
10,22,24,4,4,0,0,+,-14,14
9,20,29,4,33,0,63,+,-20,20
8,17,32,12,41,0,72.5,+,-24,24
7,41,64,3,99,90,99.5,-,-57,57
6,27,55,5,94,44,96.5,+,-49,49
5,18,30,15,0,0,0,-,-25,25
4,0,4,1,0,0,0,-,0,0
3,0,36,1,0,0,0,+,-33,33
2,24,85,18,96,74,96,+,-83,83
1,25,45,16,85,0,55.5,+,-44,44
100,100,100,10,100,92,100,+,0,0
99,98,99,9,98,60,98.5,+,0,0
98,99,100,18,0,0,0,-,-2,2
97,97,99,14,0,0,0,+,-2,2
96,89,97,17,0,0,0,+,-1,1
95,95,95,4,79,0,26.5,+,0,0
94,96,96,22,93,66,91,-,-2,2
93,90,96,4,0,0,0,+,-3,3
92,94,95,9,95,30,86.5,-,-3,3
91,87,91,12,0,0,0,-,0,0
90,93,95,19,85,28,95,-,-5,5
89,92,92,15,0,0,0,-,-3,3
88,91,100,33,0,0,0,-,-12,12
87,0,87,1,0,0,0,-,0,0
86,88,97,5,0,0,0,-,-11,11
85,81,85,5,0,0,0,-,0,0
84,83,89,5,0,0,0,-,-5,5
83,84,89,7,82,0,74.5,+,-6,6
82,69,83,4,97,0,97.5,-,-1,1
81,86,86,26,89,90,80,-,-5,5
80,73,82,21,68,0,78,-,-2,2
79,85,97,23,98,60,98.5,-,-18,18
78,76,80,9,70,0,72.5,-,-2,2
77,74,78,8,55,0,0,-,-1,1
76,80,93,29,84,0,61.5,-,-17,17
75,71,82,9,90,0,96.5,+,-7,7
74,67,74,3,0,0,0,+,0,0
73,77,100,45,69,0,0,-,-27,27
72,79,97,20,0,0,0,-,-25,25
71,75,100,26,0,0,0,-,-29,29
70,78,93,21,94,76,92.5,+,-23,23
69,68,73,12,0,0,0,+,-4,4
68,65,68,13,73,0,87,-,0,0
67,53,67,5,0,0,0,-,0,0
66,63,77,10,50,0,94,+,-11,11
65,70,95,23,0,0,0,-,-30,30
64,59,64,15,65,0,70.5,-,0,0
63,72,97,17,78,0,82.5,-,-34,34
62,82,82,3,77,0,51,-,-20,20
61,66,100,27,0,0,0,-,-39,39
60,61,97,32,0,0,0,-,-37,37
59,60,60,6,72,0,34,-,-1,1
58,58,75,19,91,32,89,-,-17,17
57,50,61,13,0,0,0,-,-4,4
56,57,99,39,88,26,90,-,-43,43
55,41,60,14,35,0,0,-,-5,5
54,55,55,14,0,0,0,-,-1,1
53,49,67,3,0,0,0,-,-14,14
52,54,90,28,0,0,0,-,-38,38
51,44,51,19,51,0,89.5,-,0,0
50,47,60,13,0,0,0,-,-10,10
49,62,95,10,100,92,100,-,-46,46
48,45,57,9,0,0,0,+,-9,9
47,43,47,12,26,0,0,-,0,0
46,38,46,5,0,0,0,-,0,0
45,32,53,15,32,0,79,-,-8,8
44,37,94,14,63,0,86,-,-50,50
43,33,60,16,43,0,53.5,-,-17,17
42,35,64,3,0,0,0,-,-22,22
41,64,64,2,100,92,100,-,-23,23
40,0,40,1,83,22,32.5,-,0,0
39,46,67,20,71,0,85,-,-28,28
38,48,48,2,100,92,100,-,-10,10
37,36,41,8,60,0,65,-,-4,4
36,40,40,6,0,0,0,-,-4,4
35,28,46,5,7,0,0,-,-11,11
34,39,44,5,0,0,0,-,-10,10
33,21,50,6,42,0,71,+,-17,17
32,22,49,4,0,0,0,-,-17,17
31,31,39,8,49,0,59,-,-8,8
30,0,30,1,0,0,0,-,0,0
29,0,29,1,21,0,64,-,0,0
28,30,63,12,85,28,95,-,-35,35
27,24,55,4,97,0,97.5,-,-28,28
26,23,31,11,0,0,0,-,-5,5
25,12,45,15,84,0,61.5,+,-20,20
24,25,85,17,96,82,97,-,-61,61
23,0,23,1,77,0,51,-,0,0
22,15,24,3,8,0,0,-,-2,2
21,16,32,8,0,0,0,-,-11,11
20,6,29,3,80,0,91.5,-,-9,9
19,34,58,11,20,0,46.5,-,-39,39
18,13,30,14,0,0,0,-,-12,12
17,14,32,11,40,0,75.5,-,-15,15
16,52,52,2,100,92,100,-,-36,36
15,19,54,11,0,0,0,-,-39,39
14,9,48,6,0,0,0,+,-34,34
13,0,14,7,18,0,40,-,-1,1
12,27,34,11,0,0,0,-,-22,22
11,7,50,19,0,0,70,+,-39,39
10,3,13,5,9,0,30,-,-3,3
9,0,36,9,0,0,0,-,-27,27
8,0,9,2,0,0,0,-,-1,1
7,42,42,2,100,92,100,-,-35,35
6,0,6,1,0,0,73.5,-,0,0
5,20,53,3,0,0,0,-,-48,48
4,4,50,18,0,0,0,-,-46,46
3,0,3,5,2,4,12,-,0,0
2,0,53,6,0,0,0,-,-51,51
1,0,13,3,0,0,0,-,-12,12
100,100,100,9,100,94,100,+,0,0
99,99,100,17,0,0,0,-,-1,1
98,97,99,8,99,32,99,+,-1,1
97,98,99,13,0,0,0,+,-2,2
96,95,96,21,95,96,91.5,-,0,0
95,93,95,3,76,0,25,+,0,0
94,94,95,8,94,20,85.5,-,-1,1
93,92,95,18,88,8,95,-,-2,2
92,77,92,14,0,0,0,-,0,0
91,91,100,32,0,0,0,-,-9,9
90,96,96,3,0,0,0,+,-6,6
89,90,97,16,0,0,0,+,-8,8
88,89,97,4,0,0,0,-,-9,9
87,87,87,11,0,0,0,+,0,0
86,84,86,25,90,86,82.5,-,0,0
85,83,97,22,99,32,99,-,-12,12
84,81,89,6,83,0,71.5,-,-5,5
83,79,89,4,0,0,0,+,-6,6
82,1,82,2,77,0,50,-,0,0
81,69,85,4,0,0,0,+,-4,4
80,82,93,28,84,0,61.5,-,-13,13
79,86,97,19,0,0,0,-,-18,18
78,85,93,20,93,72,92.5,-,-15,15
77,88,100,44,71,36,0,-,-23,23
76,80,80,8,68,0,74,+,-4,4
75,78,100,25,0,0,0,-,-25,25
74,74,78,7,57,0,0,+,-4,4
73,75,82,20,62,0,74.5,+,-9,9
72,71,97,16,85,0,87,-,-25,25
71,70,82,8,92,0,97.5,+,-11,11
70,76,95,22,0,0,0,-,-25,25
69,55,83,3,98,16,98.5,+,-14,14
68,66,73,11,0,0,0,+,-5,5
67,73,73,2,0,0,0,+,-6,6
66,72,100,26,0,0,0,-,-34,34
65,61,68,12,74,0,86,+,-3,3
64,0,64,1,100,94,100,-,0,0
63,50,77,9,73,0,96,+,-14,14
62,26,95,9,100,94,100,-,-33,33
61,65,97,31,0,0,0,-,-36,36
60,42,60,5,79,0,53,-,0,0
59,57,64,14,58,0,64.5,+,-5,5
58,60,75,18,91,46,89.5,+,-17,17
57,58,99,38,89,40,90.5,-,-42,42
56,68,85,22,41,0,76,-,-29,29
55,45,55,13,0,0,0,-,0,0
54,63,90,27,10,0,0,-,-36,36
53,41,67,4,0,0,0,+,-14,14
52,0,52,1,100,94,100,-,0,0
51,62,97,28,0,0,0,-,-46,46
50,54,61,12,0,0,0,+,-11,11
49,67,67,2,0,0,0,+,-18,18
48,0,48,1,100,94,100,-,0,0
47,52,60,12,0,0,0,+,-13,13
46,59,67,19,78,0,91,-,-21,21
45,49,57,8,0,0,0,+,-12,12
44,44,51,18,56,0,89,+,-7,7
43,46,47,11,27,0,0,+,-4,4
42,0,42,1,100,94,100,-,0,0
41,48,60,13,16,0,0,+,-19,19
40,35,40,5,0,0,0,-,0,0
39,40,44,4,0,0,0,-,-5,5
38,43,46,4,0,0,0,+,-8,8
37,47,94,13,64,0,86.5,+,-57,57
36,33,41,7,67,0,67,+,-5,5
35,64,64,2,0,0,0,+,-29,29
34,51,58,10,38,0,52,-,-24,24
33,39,60,15,43,0,47.5,+,-27,27
32,18,53,14,18,0,77.5,+,-21,21
31,31,39,7,52,0,63.5,+,-8,8
30,36,63,11,88,8,95,-,-33,33
29,0,29,1,100,94,100,-,0,0
28,27,46,4,4,0,0,+,-18,18
27,32,34,10,0,0,0,-,-7,7
26,0,26,1,100,94,100,-,0,0
25,34,85,16,96,82,97,-,-60,60
24,37,55,3,98,16,98.5,+,-31,31
23,30,31,10,0,0,0,+,-8,8
22,19,49,3,0,0,0,+,-27,27
21,16,50,5,42,0,69,+,-29,29
20,53,53,2,0,0,0,-,-33,33
19,38,54,10,0,0,0,-,-35,35
18,0,18,1,100,94,100,-,0,0
17,0,60,2,100,94,100,-,-43,43
16,17,32,7,0,0,0,+,-16,16
15,12,24,2,0,0,0,+,-9,9
14,20,32,10,51,0,81.5,+,-18,18
13,22,30,13,0,0,0,+,-17,17
12,21,45,14,84,0,61.5,+,-33,33
11,0,11,1,100,94,100,-,0,0
10,25,87,18,0,0,0,-,-77,77
9,8,48,5,0,0,0,+,-39,39
8,0,8,1,100,94,100,-,0,0
7,15,50,18,0,0,68.5,+,-43,43
6,5,29,2,0,0,0,+,-23,23
5,0,5,1,100,94,100,-,0,0
4,11,50,17,0,0,0,+,-46,46
3,4,13,4,17,0,38.5,+,-10,10
2,14,56,19,49,0,75.5,-,-54,54
1,10,59,17,47,0,50.5,-,-58,58
100,100,100,8,98,90,76,+,0,0
99,99,100,16,0,0,0,+,-1,1
98,98,99,12,0,0,0,-,-1,1
97,97,99,7,99,42,99,+,-2,2
96,45,96,2,0,0,0,-,0,0
95,94,96,20,95,36,91,+,-1,1
94,95,95,7,96,60,83.5,+,-1,1
93,74,95,2,74,0,25.5,+,-2,2
92,92,95,17,89,0,96,+,-3,3
91,96,100,31,0,0,0,+,-9,9
90,90,97,15,0,0,0,-,-7,7
89,93,97,3,0,0,0,-,-8,8
88,72,100,43,76,64,0,-,-12,12
87,81,87,10,0,0,0,+,0,0
86,91,97,18,0,0,0,-,-11,11
85,88,93,19,93,58,91.5,-,-8,8
84,83,86,24,90,92,81,+,-2,2
83,86,97,21,99,42,99,+,-14,14
82,87,93,27,84,0,58.5,-,-11,11
81,79,89,5,80,0,70.5,+,-8,8
80,76,80,7,72,0,77.5,-,0,0
79,89,89,3,0,0,0,+,-10,10
78,84,100,24,0,0,0,-,-22,22
77,80,92,13,0,0,0,+,-15,15
76,82,95,21,0,0,0,-,-19,19
75,73,82,19,58,0,72.5,-,-7,7
74,68,78,6,51,0,0,+,-4,4
73,0,73,1,0,0,0,-,0,0
72,85,100,25,0,0,0,-,-28,28
71,71,97,15,85,8,87,+,-26,26
70,69,82,7,92,0,97.5,+,-12,12
69,78,85,3,0,0,0,+,-16,16
68,75,85,21,53,0,78,-,-17,17
67,0,67,1,0,0,0,-,0,0
66,65,73,10,0,0,0,+,-7,7
65,70,97,30,0,0,0,-,-32,32
64,0,64,1,0,0,0,-,0,0
63,77,90,26,15,0,0,-,-27,27
62,67,97,27,0,0,0,-,-35,35
61,66,68,11,73,0,84,+,-7,7
60,64,75,17,91,26,89.5,-,-15,15
59,62,67,18,94,0,98.5,-,-8,8
58,63,99,37,88,44,90,-,-41,41
57,59,64,13,56,0,64,+,-7,7
56,61,95,39,90,92,81,-,-39,39
55,52,83,2,100,56,100,+,-28,28
54,56,61,11,0,0,0,-,-7,7
53,0,53,1,0,0,0,-,0,0
52,51,60,11,0,0,0,-,-8,8
51,58,58,9,49,0,55,-,-7,7
50,50,77,8,0,0,0,+,-27,27
49,42,57,7,0,0,0,-,-8,8
48,0,60,12,12,0,0,-,-12,12
47,46,94,12,71,0,87.5,-,-47,47
46,43,47,10,8,0,0,-,-1,1
45,48,55,12,0,0,0,+,-10,10
44,39,51,17,37,0,85.5,+,-7,7
43,23,46,3,0,0,0,-,-3,3
42,36,60,4,50,0,28,+,-18,18
41,33,67,3,0,0,0,+,-26,26
40,44,44,3,0,0,0,-,-4,4
39,41,60,14,42,0,53,-,-21,21
38,40,54,9,0,0,0,-,-16,16
37,55,55,2,100,56,100,-,-18,18
36,38,63,10,89,0,96,-,-27,27
35,31,35,4,0,0,0,+,0,0
34,37,85,15,97,86,97,-,-51,51
33,25,41,6,61,0,68,+,-8,8
32,30,34,9,0,0,0,-,-2,2
31,28,39,6,45,0,61,+,-8,8
30,29,31,9,0,0,0,-,-1,1
29,5,29,3,0,0,0,-,0,0
28,57,57,2,18,0,42.5,-,-29,29
27,19,46,3,0,0,0,+,-19,19
26,35,95,8,98,90,76,+,-69,69
25,34,87,17,0,0,0,-,-62,62
24,16,58,19,0,0,76.5,-,-34,34
23,0,23,1,0,0,0,-,0,0
22,27,30,12,0,0,0,-,-8,8
21,7,45,13,84,0,58.5,+,-24,24
20,20,32,9,59,0,83,-,-12,12
19,49,49,2,0,0,0,+,-30,30
18,0,53,13,0,0,69,+,-35,35
17,14,32,6,0,0,0,-,-15,15
16,9,50,4,36,0,70,+,-34,34
15,11,50,17,0,0,68.5,+,-35,35
14,26,56,18,47,0,74,-,-42,42
13,32,78,19,46,14,34,-,-65,65
12,0,24,1,0,0,0,+,-12,12
11,21,50,16,0,0,0,-,-39,39
10,22,59,16,40,0,52.5,-,-49,49
9,0,9,1,0,0,0,-,0,0
8,15,48,4,0,0,0,+,-40,40
7,12,53,5,0,0,0,-,-46,46
6,13,19,7,0,0,24.5,-,-13,13
5,0,29,1,0,0,0,+,-24,24
4,1,13,3,11,0,43,-,-9,9
3,6,14,6,17,0,47.5,-,-11,11
2,3,3,4,1,0,11.5,-,-1,1
1,0,82,1,2,0,0,+,-81,81
100,100,100,7,99,96,79,+,0,0
99,98,100,15,0,0,0,+,-1,1
98,99,99,11,0,0,0,+,-1,1
97,94,99,6,98,0,99.5,+,-2,2
96,96,100,30,0,0,0,-,-4,4
95,90,95,6,94,64,86,-,0,0
94,93,96,19,92,58,89,+,-2,2
93,97,97,2,0,0,0,-,-4,4
92,91,95,16,91,36,97.5,+,-3,3
91,95,97,17,0,0,0,-,-6,6
90,92,97,14,0,0,0,+,-7,7
89,8,89,2,0,0,0,-,0,0
88,89,93,18,96,86,93,-,-5,5
87,86,93,26,75,0,64.5,-,-6,6
86,88,97,20,98,0,99.5,-,-11,11
85,85,100,24,0,0,0,-,-15,15
84,87,100,23,0,0,0,-,-16,16
83,82,86,23,93,90,91,+,-3,3
82,84,95,20,0,0,0,-,-13,13
81,81,81,9,0,0,0,+,0,0
80,79,92,12,0,0,0,-,-12,12
79,74,89,4,77,0,67.5,+,-10,10
78,59,85,2,0,0,0,-,-7,7
77,80,90,25,47,0,0,-,-13,13
76,71,80,6,67,0,77,+,-4,4
75,75,85,20,60,0,80,-,-10,10
74,0,95,1,69,0,31,+,-21,21
73,78,82,18,56,0,72,+,-9,9
72,76,100,42,62,0,0,+,-28,28
71,83,97,14,87,0,90.5,+,-26,26
70,73,97,29,0,0,0,-,-27,27
69,72,82,6,90,18,98,+,-13,13
68,67,78,5,42,0,0,+,-10,10
67,77,97,26,0,0,0,-,-30,30
66,44,68,10,78,0,87.5,-,-2,2
65,68,73,9,0,0,0,+,-8,8
64,70,75,16,95,0,95,-,-11,11
63,69,99,36,89,20,93.5,-,-36,36
62,66,67,17,64,0,0,-,-5,5
61,65,95,38,93,90,91,-,-34,34
60,0,60,1,99,96,79,-,0,0
59,62,64,12,51,0,57.5,-,-5,5
58,58,58,8,66,24,75,-,0,0
57,0,57,1,61,74,45.5,-,0,0
56,60,61,10,0,0,0,-,-5,5
55,0,55,1,100,52,100,-,0,0
54,64,96,37,0,0,0,-,-42,42
53,63,81,22,37,40,0,-,-28,28
52,0,83,1,100,52,100,+,-31,31
51,52,60,10,0,0,0,+,-9,9
50,57,77,7,0,0,0,+,-27,27
49,0,49,1,0,0,0,-,0,0
48,55,55,11,0,0,0,-,-7,7
47,0,47,1,100,52,100,-,0,0
46,51,94,11,71,0,88.5,+,-48,48
45,0,45,1,0,0,0,+,0,0
44,39,44,2,0,0,0,-,0,0
43,45,47,9,2,0,0,+,-4,4
42,46,57,6,0,0,0,+,-15,15
41,42,60,13,48,0,57,-,-19,19
40,54,54,8,0,0,0,-,-14,14
39,40,51,16,39,0,87,+,-12,12
38,56,63,9,91,36,97.5,-,-25,25
37,43,85,14,97,84,98.5,-,-48,48
36,35,60,3,45,0,32.5,+,-24,24
35,49,95,7,99,96,79,-,-60,60
34,41,87,16,0,0,0,-,-53,53
33,14,67,2,0,0,0,+,-34,34
32,50,78,18,53,0,49.5,-,-46,46
31,27,31,3,0,0,0,+,0,0
30,34,34,8,0,0,0,+,-4,4
29,31,31,8,0,0,0,+,-2,2
28,25,39,5,44,0,59.5,+,-11,11
27,28,30,11,0,0,0,-,-3,3
26,37,56,17,50,0,72.5,-,-30,30
25,29,41,5,52,0,58.5,+,-16,16
24,0,70,5,97,84,98.5,-,-46,46
23,16,46,2,0,0,0,+,-23,23
22,32,59,15,24,0,47.5,-,-37,37
21,23,50,15,0,0,0,-,-29,29
20,21,32,8,57,0,85.5,+,-12,12
19,5,46,2,0,0,0,+,-27,27
18,33,33,5,0,0,0,-,-15,15
17,36,46,9,35,0,0,-,-29,29
16,19,58,18,0,0,76.5,+,-42,42
15,48,48,3,0,0,0,-,-33,33
14,15,32,5,0,0,0,+,-18,18
13,18,19,6,1,0,33,-,-6,6
12,22,53,4,0,0,0,-,-41,41
11,12,50,16,0,0,69.5,+,-39,39
10,0,10,1,100,52,100,-,0,0
9,26,50,3,33,0,73,+,-41,41
8,0,8,2,0,0,0,-,0,0
7,10,45,12,75,0,64.5,+,-38,38
6,9,14,5,14,0,51.5,-,-8,8
5,13,29,2,0,0,0,+,-24,24
4,38,79,3,0,0,0,-,-75,75
3,3,3,3,6,30,16,-,0,0
2,0,2,1,100,52,100,-,0,0
1,7,13,2,22,0,56,+,-12,12
100,100,100,6,99,88,78,+,0,0
99,98,99,10,0,0,0,-,0,0
98,99,100,14,0,0,0,+,-2,2
97,0,97,1,0,0,0,-,0,0
96,94,100,29,0,0,0,+,-4,4
95,96,97,16,0,0,0,-,-2,2
94,64,99,5,100,38,99.5,+,-5,5
93,88,96,18,89,40,90,+,-3,3
92,85,97,13,0,0,0,-,-5,5
91,95,95,15,94,42,99,+,-4,4
90,91,95,5,92,44,87,+,-5,5
89,90,93,17,95,64,93,-,-4,4
88,86,97,19,100,38,99.5,-,-9,9
87,89,100,22,0,0,0,-,-13,13
86,93,93,25,81,0,68.5,+,-7,7
85,87,100,23,0,0,0,+,-15,15
84,92,95,19,0,0,0,-,-11,11
83,97,97,13,96,70,96.5,-,-14,14
82,82,86,22,88,48,79.5,+,-4,4
81,73,81,8,0,0,0,+,0,0
80,84,90,24,49,0,0,-,-10,10
79,78,92,11,0,0,0,+,-13,13
78,74,82,17,56,0,72.5,-,-4,4
77,83,97,25,0,0,0,-,-20,20
76,76,100,41,66,0,0,-,-24,24
75,77,85,19,54,0,76.5,+,-10,10
74,80,89,3,75,0,61,+,-15,15
73,81,97,28,0,0,0,-,-24,24
72,75,82,5,93,0,98.5,-,-10,10
71,70,80,5,59,0,69,+,-9,9
70,71,75,15,98,62,97.5,-,-5,5
69,72,99,35,90,60,94,-,-30,30
68,62,73,8,0,0,0,-,-5,5
67,60,78,4,26,0,0,+,-11,11
66,61,67,16,60,0,0,-,-1,1
65,65,95,37,88,48,79.5,-,-30,30
64,66,96,36,0,0,0,-,-32,32
63,68,81,21,28,0,0,-,-18,18
62,55,64,11,37,0,53,-,-2,2
61,67,89,29,0,0,0,-,-28,28
60,53,61,9,0,0,0,-,-1,1
59,0,85,1,0,0,0,+,-26,26
58,45,58,7,36,12,0,+,0,0
57,49,77,6,0,0,0,-,-20,20
56,63,63,8,94,42,99,-,-7,7
55,54,55,10,0,0,0,-,0,0
54,35,54,7,0,0,0,-,0,0
53,59,96,21,0,0,0,-,-43,43
52,48,60,9,0,0,0,-,-8,8
51,50,94,10,62,0,85.5,-,-43,43
50,56,78,17,69,2,64,-,-28,28
49,39,95,6,99,88,78,-,-46,46
48,0,48,2,0,0,0,-,0,0
47,0,47,1,0,0,0,-,0,0
46,40,57,5,0,0,0,-,-11,11
45,38,47,8,0,0,0,-,-2,2
44,24,68,9,72,0,82.5,+,-24,24
43,41,85,13,97,82,98,-,-42,42
42,42,60,12,39,0,61.5,-,-18,18
41,44,87,15,0,0,0,-,-46,46
40,36,51,15,31,0,85,-,-11,11
39,0,44,1,0,0,0,+,-5,5
38,79,79,2,0,0,0,-,-41,41
37,43,56,16,57,0,71.5,-,-19,19
36,46,46,8,0,0,0,-,-10,10
35,58,60,2,38,0,38,+,-25,25
34,26,34,7,0,0,0,-,0,0
33,32,33,4,0,0,0,-,0,0
32,37,59,14,29,0,43.5,-,-27,27
31,29,31,7,0,0,0,-,0,0
30,0,30,1,78,0,75.5,-,0,0
29,21,41,4,40,0,58,-,-12,12
28,23,30,10,0,0,0,-,-2,2
27,6,27,2,0,0,0,+,0,0
26,7,50,2,73,0,91.5,-,-24,24
25,17,39,4,53,0,73,+,-14,14
24,0,24,1,0,0,0,-,0,0
23,34,50,14,0,0,0,-,-27,27
22,28,53,3,0,0,0,-,-31,31
21,22,32,7,64,0,88,-,-11,11
20,30,47,8,0,0,37,-,-27,27
19,20,58,17,0,0,77,-,-39,39
18,19,19,5,7,0,29,-,-1,1
17,0,17,1,19,20,17,-,0,0
16,0,46,1,0,0,0,+,-30,30
15,11,32,4,0,0,0,-,-17,17
14,0,67,1,0,0,0,+,-53,53
13,0,29,1,0,0,0,-,-16,16
12,16,50,15,0,0,67,-,-38,38
11,13,55,20,0,0,0,-,-44,44
10,18,45,11,81,0,68.5,-,-35,35
9,0,14,4,16,0,46,-,-5,5
8,0,8,1,0,0,0,+,0,0
7,0,13,1,30,0,70.5,-,-6,6
6,0,18,15,89,40,90,-,-12,12
5,0,46,1,0,0,0,+,-41,41
4,2,4,3,0,0,0,-,0,0
3,0,3,2,4,24,14,+,0,0
2,3,53,12,0,0,65.5,-,-51,51
1,0,13,2,0,0,0,-,-12,12
100,100,100,5,98,64,74,+,0,0
99,99,100,13,0,0,0,-,-1,1
98,98,99,9,0,0,0,+,-1,1
97,0,97,12,100,98,99.5,-,0,0
96,97,97,15,0,0,0,-,-1,1
95,86,95,14,99,72,100,-,0,0
94,96,100,28,0,0,0,+,-6,6
93,91,93,24,85,0,85.5,-,0,0
92,95,95,18,0,0,0,-,-3,3
91,90,95,4,92,24,88.5,-,-4,4
90,93,93,16,95,86,93,-,-3,3
89,94,100,21,0,0,0,-,-11,11
88,87,96,17,91,62,90.5,+,-8,8
87,92,100,22,0,0,0,-,-13,13
86,89,97,18,97,0,97,+,-11,11
85,85,97,12,0,0,0,+,-12,12
84,84,90,23,61,0,0,-,-6,6
83,88,97,24,0,0,0,-,-14,14
82,80,86,21,86,50,82.5,+,-4,4
81,83,97,27,0,0,0,-,-16,16
80,63,89,2,84,0,68,-,-9,9
79,0,79,1,0,0,0,-,0,0
78,77,92,10,0,0,0,+,-14,14
77,81,85,18,63,0,81.5,-,-8,8
76,79,100,40,64,0,0,+,-24,24
75,82,82,4,94,4,99,-,-7,7
74,72,82,16,55,0,74.5,+,-8,8
73,74,74,7,0,0,0,+,-1,1
72,78,99,34,89,28,91.5,-,-27,27
71,73,75,14,90,0,90,-,-4,4
70,64,80,4,68,0,79,+,-10,10
69,71,100,52,0,0,0,-,-31,31
68,76,81,20,53,20,0,-,-13,13
67,75,89,28,0,0,0,-,-22,22
66,70,96,35,0,0,0,-,-30,30
65,69,95,36,86,50,82.5,+,-30,30
64,44,99,4,97,0,97,+,-35,35
63,27,63,7,99,72,100,-,0,0
62,62,73,7,0,0,0,+,-11,11
61,67,67,15,59,0,0,+,-6,6
60,37,78,3,21,0,0,+,-18,18
59,68,96,20,0,0,0,-,-37,37
58,0,60,1,77,0,54,-,-2,2
57,65,98,52,0,0,0,-,-41,41
56,66,78,16,76,0,61.5,-,-22,22
55,58,64,10,43,0,57.5,+,-9,9
54,55,55,9,0,0,0,+,-1,1
53,57,61,8,0,0,0,+,-8,8
52,61,83,23,0,0,0,-,-31,31
51,0,99,35,100,98,99.5,-,-48,48
50,54,94,9,70,0,89,+,-44,44
49,41,77,5,0,0,0,+,-28,28
48,50,60,8,0,0,0,+,-12,12
47,48,48,20,22,0,30.5,-,-1,1
46,45,46,7,7,0,0,-,0,0
45,42,58,6,39,0,0,+,-13,13
44,47,87,14,0,0,0,-,-43,43
43,56,56,15,54,0,72,-,-13,13
42,60,60,11,60,0,76.5,+,-18,18
41,46,85,12,96,68,98,+,-44,44
40,40,57,4,0,0,0,+,-17,17
39,51,95,5,98,64,74,+,-56,56
38,33,47,7,0,0,0,+,-9,9
37,49,59,13,42,0,49.5,-,-22,22
36,34,51,14,36,0,87.5,+,-15,15
35,31,54,6,0,0,0,+,-19,19
34,36,50,13,0,0,0,-,-16,16
33,0,33,1,37,0,40.5,-,0,0
32,14,33,3,0,0,0,+,-1,1
31,0,31,1,0,0,0,-,0,0
30,38,47,7,20,0,53.5,-,-17,17
29,19,31,6,0,0,0,+,-2,2
28,53,53,2,0,0,0,-,-25,25
27,0,27,1,99,72,100,-,0,0
26,20,34,6,0,0,0,+,-8,8
25,0,25,1,99,72,100,-,0,0
24,25,68,8,75,0,87,+,-44,44
23,22,30,9,0,0,0,+,-7,7
22,32,32,6,80,0,94.5,-,-10,10
21,15,41,3,65,0,66.5,+,-20,20
20,28,58,16,0,0,83,-,-38,38
19,18,19,4,18,0,34,-,0,0
18,24,45,10,85,0,85.5,-,-27,27
17,6,39,3,48,0,60.5,+,-22,22
16,23,50,14,0,0,71,-,-34,34
15,0,15,1,99,72,100,-,0,0
14,0,14,1,0,0,0,-,0,0
13,16,55,19,0,0,0,-,-42,42
12,0,12,1,0,0,0,-,0,0
11,21,32,3,0,0,18,+,-21,21
10,12,27,13,25,0,59.5,-,-17,17
9,26,60,11,0,0,0,+,-51,51
8,0,8,1,0,0,0,-,0,0
7,0,50,1,5,0,0,+,-43,43
6,0,6,1,0,0,0,+,0,0
5,9,30,8,0,0,0,-,-25,25
4,0,4,1,0,0,0,-,0,0
3,7,53,11,17,0,73,-,-50,50
2,1,4,2,0,0,0,+,-2,2
1,43,43,2,0,0,0,-,-42,42
100,99,100,4,99,92,78,+,0,0
99,100,100,12,0,0,0,+,-1,1
98,96,99,8,0,0,0,+,-1,1
97,97,97,14,0,0,0,-,0,0
96,98,100,27,0,0,0,-,-4,4
95,94,95,17,0,0,0,-,0,0
94,93,100,20,0,0,0,-,-6,6
93,92,93,15,96,90,94,-,0,0
92,95,100,21,0,0,0,-,-8,8
91,91,93,23,84,0,71.5,+,-2,2
90,88,95,3,94,50,91,+,-5,5
89,90,97,17,95,0,97,-,-8,8
88,89,97,23,0,0,0,-,-9,9
87,87,96,16,93,96,92,+,-9,9
86,86,95,13,80,0,28.5,+,-9,9
85,83,97,11,0,0,0,+,-12,12
84,84,90,22,65,0,0,+,-6,6
83,85,97,26,0,0,0,-,-14,14
82,64,82,3,100,46,100,-,0,0
81,82,85,17,71,0,86,-,-4,4
80,80,86,20,88,88,83,+,-6,6
79,78,100,39,64,0,0,-,-21,21
78,79,99,33,91,28,92.5,-,-21,21
77,69,92,9,0,0,0,+,-15,15
76,77,81,19,70,70,0,-,-5,5
75,81,89,27,0,0,0,-,-14,14
74,72,74,6,0,0,0,-,0,0
73,75,75,13,89,0,89,-,-2,2
72,70,82,15,48,0,73,+,-10,10
71,74,100,51,0,0,0,-,-29,29
70,76,96,34,0,0,0,-,-26,26
69,73,95,35,88,88,83,-,-26,26
68,71,96,19,0,0,0,-,-28,28
67,66,67,14,45,0,0,-,0,0
66,68,78,15,66,0,59,-,-12,12
65,67,98,51,0,0,0,-,-33,33
64,49,80,3,68,0,79.5,+,-16,16
63,0,89,1,83,0,67,+,-26,26
62,43,73,6,0,0,0,+,-11,11
61,63,83,22,0,0,0,-,-22,22
60,41,60,10,87,0,96.5,-,0,0
59,65,77,21,63,0,78.5,-,-18,18
58,57,64,9,43,0,59.5,-,-6,6
57,61,61,7,0,0,0,-,-4,4
56,56,56,14,60,0,74,-,0,0
55,44,55,8,0,0,0,-,0,0
54,55,94,8,78,0,93,-,-40,40
53,0,53,1,0,0,0,-,0,0
52,60,65,21,0,0,0,-,-13,13
51,62,95,4,99,92,78,-,-44,44
50,52,60,7,0,0,0,-,-10,10
49,59,59,12,42,0,51,-,-10,10
48,48,48,19,20,0,25,-,0,0
47,54,87,13,0,0,0,-,-40,40
46,51,85,11,97,36,98.5,-,-39,39
45,46,46,6,0,0,0,+,-1,1
44,19,99,3,95,0,97,+,-55,55
43,0,43,1,0,0,0,-,0,0
42,45,58,5,29,0,0,+,-16,16
41,37,77,4,0,0,0,+,-36,36
40,24,57,3,0,0,0,+,-17,17
39,0,39,1,100,46,100,-,0,0
38,47,47,6,26,0,62,-,-9,9
37,14,78,2,0,0,0,+,-41,41
36,42,50,12,0,0,0,-,-14,14
35,0,35,1,0,0,0,-,0,0
34,50,51,13,36,0,90.5,+,-17,17
33,39,47,6,0,0,0,+,-14,14
32,22,32,5,98,0,99.5,-,0,0
31,38,54,5,0,0,0,+,-23,23
30,0,30,1,0,0,0,-,0,0
29,0,29,1,100,46,100,-,0,0
28,40,58,15,0,0,85.5,-,-30,30
27,29,63,6,80,0,28.5,+,-36,36
26,36,60,10,0,0,0,-,-34,34
25,26,68,7,77,0,89.5,-,-43,43
24,33,45,9,84,0,71.5,-,-21,21
23,34,50,13,0,0,76.5,-,-27,27
22,30,30,8,0,0,0,+,-8,8
21,15,32,2,51,0,85,-,-11,11
20,27,34,5,0,0,0,+,-14,14
19,13,31,5,0,0,0,+,-12,12
18,18,19,3,14,0,36.5,+,-1,1
17,21,21,3,0,0,0,-,-4,4
16,32,55,18,0,0,0,-,-39,39
15,20,41,2,37,0,57.5,+,-26,26
14,17,33,2,0,0,0,+,-19,19
13,0,13,1,0,0,0,-,0,0
12,23,27,12,8,0,43.5,-,-15,15
11,35,53,16,27,0,32,-,-42,42
10,31,42,18,0,0,0,-,-32,32
9,28,30,7,0,0,0,-,-21,21
8,0,8,1,0,0,0,-,0,0
7,25,53,10,1,0,75.5,-,-46,46
6,8,39,2,46,0,61.5,+,-33,33
5,16,18,14,93,96,92,-,-13,13
4,11,14,3,18,0,46.5,-,-10,10
3,12,41,10,0,6,0,-,-38,38
2,0,3,1,15,12,47,-,-1,1
1,0,4,1,0,0,0,+,-3,3
100,100,100,11,0,0,0,-,0,0
99,99,100,3,99,78,76,+,-1,1
98,97,100,26,0,0,0,-,-2,2
97,95,97,13,0,0,0,+,0,0
96,93,99,7,0,0,0,+,-3,3
95,98,100,20,0,0,0,-,-5,5
94,92,95,16,0,0,0,+,-1,1
93,96,100,19,0,0,0,+,-7,7
92,90,93,14,98,30,96,+,-1,1
91,88,93,22,88,0,79.5,+,-2,2
90,91,97,16,96,26,98.5,-,-7,7
89,89,97,22,0,0,0,-,-8,8
88,94,95,2,95,52,92,+,-7,7
87,84,96,15,94,90,94,+,-9,9
86,86,95,12,85,32,41,+,-9,9
85,85,97,25,0,0,0,-,-12,12
84,87,90,21,54,0,0,+,-6,6
83,82,97,10,0,0,0,+,-14,14
82,79,85,16,73,0,87,-,-3,3
81,78,89,26,0,0,0,-,-8,8
80,76,86,19,91,80,86,+,-6,6
79,81,99,32,93,24,93.5,-,-20,20
78,77,100,38,64,0,0,+,-22,22
77,72,81,18,66,18,0,-,-4,4
76,80,96,33,0,0,0,-,-20,20
75,67,75,12,92,0,89.5,-,0,0
74,74,100,50,0,0,0,-,-26,26
73,75,95,34,91,80,86,-,-22,22
72,69,72,5,0,0,0,+,0,0
71,83,96,18,6,0,0,-,-25,25
70,71,82,14,44,0,74.5,+,-12,12
69,63,92,8,0,0,0,+,-23,23
68,70,78,14,70,6,66.5,-,-10,10
67,68,98,50,0,0,0,-,-31,31
66,60,67,13,45,0,0,+,-1,1
65,66,77,20,72,0,82,-,-12,12
64,58,82,2,90,0,0,+,-18,18
63,62,83,21,0,0,0,-,-20,20
62,73,95,3,99,78,76,-,-33,33
61,56,61,6,0,0,0,-,0,0
60,64,65,20,0,0,0,-,-5,5
59,50,59,11,55,0,63,-,0,0
58,61,72,26,0,0,0,-,-14,14
57,44,64,8,43,0,61.5,+,-7,7
56,46,56,13,59,0,73.5,+,0,0
55,53,94,7,84,0,95.5,-,-39,39
54,52,87,12,0,0,0,-,-33,33
53,59,99,27,0,0,0,-,-46,46
52,57,60,6,0,0,0,-,-8,8
51,65,85,10,100,64,100,-,-34,34
50,30,51,12,52,0,93,-,-1,1
49,2,80,2,65,0,78,+,-31,31
48,47,48,18,19,0,16,+,0,0
47,16,47,5,33,0,65.5,-,0,0
46,35,46,5,0,0,0,-,0,0
45,48,58,4,35,0,0,-,-13,13
44,39,55,7,0,0,0,+,-11,11
43,20,73,5,0,0,0,+,-30,30
42,49,50,11,0,0,0,-,-8,8
41,32,60,9,30,0,0,+,-19,19
40,51,58,14,0,0,87.5,-,-18,18
39,25,47,5,0,0,0,-,-8,8
38,26,54,4,0,0,0,-,-16,16
37,31,77,3,0,0,0,+,-40,40
36,34,60,9,0,0,0,-,-24,24
35,43,53,15,36,0,38.5,-,-18,18
34,42,50,12,0,0,82.5,-,-16,16
33,45,45,8,88,0,79.5,-,-12,12
32,37,55,17,0,0,0,-,-23,23
31,33,42,17,1,0,0,-,-11,11
30,27,30,7,0,0,0,-,0,0
29,36,63,5,85,32,41,-,-34,34
28,29,30,6,0,0,0,-,-2,2
27,9,34,4,0,0,0,-,-7,7
26,40,68,6,82,0,91,-,-42,42
25,38,53,9,13,0,81.5,-,-28,28
24,13,57,2,0,0,0,+,-33,33
23,19,27,11,0,0,35.5,-,-4,4
22,12,32,4,22,0,0,+,-10,10
21,0,21,2,0,0,0,-,0,0
20,0,41,1,42,0,57,-,-21,21
19,0,99,2,96,26,98.5,+,-80,80
18,6,19,2,4,0,45,+,-1,1
17,0,33,1,0,0,0,-,-16,16
16,14,18,13,94,90,94,-,-2,2
15,0,32,1,0,0,0,+,-17,17
14,0,78,1,0,0,0,+,-64,64
13,22,31,4,0,0,0,+,-18,18
12,41,41,9,0,22,0,-,-29,29
11,3,14,2,26,0,52,-,-3,3
10,0,48,2,97,0,99.5,-,-38,38
9,0,9,1,0,0,0,-,0,0
8,0,39,1,38,0,66,-,-31,31
7,0,8,1,0,0,0,-,-1,1
6,28,73,14,0,0,0,-,-67,67
5,18,42,18,0,0,32,-,-37,37
4,0,97,11,48,8,71,-,-93,93
3,7,41,4,0,0,0,-,-38,38
2,21,21,4,0,0,0,-,-19,19
1,0,1,1,0,0,0,-,0,0
100,99,100,10,0,0,0,+,0,0
99,100,100,2,99,92,82,+,-1,1
98,98,100,19,0,0,0,-,-2,2
97,96,100,25,0,0,0,+,-3,3
96,97,100,18,0,0,0,-,-4,4
95,91,97,12,0,0,0,+,-2,2
94,0,95,1,98,0,95,-,-1,1
93,89,99,6,0,0,0,+,-6,6
92,93,95,15,0,0,0,+,-3,3
91,94,97,15,97,20,98,-,-6,6
90,90,93,13,96,24,96.5,+,-3,3
89,92,97,21,0,0,0,+,-8,8
88,88,93,21,86,0,80.5,+,-5,5
87,86,90,20,63,0,0,-,-3,3
86,85,95,11,77,0,24,+,-9,9
85,87,97,24,0,0,0,+,-12,12
84,82,96,14,93,50,94.5,+,-12,12
83,84,96,17,28,0,0,-,-13,13
82,79,97,9,0,0,0,+,-15,15
81,83,99,31,95,42,93.5,-,-18,18
80,81,96,32,0,0,0,-,-16,16
79,77,85,15,74,0,88.5,+,-6,6
78,80,89,25,0,0,0,+,-11,11
77,76,100,37,64,0,0,+,-23,23
76,78,86,18,90,86,88,+,-10,10
75,75,95,33,90,86,88,-,-20,20
74,74,100,49,0,0,0,+,-26,26
73,95,95,2,99,92,82,-,-22,22
72,73,81,17,65,48,0,+,-9,9
71,70,82,13,41,0,73.5,-,-11,11
70,71,78,13,73,0,72,-,-8,8
69,59,69,4,0,0,0,+,0,0
68,69,98,49,0,0,0,-,-30,30
67,68,75,11,91,0,90,+,-8,8
66,72,77,19,76,0,83.5,-,-11,11
65,54,85,9,100,88,100,-,-20,20
64,65,65,19,0,0,0,-,-1,1
63,50,92,7,0,0,0,+,-29,29
62,66,83,20,0,0,0,+,-21,21
61,64,72,25,0,0,0,-,-11,11
60,58,67,12,43,0,0,+,-7,7
59,63,99,26,0,0,0,-,-40,40
58,0,82,1,89,0,0,+,-24,24
57,57,60,5,0,0,0,-,-3,3
56,56,61,5,0,0,0,+,-5,5
55,61,61,28,81,0,80,-,-6,6
54,67,77,23,0,0,0,-,-23,23
53,53,94,6,88,0,97,+,-41,41
52,51,87,11,0,0,0,+,-35,35
51,55,58,13,0,0,89,-,-7,7
50,48,59,10,55,0,58,+,-9,9
49,47,50,10,0,0,0,-,-1,1
48,38,58,3,51,12,0,-,-10,10
47,46,48,17,19,0,19.5,+,-1,1
46,45,56,12,62,0,78.5,+,-10,10
45,42,45,7,86,0,80.5,-,0,0
44,43,64,7,38,0,56,+,-20,20
43,52,53,14,50,0,42.5,-,-10,10
42,40,50,11,16,0,86.5,-,-8,8
41,41,41,8,0,64,0,-,0,0
40,37,68,5,85,26,93,-,-28,28
39,35,55,6,0,0,0,+,-16,16
38,29,53,8,36,0,85.5,-,-15,15
37,44,55,16,14,0,0,-,-18,18
36,39,63,4,77,0,24,-,-27,27
35,36,46,4,0,0,0,+,-11,11
34,34,60,8,0,0,0,+,-26,26
33,17,42,16,1,0,0,-,-9,9
32,33,60,8,6,0,0,+,-28,28
31,24,77,2,0,0,0,+,-46,46
30,28,51,11,40,0,91.5,+,-21,21
29,30,30,5,0,0,0,-,-1,1
28,32,73,13,0,0,0,-,-45,45
27,21,30,6,0,0,0,+,-3,3
26,18,54,3,0,0,0,+,-28,28
25,19,47,4,0,0,0,+,-22,22
24,0,24,1,78,0,74.5,-,0,0
23,27,27,5,11,0,0,-,-4,4
22,7,31,3,0,0,0,-,-9,9
21,14,21,3,0,0,0,-,0,0
20,16,73,4,0,0,0,+,-53,53
19,23,27,10,0,0,35,+,-8,8
18,25,42,17,0,0,13.5,-,-24,24
17,31,88,6,88,0,97,-,-71,71
16,10,47,4,0,0,43.5,+,-31,31
15,13,15,4,0,0,0,-,0,0
14,15,18,12,93,50,94.5,+,-4,4
13,0,57,1,0,0,0,+,-44,44
12,8,32,3,5,0,0,+,-20,20
11,22,23,5,70,0,92.5,-,-12,12
10,20,36,8,0,0,0,-,-26,26
9,6,34,3,0,0,0,+,-25,25
8,9,83,16,0,0,0,-,-75,75
7,0,41,3,0,0,0,-,-34,34
6,0,19,1,0,0,37,+,-13,13
5,2,49,6,0,0,0,-,-44,44
4,11,11,3,40,0,91.5,-,-7,7
3,0,14,1,20,0,51.5,+,-11,11
2,0,80,1,22,0,57,+,-78,78
1,0,15,12,0,0,65.5,-,-14,14
100,0,100,1,100,96,87.5,-,0,0
99,100,100,9,0,0,0,+,-1,1
98,99,100,18,0,0,0,+,-2,2
97,97,100,17,0,0,0,-,-3,3
96,98,100,24,0,0,0,+,-4,4
95,0,95,1,100,96,87.5,-,0,0
94,96,97,14,98,32,98.5,-,-3,3
93,94,95,14,0,0,0,-,-2,2
92,95,97,20,0,0,0,-,-5,5
91,91,97,11,0,0,0,+,-6,6
90,92,93,12,97,62,97,+,-3,3
89,87,99,5,0,0,0,+,-10,10
88,89,93,20,88,0,83,+,-5,5
87,93,97,23,0,0,0,-,-10,10
86,85,90,19,58,0,0,+,-4,4
85,83,95,10,70,0,22.5,+,-10,10
84,90,96,16,16,0,0,-,-12,12
83,88,99,30,96,0,94,-,-16,16
82,80,96,13,93,24,95,+,-14,14
81,86,96,31,0,0,0,-,-15,15
80,84,89,24,0,0,0,-,-9,9
79,76,97,8,0,0,0,+,-18,18
78,82,86,17,95,82,92,-,-8,8
77,79,85,14,73,0,88,+,-8,8
76,81,100,36,62,0,0,+,-24,24
75,78,95,32,95,82,92,+,-20,20
74,75,100,48,0,0,0,+,-26,26
73,74,81,16,66,58,0,-,-8,8
72,71,77,18,78,0,84.5,-,-5,5
71,70,78,12,77,0,75,-,-7,7
70,64,82,12,40,0,74.5,+,-12,12
69,72,98,48,0,0,0,-,-29,29
68,63,75,10,92,0,89.5,-,-7,7
67,73,77,22,0,0,0,-,-10,10
66,69,83,19,0,0,0,-,-17,17
65,65,65,18,0,0,0,-,0,0
64,66,72,24,0,0,0,-,-8,8
63,67,99,25,0,0,0,-,-36,36
62,77,82,20,0,0,0,-,-20,20
61,61,61,27,80,0,82,-,0,0
60,68,91,39,0,0,0,-,-31,31
59,39,59,3,0,0,0,+,0,0
58,57,67,11,41,0,0,+,-9,9
57,49,60,4,0,0,0,+,-3,3
56,48,61,4,0,0,0,+,-5,5
55,58,58,12,0,0,88.5,-,-3,3
54,52,85,8,99,76,100,+,-31,31
53,54,94,5,90,0,98,+,-41,41
52,53,53,13,57,0,45.5,-,-1,1
51,56,87,10,0,0,0,+,-36,36
50,40,92,6,0,0,0,+,-42,42
49,59,71,20,0,0,0,-,-22,22
48,47,59,9,54,0,51,+,-11,11
47,50,50,9,0,0,0,+,-3,3
46,45,48,16,0,0,2.5,+,-2,2
45,44,56,11,60,0,77.5,+,-11,11
44,55,55,15,9,0,0,-,-11,11
43,42,64,6,32,0,54,+,-21,21
42,43,45,6,88,0,83,+,-3,3
41,29,41,7,0,72,0,+,0,0
40,41,50,10,0,0,0,+,-10,10
39,24,63,3,70,0,22.5,-,-24,24
38,7,58,2,44,46,0,+,-20,20
37,30,68,4,87,0,92.5,+,-31,31
36,32,46,3,0,0,0,-,-10,10
35,46,55,5,0,0,0,+,-20,20
34,60,60,7,0,0,0,+,-26,26
33,33,60,7,0,0,0,-,-27,27
32,38,73,12,0,0,0,-,-41,41
31,37,88,5,90,0,98,-,-57,57
30,28,30,4,0,0,0,-,0,0
29,20,53,7,26,0,82.5,+,-24,24
28,25,51,10,31,0,91,+,-23,23
27,26,27,4,7,0,0,-,0,0
26,34,54,18,0,0,0,-,-28,28
25,35,42,16,0,0,13.5,-,-17,17
24,0,77,1,0,0,0,+,-53,53
23,27,27,9,4,0,43,-,-4,4
22,23,23,4,82,0,95.5,-,-1,1
21,22,30,5,0,0,0,+,-9,9
20,36,36,7,0,0,0,-,-16,16
19,14,47,3,0,0,0,+,-28,28
18,9,54,2,0,0,0,+,-36,36
17,10,42,15,0,0,0,+,-25,25
16,11,73,3,0,0,0,+,-57,57
15,18,18,11,93,24,95,-,-3,3
14,1,21,2,0,0,0,+,-7,7
13,12,15,3,0,0,0,+,-2,2
12,0,12,1,63,0,66.5,-,0,0
11,8,11,2,31,0,91,-,0,0
10,16,47,3,0,0,40,+,-37,37
9,21,83,15,0,0,0,-,-74,74
8,6,32,2,0,0,0,+,-24,24
7,0,31,2,0,0,0,+,-24,24
6,0,34,2,0,0,0,+,-28,28
5,15,97,10,55,48,75.5,-,-92,92
4,19,90,5,90,0,98,-,-86,86
3,0,18,8,0,0,0,-,-15,15
2,2,49,5,0,0,0,+,-47,47
1,0,21,1,0,0,0,-,-20,20
100,99,100,8,0,0,0,-,0,0
99,100,100,17,0,0,0,-,-1,1
98,97,100,23,0,0,0,-,-2,2
97,98,100,16,0,0,0,+,-3,3
96,96,97,13,98,20,99,-,-1,1
95,94,97,19,0,0,0,-,-2,2
94,90,95,13,0,0,0,-,-1,1
93,93,97,22,0,0,0,-,-4,4
92,92,93,11,99,78,98.5,-,-1,1
91,89,97,10,0,0,0,+,-6,6
90,95,96,15,51,0,0,-,-6,6
89,86,93,19,89,0,84.5,-,-4,4
88,88,99,29,97,0,97,-,-11,11
87,79,99,4,0,0,0,+,-12,12
86,91,96,30,0,0,0,-,-10,10
85,87,90,18,57,0,0,+,-5,5
84,83,89,23,0,0,0,-,-5,5
83,80,95,9,67,0,11.5,+,-12,12
82,84,86,16,96,88,94.5,-,-4,4
81,76,100,35,66,0,0,-,-19,19
80,78,96,12,93,62,92.5,+,-16,16
79,85,85,13,68,0,86.5,-,-6,6
78,77,95,31,96,88,94.5,-,-17,17
77,82,82,19,22,0,0,-,-5,5
76,67,97,7,0,0,0,+,-21,21
75,71,100,47,0,0,0,-,-25,25
74,81,81,15,71,82,0,-,-7,7
73,75,77,21,0,0,0,-,-4,4
72,64,98,47,0,0,0,-,-26,26
71,73,77,17,76,0,84,+,-6,6
70,62,78,11,75,0,73.5,+,-8,8
69,74,83,18,0,0,0,-,-14,14
68,70,91,38,0,0,0,-,-23,23
67,63,99,24,0,0,0,-,-32,32
66,72,72,23,0,0,0,-,-6,6
65,65,65,17,0,0,0,+,0,0
64,51,82,11,13,0,66,+,-18,18
63,57,75,9,91,8,90.5,+,-12,12
62,61,81,34,29,0,37.5,-,-19,19
61,59,61,26,85,0,79,+,0,0
60,52,60,6,0,0,0,-,0,0
59,56,71,19,0,0,0,-,-12,12
58,58,58,11,0,0,88.5,-,0,0
57,46,67,10,43,0,0,+,-10,10
56,49,87,9,0,0,0,-,-31,31
55,53,55,14,11,0,14,-,0,0
54,55,94,4,94,0,98,-,-40,40
53,47,53,12,55,0,58,-,0,0
52,48,85,7,100,28,100,+,-33,33
51,45,51,20,0,0,0,-,0,0
50,38,50,8,0,0,0,-,0,0
49,44,60,3,0,0,0,+,-11,11
48,43,61,3,0,0,0,+,-13,13
47,41,59,8,69,0,79.5,+,-12,12
46,24,55,4,0,0,0,-,-9,9
45,34,48,15,0,0,0,+,-3,3
44,42,56,10,56,0,75.5,+,-12,12
43,32,45,5,89,0,84.5,-,-2,2
42,37,64,5,17,0,50.5,+,-22,22
41,50,50,9,0,0,0,-,-9,9
40,23,92,5,0,0,0,+,-52,52
39,21,39,2,0,0,0,+,0,0
38,35,73,11,0,0,0,-,-35,35
37,40,88,4,94,0,98,-,-51,51
36,28,36,6,0,0,0,-,0,0
35,29,42,15,0,0,12.5,-,-7,7
34,39,54,17,0,0,0,-,-20,20
33,20,60,6,0,0,0,+,-27,27
32,22,46,2,0,0,0,+,-14,14
31,31,31,12,31,0,0,-,0,0
30,25,68,3,90,0,92,+,-38,38
29,17,41,6,0,34,0,+,-12,12
28,27,30,3,0,0,0,+,-2,2
27,10,27,8,26,0,67,-,0,0
26,26,27,3,16,0,0,+,-1,1
25,16,51,9,49,0,91,+,-26,26
24,30,63,2,67,0,11.5,+,-39,39
23,12,23,3,58,0,89.5,-,0,0
22,19,30,4,0,0,0,-,-8,8
21,13,83,14,0,0,0,-,-62,62
20,14,53,6,39,0,87.5,+,-33,33
19,33,90,4,94,0,98,-,-71,71
18,7,18,10,93,62,92.5,-,0,0
17,69,78,11,78,0,80,-,-61,61
16,3,47,2,0,0,25.5,-,-31,31
15,18,97,9,44,0,76,-,-82,82
14,11,47,2,0,0,0,+,-33,33
13,1,13,2,0,0,0,-,0,0
12,5,15,2,0,0,0,+,-3,3
11,0,73,2,0,0,0,+,-62,62
10,9,42,14,0,0,0,+,-32,32
9,0,54,1,0,0,0,+,-45,45
8,0,11,1,49,0,91,+,-3,3
7,0,58,1,34,0,0,+,-51,51
6,0,32,1,0,0,0,+,-26,26
5,15,15,11,0,0,53.5,-,-10,10
4,0,31,11,0,0,0,-,-27,27
3,0,8,2,0,0,0,-,-5,5
2,8,49,4,0,0,0,+,-47,47
1,0,21,1,0,0,0,+,-20,20
100,99,100,16,0,0,0,-,0,0
99,88,100,7,0,0,0,+,-1,1
98,100,100,15,0,0,0,-,-2,2
97,98,100,22,0,0,0,+,-3,3
96,97,97,12,97,14,99,+,-1,1
95,96,96,14,71,0,0,-,-1,1
94,95,97,18,0,0,0,+,-3,3
93,94,97,21,0,0,0,+,-4,4
92,91,93,10,98,72,96.5,+,-1,1
91,86,96,29,0,0,0,-,-5,5
90,93,95,12,0,0,0,+,-5,5
89,92,97,9,0,0,0,+,-8,8
88,89,99,28,96,0,97,+,-11,11
87,90,90,17,63,0,0,-,-3,3
86,87,93,18,86,6,75.5,+,-7,7
85,77,85,12,73,0,82.5,-,0,0
84,73,86,15,94,88,95,-,-2,2
83,84,89,22,0,0,0,+,-6,6
82,82,82,18,38,0,0,-,0,0
81,64,81,14,70,60,0,-,0,0
80,80,95,8,64,0,0,+,-15,15
79,83,99,3,0,0,0,+,-20,20
78,81,96,11,88,42,86.5,+,-18,18
77,75,95,30,94,88,95,+,-18,18
76,69,100,34,55,0,0,+,-24,24
75,71,77,20,0,0,0,-,-2,2
74,79,83,17,0,0,0,-,-9,9
73,68,77,16,69,0,80,-,-4,4
72,62,72,22,0,0,0,-,0,0
71,65,100,46,0,0,0,+,-29,29
70,70,91,37,0,0,0,-,-21,21
69,78,78,10,99,38,100,-,-9,9
68,0,100,22,0,0,0,-,-32,32
67,76,97,6,0,0,0,+,-30,30
66,85,90,19,41,0,74,-,-24,24
65,58,65,16,0,0,0,+,0,0
64,67,98,46,0,0,0,+,-34,34
63,63,99,23,0,0,0,+,-36,36
62,61,78,10,65,0,70,+,-16,16
61,59,81,33,36,0,23.5,+,-20,20
60,51,60,2,77,0,16.5,-,0,0
59,49,61,25,83,0,76.5,+,-2,2
58,48,58,10,0,0,82,+,0,0
57,50,75,8,91,44,92,+,-18,18
56,41,71,18,0,0,0,+,-15,15
55,66,94,3,95,0,98.5,-,-39,39
54,0,100,21,93,96,94.5,-,-46,46
53,39,55,13,47,0,20.5,+,-2,2
52,45,60,5,0,0,0,+,-8,8
51,40,82,10,0,0,21,+,-31,31
50,16,50,8,0,0,0,-,0,0
49,46,87,8,0,0,0,+,-38,38
48,52,85,6,100,70,99.5,+,-37,37
47,35,53,11,51,0,60.5,+,-6,6
46,37,67,9,24,0,0,+,-21,21
45,38,51,19,0,0,0,+,-6,6
44,60,60,2,0,0,0,+,-16,16
43,43,61,2,0,0,0,+,-18,18
42,25,56,9,53,0,68.5,+,-14,14
41,30,59,7,52,0,62.5,+,-18,18
40,47,88,3,95,0,98.5,-,-48,48
39,13,54,16,0,0,0,-,-15,15
38,36,50,7,0,0,0,+,-12,12
37,17,64,4,5,0,35.5,+,-27,27
36,27,58,20,0,0,0,-,-22,22
35,32,73,10,0,0,0,+,-38,38
34,24,48,14,0,0,0,+,-14,14
33,42,90,3,95,0,98.5,-,-57,57
32,20,45,4,86,6,75.5,+,-13,13
31,23,31,11,34,0,0,+,0,0
30,0,63,1,64,0,0,-,-33,33
29,28,42,14,0,0,0,+,-13,13
28,15,36,5,0,0,0,+,-8,8
27,10,30,2,0,0,0,+,-3,3
26,9,27,2,37,0,0,+,-1,1
25,2,68,2,90,0,91,+,-43,43
24,26,55,3,0,0,0,+,-31,31
23,22,92,4,0,0,0,+,-69,69
22,0,46,1,0,0,0,+,-24,24
21,0,21,1,0,0,0,+,0,0
20,5,60,5,0,0,0,+,-40,40
19,0,30,3,0,0,0,+,-11,11
18,31,97,8,54,12,83.5,-,-79,79
17,21,41,5,0,48,0,+,-24,24
16,0,51,8,27,0,81,+,-35,35
15,0,15,10,0,0,43.5,-,0,0
14,33,53,5,8,0,77.5,+,-39,39
13,19,83,13,0,0,0,+,-70,70
12,0,23,2,44,0,85,+,-11,11
11,0,47,1,0,0,0,+,-36,36
10,0,27,7,0,0,35,+,-17,17
9,14,42,13,0,0,0,+,-33,33
8,29,49,3,0,0,0,-,-41,41
7,0,18,9,88,42,86.5,+,-11,11
6,0,6,1,14,62,0,-,0,0
5,0,15,1,0,0,0,+,-10,10
4,0,36,2,0,0,0,-,-32,32
3,0,47,1,0,0,0,+,-44,44
2,0,2,1,0,0,0,-,0,0
1,0,13,1,0,0,0,+,-12,12
100,99,100,14,0,0,0,-,0,0
99,100,100,15,0,0,0,+,-1,1
98,98,100,21,0,0,0,-,-2,2
97,97,97,11,98,20,99.5,-,0,0
96,93,96,13,67,0,0,-,0,0
95,96,97,17,0,0,0,-,-2,2
94,92,97,20,0,0,0,-,-3,3
93,91,95,11,0,0,0,-,-2,2
92,87,97,8,0,0,0,-,-5,5
91,89,93,9,97,44,91,+,-2,2
90,85,90,16,74,0,0,-,0,0
89,86,99,27,95,36,93,-,-10,10
88,75,100,6,0,0,0,+,-12,12
87,83,93,17,84,0,57,-,-6,6
86,84,96,28,0,0,0,+,-10,10
85,81,90,18,82,10,85.5,-,-5,5
84,82,89,21,0,0,0,-,-5,5
83,95,99,2,0,0,0,-,-16,16
82,54,82,17,30,0,0,+,0,0
81,74,96,10,91,32,83.5,-,-15,15
80,70,95,7,43,0,0,+,-15,15
79,73,83,16,0,0,0,-,-4,4
78,56,78,9,100,38,100,-,0,0
77,65,85,11,63,0,54.5,+,-8,8
76,68,97,5,0,0,0,-,-21,21
75,69,95,29,93,98,82,+,-20,20
74,53,87,18,23,0,0,-,-13,13
73,57,86,14,93,98,82,+,-13,13
72,55,72,19,15,0,0,-,0,0
71,66,77,19,0,0,0,+,-6,6
70,76,91,36,0,0,0,+,-21,21
69,62,100,33,36,0,0,+,-31,31
68,63,77,15,75,0,87.5,+,-9,9
67,58,98,45,0,0,0,-,-31,31
66,94,94,2,96,0,98.5,-,-28,28
65,60,100,45,0,0,0,+,-35,35
64,51,81,13,68,82,0,+,-17,17
63,61,99,22,0,0,0,+,-36,36
62,52,72,21,0,0,0,+,-10,10
61,64,78,9,71,0,80.5,+,-17,17
60,0,60,1,0,0,0,-,0,0
59,59,81,32,42,0,0,+,-22,22
58,50,65,15,0,0,0,+,-7,7
57,0,57,1,0,0,0,-,0,0
56,0,75,7,100,38,100,-,-19,19
55,0,55,1,37,0,22.5,-,0,0
54,0,63,8,19,0,59,-,-9,9
53,0,53,1,39,0,26.5,-,0,0
52,48,85,5,99,80,99,-,-33,33
51,0,60,1,0,0,0,+,-9,9
50,40,75,7,87,0,91.5,+,-25,25
49,43,61,24,70,0,42.5,+,-12,12
48,46,58,9,0,0,71,+,-10,10
47,88,88,2,96,0,98.5,-,-41,41
46,37,87,7,0,0,0,+,-41,41
45,35,60,4,0,0,0,+,-15,15
44,41,74,20,0,0,0,-,-30,30
43,0,61,1,0,0,0,+,-18,18
42,90,90,2,96,0,98.5,-,-48,48
41,45,71,17,0,0,0,+,-30,30
40,36,82,9,0,0,0,+,-42,42
39,42,55,12,50,0,63,+,-16,16
38,27,51,18,0,0,0,+,-13,13
37,33,67,8,31,0,0,+,-30,30
36,30,50,6,0,0,0,+,-14,14
35,31,53,10,52,0,48,+,-18,18
34,28,52,20,26,0,0,-,-18,18
33,26,53,4,25,0,87,-,-20,20
32,29,73,9,0,0,0,+,-41,41
31,39,97,7,69,22,90.5,-,-66,66
30,22,59,6,59,0,66.5,+,-29,29
29,49,49,2,0,0,0,-,-20,20
28,32,42,13,0,0,0,+,-14,14
27,25,58,19,0,0,0,+,-31,31
26,0,55,2,0,0,0,-,-29,29
25,17,56,8,47,0,64,+,-31,31
24,21,48,13,0,0,0,+,-24,24
23,16,31,10,32,0,0,+,-8,8
22,11,92,3,0,0,0,+,-70,70
21,2,41,4,0,68,0,-,-20,20
20,7,45,3,84,0,57,+,-25,25
19,6,83,12,0,0,0,-,-64,64
18,80,80,2,96,0,98.5,-,-62,62
17,9,64,3,9,0,23.5,+,-47,47
16,5,50,7,0,0,0,+,-34,34
15,4,36,4,0,0,0,+,-21,21
14,13,42,12,0,0,0,-,-28,28
13,15,54,15,0,0,0,+,-41,41
12,79,79,2,96,0,98.5,-,-67,67
11,77,77,2,96,0,98.5,-,-66,66
10,0,30,1,0,0,0,+,-20,20
9,0,27,1,17,0,0,+,-18,18
8,78,78,2,96,0,98.5,-,-70,70
7,20,67,4,99,80,99,-,-60,60
6,23,70,4,99,80,99,-,-64,64
5,14,60,4,0,0,0,+,-55,55
4,19,74,4,0,0,0,-,-70,70
3,71,71,2,96,0,98.5,-,-68,68
2,0,68,1,89,0,84.5,+,-66,66
1,0,3,2,98,20,99.5,-,-2,2
100,100,100,14,0,0,0,-,0,0
99,99,100,13,0,0,0,+,-1,1
98,98,100,20,0,0,0,+,-2,2
97,97,97,10,97,52,98.5,+,0,0
96,96,97,16,0,0,0,-,-1,1
95,0,99,1,0,0,0,-,-4,4
94,0,94,1,100,6,100,-,0,0
93,95,96,12,58,0,0,+,-3,3
92,93,97,19,0,0,0,+,-5,5
91,94,95,10,0,0,0,+,-4,4
90,0,90,1,100,6,100,-,0,0
89,90,93,8,96,68,92,+,-4,4
88,0,88,1,100,6,100,-,0,0
87,91,97,7,0,0,0,+,-10,10
86,92,99,26,94,0,91.5,+,-13,13
85,86,90,15,64,0,0,+,-5,5
84,89,96,27,0,0,0,+,-12,12
83,88,93,16,82,0,54,+,-10,10
82,87,89,20,0,0,0,+,-7,7
81,84,90,17,77,0,84.5,+,-9,9
80,0,80,1,100,6,100,-,0,0
79,0,79,1,100,6,100,-,0,0
78,0,78,1,100,6,100,-,0,0
77,0,77,1,100,6,100,-,0,0
76,85,91,35,0,0,0,-,-15,15
75,77,100,5,0,0,0,+,-25,25
74,81,96,9,90,34,86.5,+,-22,22
73,83,83,15,0,0,0,+,-10,10
72,0,72,1,100,6,100,-,0,0
71,0,71,1,100,6,100,-,0,0
70,62,95,6,22,0,0,+,-25,25
69,82,95,28,92,94,82.5,+,-26,26
68,73,97,4,0,0,0,+,-29,29
67,0,67,1,100,6,100,-,0,0
66,76,77,18,0,0,0,+,-11,11
65,68,85,10,47,0,57.5,+,-20,20
64,78,78,8,73,0,86,-,-14,14
63,71,77,14,72,0,85,+,-14,14
62,69,100,32,36,0,0,+,-38,38
61,80,99,21,0,0,0,+,-38,38
60,75,100,44,0,0,0,+,-40,40
59,79,81,31,48,0,18.5,+,-22,22
58,70,98,44,0,0,0,+,-40,40
57,63,86,13,92,94,82.5,+,-29,29
56,56,78,8,99,42,99.5,+,-22,22
55,66,66,18,0,0,0,+,-11,11
54,74,82,16,10,0,0,+,-28,28
53,64,87,17,7,0,0,+,-34,34
52,67,72,20,0,0,0,+,-20,20
51,60,81,12,69,92,0,+,-30,30
50,58,65,14,0,0,0,+,-15,15
49,0,49,1,0,0,0,-,0,0
48,72,85,4,98,62,99,+,-37,37
47,8,47,2,100,6,100,-,0,0
46,44,58,8,0,0,79,+,-12,12
45,59,71,16,0,0,0,-,-26,26
44,0,44,1,100,6,100,-,0,0
43,52,61,23,63,0,49.5,+,-18,18
42,48,55,11,61,0,81,-,-13,13
41,57,74,19,0,0,0,+,-33,33
40,43,75,6,84,14,89,+,-35,35
39,49,97,6,75,32,91,-,-58,58
38,45,46,24,0,0,0,-,-8,8
37,50,87,6,0,0,0,+,-50,50
36,41,82,8,0,0,13,+,-46,46
35,31,60,3,0,0,0,+,-25,25
34,0,34,1,87,0,85.5,-,0,0
33,34,67,7,17,0,0,+,-34,34
32,42,42,12,4,0,0,-,-10,10
31,32,53,9,46,0,40,+,-22,22
30,22,50,5,0,0,0,+,-20,20
29,38,73,8,0,0,0,+,-44,44
28,29,52,19,14,0,0,+,-24,24
27,37,51,17,0,0,0,+,-24,24
26,53,53,3,38,0,90.5,+,-27,27
25,39,58,18,0,0,0,+,-33,33
24,0,26,2,0,0,0,+,-2,2
23,51,70,3,98,62,99,-,-47,47
22,20,59,5,71,0,80,+,-37,37
21,26,48,12,0,0,0,+,-27,27
20,46,67,3,98,62,99,-,-47,47
19,47,74,3,0,0,0,-,-55,55
18,0,73,1,0,0,0,-,-55,55
17,16,56,7,44,0,55.5,+,-39,39
16,13,31,9,37,0,0,+,-15,15
15,27,54,14,0,0,0,-,-39,39
14,24,60,3,0,0,0,-,-46,46
13,28,42,11,0,0,0,+,-29,29
12,0,12,1,87,0,85.5,-,0,0
11,1,92,2,0,0,0,+,-81,81
10,14,72,20,0,0,0,-,-62,62
9,6,64,2,0,0,16,+,-55,55
8,30,58,3,98,62,99,-,-50,50
7,0,45,2,82,0,54,+,-38,38
6,12,83,11,0,0,0,+,-77,77
5,11,50,6,0,0,0,+,-45,45
4,9,36,3,0,0,0,+,-32,32
3,10,15,9,0,0,21.5,-,-12,12
2,7,41,3,0,16,0,+,-39,39
1,3,18,8,90,34,86.5,-,-17,17
100,100,100,13,0,0,0,+,0,0
99,99,100,12,0,0,0,+,-1,1
98,98,100,19,0,0,0,+,-2,2
97,96,97,9,98,36,97.5,+,0,0
96,97,97,15,0,0,0,+,-1,1
95,95,96,11,66,0,0,-,-1,1
94,93,95,9,0,0,0,-,-1,1
93,94,97,18,0,0,0,-,-4,4
92,92,99,25,95,0,90,-,-7,7
91,84,97,6,0,0,0,-,-6,6
90,90,93,7,97,70,92,-,-3,3
89,91,96,26,0,0,0,-,-7,7
88,86,93,15,83,0,60.5,-,-5,5
87,89,89,19,0,0,0,-,-2,2
86,87,90,14,54,0,0,-,-4,4
85,88,91,34,0,0,0,-,-6,6
84,78,90,16,73,0,86.5,-,-6,6
83,83,83,14,0,0,0,-,0,0
82,81,95,27,90,96,84.5,-,-13,13
81,71,96,8,89,40,86,-,-15,15
80,82,99,20,0,0,0,-,-19,19
79,80,81,30,56,0,24.5,-,-2,2
78,48,78,7,85,0,93.5,-,0,0
77,52,100,4,0,0,0,-,-23,23
76,73,77,17,0,0,0,-,-1,1
75,77,100,43,0,0,0,-,-25,25
74,75,82,15,26,0,0,-,-8,8
73,79,97,3,0,0,0,-,-24,24
72,85,85,3,100,90,99.5,-,-13,13
71,69,77,13,71,0,85.5,-,-6,6
70,72,98,43,0,0,0,-,-28,28
69,76,100,31,42,0,0,-,-31,31
68,66,85,9,46,0,55,-,-17,17
67,65,72,19,0,0,0,-,-5,5
66,0,66,17,0,0,0,-,0,0
65,68,98,32,0,0,0,-,-33,33
64,0,87,16,3,0,0,-,-23,23
63,51,86,12,90,96,84.5,-,-23,23
62,50,95,5,14,0,0,+,-33,33
61,63,96,39,95,0,90,-,-35,35
60,61,81,11,55,64,0,-,-21,21
59,62,71,15,0,0,0,-,-12,12
58,60,65,13,0,0,0,-,-7,7
57,64,74,18,0,0,0,-,-17,17
56,45,78,7,99,20,99,+,-22,22
55,59,94,45,89,40,86,-,-39,39
54,56,100,36,0,0,0,-,-46,46
53,0,53,2,94,0,98,-,0,0
52,44,61,22,64,0,47.5,-,-9,9
51,70,70,2,100,90,99.5,-,-19,19
50,47,87,5,0,0,0,-,-37,37
49,0,97,5,84,86,91.5,-,-48,48
48,42,55,10,59,0,74.5,-,-7,7
47,74,74,2,0,0,0,-,-27,27
46,67,67,2,100,90,99.5,-,-21,21
45,41,46,23,0,0,0,-,-1,1
44,31,58,7,0,0,75,+,-14,14
43,23,75,5,86,48,87.5,-,-32,32
42,37,42,11,11,0,0,-,0,0
41,25,82,7,0,0,12.5,-,-41,41
40,39,67,20,21,0,0,-,-27,27
39,43,58,17,0,0,0,-,-19,19
38,35,73,7,0,0,0,-,-35,35
37,28,51,16,0,0,0,-,-14,14
36,0,36,1,0,0,0,-,0,0
35,54,54,2,100,90,99.5,-,-19,19
34,21,67,6,22,0,0,-,-33,33
33,0,33,2,94,0,98,-,0,0
32,22,53,8,39,0,41,-,-21,21
31,49,60,2,0,0,0,+,-29,29
30,58,58,2,100,90,99.5,-,-28,28
29,26,52,18,29,0,0,-,-23,23
28,36,42,10,0,0,0,-,-14,14
27,38,54,13,0,0,0,-,-27,27
26,24,48,11,0,0,0,-,-22,22
25,0,25,1,0,0,0,-,0,0
24,0,60,2,10,0,0,-,-36,36
23,53,53,2,100,90,99.5,-,-30,30
22,11,50,4,0,0,0,+,-28,28
21,27,55,20,4,0,37,-,-34,34
20,9,59,4,49,0,70,+,-39,39
19,57,57,2,100,90,99.5,-,-38,38
18,55,55,2,0,0,0,-,-37,37
17,17,28,3,50,50,29.5,-,-11,11
16,15,56,6,41,0,59,+,-40,40
15,46,46,4,100,90,99.5,-,-31,31
14,20,72,19,0,0,0,-,-58,58
13,10,31,8,28,0,0,+,-18,18
12,19,83,10,0,0,0,-,-71,71
11,12,50,5,0,0,0,-,-39,39
10,2,15,8,0,0,32,-,-5,5
9,18,36,2,0,0,0,-,-27,27
8,0,47,1,82,0,83,+,-39,39
7,0,41,2,0,30,0,-,-34,34
6,0,64,1,0,0,8.5,+,-58,58
5,34,34,2,100,90,99.5,-,-29,29
4,29,29,2,100,90,99.5,-,-25,25
3,1,18,7,89,40,86,-,-15,15
2,6,18,7,0,0,0,-,-16,16
1,0,92,1,0,0,0,+,-91,91
100,100,100,12,0,0,0,+,0,0
99,98,100,11,0,0,0,+,-1,1
98,99,100,18,0,0,0,+,-2,2
97,95,97,14,0,0,0,-,0,0
96,97,97,8,98,40,98.5,+,-1,1
95,96,96,10,75,0,0,+,-1,1
94,93,97,17,0,0,0,-,-3,3
93,91,95,8,0,0,0,+,-2,2
92,94,99,24,96,28,92,+,-7,7
91,92,96,25,0,0,0,-,-5,5
90,90,93,6,97,46,94.5,+,-3,3
89,88,89,18,0,0,0,-,0,0
88,87,91,33,0,0,0,-,-3,3
87,89,90,13,54,0,0,-,-3,3
86,86,93,14,85,0,62.5,+,-7,7
85,62,85,2,100,98,100,-,0,0
84,73,97,5,0,0,0,+,-13,13
83,83,83,13,0,0,0,+,0,0
82,85,99,19,0,0,0,-,-17,17
81,84,95,26,90,90,82,+,-14,14
80,81,81,29,58,0,22.5,-,-1,1
79,53,97,2,0,0,0,-,-18,18
78,0,90,15,72,0,81,+,-12,12
77,80,100,42,0,0,0,-,-23,23
76,82,100,30,55,0,0,-,-24,24
75,79,82,14,24,0,0,-,-7,7
74,0,74,1,0,0,0,-,0,0
73,77,77,16,0,0,0,+,-4,4
72,78,98,42,0,0,0,-,-26,26
71,67,96,7,91,72,87,+,-25,25
70,0,70,1,100,98,100,-,0,0
69,76,77,12,79,0,83.5,+,-8,8
68,75,98,31,0,0,0,-,-30,30
67,0,67,1,100,98,100,-,0,0
66,69,85,8,46,0,60,+,-19,19
65,71,72,18,0,0,0,+,-7,7
64,74,74,17,0,0,0,-,-10,10
63,70,96,38,96,28,92,-,-33,33
62,68,71,14,0,0,0,-,-9,9
61,72,81,10,64,66,0,-,-20,20
60,65,65,12,0,0,0,-,-5,5
59,63,94,44,91,72,87,-,-35,35
58,0,58,1,100,98,100,-,0,0
57,0,57,1,100,98,100,-,0,0
56,64,100,35,0,0,0,-,-44,44
55,0,55,1,0,0,0,-,0,0
54,0,54,1,100,98,100,-,0,0
53,0,53,1,100,98,100,-,0,0
52,47,100,3,0,0,0,+,-48,48
51,66,86,11,90,90,82,+,-35,35
50,50,95,4,0,0,0,+,-45,45
49,0,60,1,43,0,0,-,-11,11
48,58,78,6,37,0,0,+,-30,30
47,61,87,4,0,0,0,+,-40,40
46,0,46,3,100,98,100,-,0,0
45,36,78,6,99,22,99.5,+,-33,33
44,49,61,21,68,0,55,+,-17,17
43,52,58,16,0,0,0,-,-15,15
42,44,55,9,66,0,80.5,+,-13,13
41,45,46,22,0,0,0,+,-5,5
40,0,40,1,0,0,0,-,0,0
39,56,67,19,16,0,0,+,-28,28
38,54,54,12,6,0,0,-,-16,16
37,41,42,10,19,0,1,+,-5,5
36,42,42,9,27,0,0,-,-6,6
35,51,73,6,0,0,0,+,-38,38
34,0,34,1,100,98,100,-,0,0
33,0,33,1,100,98,100,-,0,0
32,0,32,1,100,98,100,-,0,0
31,40,58,6,0,0,79.5,+,-27,27
30,0,30,1,100,98,100,-,0,0
29,0,29,1,100,98,100,-,0,0
28,39,51,15,0,0,0,+,-23,23
27,43,55,19,22,0,45.5,-,-28,28
26,46,52,17,32,0,9.5,+,-26,26
25,33,82,6,0,0,2,+,-57,57
24,38,48,10,0,0,0,+,-24,24
23,21,75,4,89,32,89.5,+,-52,52
22,31,53,7,49,0,63.5,+,-31,31
21,32,67,5,5,0,0,+,-46,46
20,34,72,18,0,0,0,-,-52,52
19,35,83,9,0,0,0,-,-64,64
18,0,36,1,0,0,0,-,-18,18
17,28,28,2,59,74,28.5,+,-11,11
16,0,16,1,0,0,0,-,0,0
15,19,56,5,50,0,70,+,-41,41
14,37,49,13,15,0,64.5,-,-35,35
13,0,45,1,85,0,62.5,+,-32,32
12,20,50,4,0,0,0,-,-38,38
11,24,50,3,0,0,0,+,-39,39
10,14,31,7,35,0,0,+,-21,21
9,9,59,3,52,0,72,+,-50,50
8,0,8,1,0,0,0,-,0,0
7,29,29,6,95,56,92.5,-,-22,22
6,18,18,6,0,0,0,-,-12,12
5,30,54,13,38,0,75,-,-49,49
4,17,23,10,0,0,0,-,-19,19
3,0,55,1,0,0,0,-,-52,52
2,8,15,7,0,0,29,+,-13,13
1,6,18,6,91,72,87,+,-17,17
100,100,100,11,0,0,0,+,0,0
99,99,100,17,0,0,0,-,-1,1
98,98,100,10,0,0,0,+,-2,2
97,95,97,7,100,60,99.5,-,0,0
96,93,96,9,83,0,0,-,0,0
95,97,97,13,0,0,0,+,-2,2
94,96,99,23,94,52,91.5,-,-5,5
93,94,97,16,0,0,0,+,-4,4
92,92,96,24,0,0,0,-,-4,4
91,91,95,7,0,0,0,+,-4,4
90,87,93,5,97,76,95.5,+,-3,3
89,89,90,12,67,0,0,-,-1,1
88,86,89,17,0,0,0,+,-1,1
87,90,91,32,0,0,0,+,-4,4
86,84,93,13,80,0,68.5,+,-7,7
85,88,99,18,0,0,0,-,-14,14
84,85,95,25,90,96,88.5,-,-11,11
83,81,83,12,0,0,0,+,0,0
82,83,100,29,68,0,0,-,-18,18
81,80,81,28,71,0,44,-,0,0
80,82,100,41,0,0,0,-,-20,20
79,79,82,13,34,0,0,-,-3,3
78,78,98,41,0,0,0,-,-20,20
77,75,77,15,0,0,0,-,0,0
76,77,77,11,78,0,84,-,-1,1
75,76,98,30,0,0,0,-,-23,23
74,67,74,16,0,0,0,-,0,0
73,55,97,4,0,0,0,+,-24,24
72,40,81,9,82,92,0,-,-9,9
71,72,72,17,0,0,0,-,-1,1
70,73,96,37,94,52,91.5,-,-26,26
69,66,85,7,49,0,68,-,-16,16
68,71,71,13,0,0,0,-,-3,3
67,51,96,6,89,62,87,+,-29,29
66,54,86,10,90,96,88.5,-,-20,20
65,65,65,11,0,0,0,-,0,0
64,68,100,34,0,0,0,-,-36,36
63,69,94,43,89,62,87,-,-31,31
62,0,85,1,96,86,80,+,-23,23
61,70,87,3,0,0,0,-,-26,26
60,74,88,27,5,0,0,-,-28,28
59,64,86,22,0,0,0,-,-27,27
58,60,78,5,56,0,0,-,-20,20
57,59,100,40,38,0,0,-,-43,43
56,63,67,18,38,0,0,-,-11,11
55,61,82,22,27,0,41,-,-27,27
54,50,54,11,7,0,0,-,0,0
53,0,97,1,0,0,0,+,-44,44
52,56,58,15,0,0,0,-,-6,6
51,57,73,5,0,0,0,-,-22,22
50,41,95,3,0,0,0,+,-45,45
49,44,61,20,72,32,69.5,-,-12,12
48,0,48,1,31,0,0,-,0,0
47,25,100,2,0,0,0,+,-53,53
46,48,52,16,48,0,26.5,-,-6,6
45,46,46,21,0,0,0,-,-1,1
44,37,55,8,46,0,61,-,-11,11
43,49,55,18,21,0,33,-,-12,12
42,34,42,8,24,0,0,-,0,0
41,39,42,9,17,0,20.5,-,-1,1
40,36,58,5,0,0,83,-,-18,18
39,38,51,14,0,0,0,-,-12,12
38,23,48,9,0,0,0,-,-10,10
37,47,49,12,37,0,63,-,-12,12
36,45,78,5,98,2,98.5,+,-42,42
35,33,83,8,0,0,0,-,-48,48
34,43,72,17,0,0,0,-,-38,38
33,26,82,5,0,0,11,-,-49,49
32,31,67,4,0,0,0,-,-35,35
31,30,53,6,55,0,67,-,-22,22
30,35,54,12,66,0,81.5,-,-24,24
29,29,29,5,93,34,96.5,-,0,0
28,0,28,1,61,64,38.5,-,0,0
27,27,77,10,52,0,0,-,-50,50
26,0,53,1,0,0,0,-,-27,27
25,22,25,7,0,0,0,-,0,0
24,0,50,2,0,0,0,-,-26,26
23,28,51,14,26,0,37.5,-,-28,28
22,0,99,1,100,60,99.5,-,-77,77
21,7,75,3,87,48,87.5,+,-54,54
20,14,50,3,0,0,0,-,-30,30
19,19,56,4,54,0,73,-,-37,37
18,18,18,5,0,0,0,-,0,0
17,21,23,9,0,0,0,-,-6,6
16,20,31,10,0,0,0,-,-15,15
15,0,15,1,0,0,0,-,0,0
14,13,31,6,43,0,3,-,-17,17
13,17,54,19,95,0,99,-,-41,41
12,16,52,4,0,0,0,-,-40,40
11,8,24,4,0,0,0,-,-13,13
10,0,60,1,0,0,0,-,-50,50
9,4,59,2,28,0,53,+,-50,50
8,12,15,6,0,0,34,-,-7,7
7,0,30,2,0,0,0,-,-23,23
6,9,18,5,89,62,87,-,-12,12
5,5,6,4,0,0,0,-,-1,1
4,0,4,1,73,6,42,-,0,0
3,0,3,1,100,60,99.5,-,0,0
2,0,23,1,50,0,89,-,-21,21
1,11,27,6,0,0,34.5,-,-26,26
100,100,100,10,0,0,0,+,0,0
99,99,100,16,0,0,0,+,-1,1
98,98,100,9,0,0,0,+,-2,2
97,94,97,12,0,0,0,-,0,0
96,97,99,22,98,76,93,-,-3,3
95,95,97,6,91,36,16.5,+,-2,2
94,96,97,15,0,0,0,-,-3,3
93,93,96,8,80,0,0,+,-3,3
92,92,96,23,0,0,0,+,-4,4
91,91,95,6,0,0,0,+,-4,4
90,90,91,31,0,0,0,-,-1,1
89,83,90,11,64,0,0,+,-1,1
88,89,99,17,0,0,0,-,-11,11
87,84,93,4,99,82,98,+,-6,6
86,82,89,16,0,0,0,+,-3,3
85,88,95,24,89,84,83.5,-,-10,10
84,79,93,12,81,0,74.5,+,-9,9
83,85,100,28,79,0,0,-,-17,17
82,86,100,40,0,0,0,-,-18,18
81,80,83,11,0,0,0,+,-2,2
80,76,81,27,76,0,56.5,+,-1,1
79,81,82,12,37,0,0,+,-3,3
78,78,98,40,0,0,0,+,-20,20
77,75,77,10,84,0,87.5,-,0,0
76,74,98,29,0,0,0,-,-22,22
75,70,75,14,0,0,0,+,0,0
74,77,88,26,31,0,23,-,-14,14
73,73,96,36,98,76,93,-,-23,23
72,72,72,16,0,0,0,-,0,0
71,71,71,12,0,0,0,-,0,0
70,87,87,2,0,0,0,-,-17,17
69,67,94,42,90,80,89.5,-,-25,25
68,69,100,33,0,0,0,-,-32,32
67,62,74,15,0,0,0,+,-7,7
66,59,85,6,55,0,75,+,-19,19
65,64,65,10,0,0,0,+,0,0
64,66,86,21,0,0,0,-,-22,22
63,65,67,17,42,0,0,-,-4,4
62,68,93,27,86,44,86.5,-,-31,31
61,61,82,21,39,0,58.5,-,-21,21
60,35,78,4,53,0,0,-,-18,18
59,60,100,39,42,0,0,-,-41,41
58,55,58,26,0,0,0,-,0,0
57,58,73,4,0,0,0,-,-16,16
56,51,58,14,0,0,0,-,-2,2
55,28,97,3,0,0,0,+,-42,42
54,43,86,9,89,84,83.5,+,-32,32
53,56,87,29,0,0,0,-,-34,34
52,57,92,24,0,0,0,-,-40,40
51,36,96,5,90,80,89.5,+,-45,45
50,50,54,10,9,0,0,+,-4,4
49,54,55,17,25,0,33.5,-,-6,6
48,52,52,15,41,0,47,-,-4,4
47,49,49,11,61,0,71,-,-2,2
46,45,46,20,0,0,0,-,0,0
45,20,78,4,97,2,99.5,-,-33,33
44,42,61,19,71,0,76,+,-17,17
43,53,72,16,0,0,0,-,-29,29
42,0,42,1,93,92,97,-,0,0
41,40,95,2,0,0,0,+,-54,54
40,37,81,8,27,72,0,+,-41,41
39,38,42,8,19,0,34.5,+,-3,3
38,33,51,13,0,0,0,+,-13,13
37,27,55,7,40,0,43,+,-18,18
36,44,58,4,0,0,86,+,-22,22
35,34,54,11,74,0,82,-,-19,19
34,26,42,7,0,0,0,+,-8,8
33,41,83,7,0,0,0,+,-50,50
32,0,33,1,0,0,21.5,-,-1,1
31,48,67,3,18,0,0,+,-36,36
30,29,53,5,66,0,62.5,+,-23,23
29,25,29,4,96,30,98.5,+,0,0
28,47,51,13,58,0,49.5,-,-23,23
27,46,77,9,60,0,0,+,-50,50
26,21,82,4,0,0,35,+,-56,56
25,0,100,1,0,0,0,+,-75,75
24,0,24,1,100,0,100,-,0,0
23,23,48,8,0,0,6,+,-25,25
22,18,25,6,21,0,0,+,-3,3
21,16,23,8,0,0,0,-,-2,2
20,24,31,9,0,0,0,-,-11,11
19,12,56,3,63,0,76.5,+,-37,37
18,17,18,4,0,0,0,+,0,0
17,31,54,18,7,0,0,-,-37,37
16,22,52,3,0,0,0,-,-36,36
15,30,30,2,0,0,0,-,-15,15
14,14,50,2,0,0,0,+,-36,36
13,13,31,5,52,0,24.5,+,-18,18
12,11,15,5,0,0,50.5,-,-3,3
11,10,27,5,11,0,57,-,-16,16
10,15,57,17,0,0,0,-,-47,47
9,0,18,4,90,80,89.5,-,-9,9
8,19,24,3,0,0,0,+,-16,16
7,0,75,2,86,44,86.5,+,-68,68
6,0,32,3,0,64,0,-,-26,26
5,4,6,3,0,0,0,+,-1,1
4,0,59,1,29,0,35.5,+,-55,55
3,7,24,14,0,0,0,-,-21,21
2,0,31,1,0,0,0,-,-29,29
1,0,51,7,16,0,91,-,-50,50
100,92,100,9,0,0,0,+,0,0
99,100,100,15,0,0,0,+,-1,1
98,99,100,8,0,0,0,+,-2,2
97,98,99,21,98,32,93,-,-2,2
96,97,97,14,0,0,0,-,-1,1
95,94,97,5,93,24,18,+,-2,2
94,95,97,11,0,0,0,+,-3,3
93,93,96,7,77,0,0,+,-3,3
92,96,96,22,0,0,0,+,-4,4
91,90,95,5,0,0,0,+,-4,4
90,88,91,30,0,0,0,+,-1,1
89,89,99,16,0,0,0,-,-10,10
88,87,95,23,90,96,86,-,-7,7
87,0,87,1,0,0,0,-,0,0
86,86,100,39,0,0,0,-,-14,14
85,79,100,27,76,0,0,-,-15,15
84,91,93,3,99,68,96.5,+,-9,9
83,80,90,10,36,0,0,+,-7,7
82,83,89,15,0,0,0,+,-7,7
81,82,82,11,43,0,0,-,-1,1
80,81,83,10,0,0,0,+,-3,3
79,77,93,11,75,0,75,+,-14,14
78,84,98,39,0,0,0,+,-20,20
77,85,88,25,56,0,54,-,-11,11
76,74,81,26,70,0,58.5,+,-5,5
75,76,77,9,84,0,90.5,+,-2,2
74,78,98,28,0,0,0,+,-24,24
73,75,96,35,98,32,93,+,-23,23
72,66,72,15,0,0,0,+,0,0
71,61,71,11,0,0,0,+,0,0
70,62,70,13,0,0,0,+,0,0
69,71,100,32,0,0,0,-,-31,31
68,70,93,26,87,56,87.5,-,-25,25
67,69,94,41,91,94,89.5,+,-27,27
66,68,86,20,0,0,0,-,-20,20
65,63,67,16,47,0,0,-,-2,2
64,54,65,9,0,0,0,+,-1,1
63,65,73,24,61,0,59,-,-10,10
62,56,74,14,0,0,0,+,-12,12
61,67,82,20,39,0,61.5,+,-21,21
60,58,100,38,47,0,0,-,-40,40
59,48,85,5,33,0,73.5,+,-26,26
58,73,73,3,0,0,0,-,-15,15
57,57,92,23,0,0,0,-,-35,35
56,64,87,28,0,0,0,-,-31,31
55,55,58,25,0,0,0,+,-3,3
54,53,55,16,50,0,39.5,-,-1,1
53,72,72,15,0,0,0,-,-19,19
52,50,52,14,49,0,47.5,-,0,0
51,49,58,13,0,0,0,+,-7,7
50,45,54,9,6,0,0,+,-4,4
49,46,49,10,54,0,76,-,0,0
48,47,67,2,42,0,0,-,-19,19
47,51,51,12,63,0,58,-,-4,4
46,59,77,8,64,0,0,-,-31,31
45,38,46,19,0,0,0,+,-1,1
44,30,58,3,0,0,86.5,-,-14,14
43,21,86,8,90,96,86,+,-43,43
42,34,61,18,68,0,77.5,+,-19,19
41,42,83,6,0,0,0,-,-42,42
40,0,95,1,12,0,11,+,-55,55
39,41,47,22,68,0,77.5,-,-8,8
38,35,42,7,20,0,47,+,-4,4
37,36,81,7,23,72,0,+,-44,44
36,27,96,4,91,94,89.5,+,-60,60
35,3,78,3,45,0,0,+,-43,43
34,37,54,10,72,0,84,+,-20,20
33,40,51,12,0,0,0,+,-18,18
32,39,69,20,0,0,0,-,-37,37
31,43,54,17,21,0,0,-,-23,23
30,0,30,1,0,0,0,-,0,0
29,32,53,4,69,0,72.5,+,-24,24
28,0,97,2,0,0,0,+,-69,69
27,29,55,6,52,0,60,+,-28,28
26,22,42,6,0,0,0,+,-16,16
25,0,29,3,96,28,98,+,-4,4
24,25,31,8,0,0,0,-,-7,7
23,23,48,7,0,0,4,+,-25,25
22,52,52,2,0,0,0,-,-30,30
21,16,82,3,0,0,32,+,-61,61
20,24,78,3,95,0,98.5,+,-58,58
19,0,24,2,0,0,0,-,-5,5
18,11,25,5,0,6,0,+,-7,7
17,6,18,3,0,0,0,+,-1,1
16,18,23,7,0,0,0,+,-7,7
15,20,57,16,0,0,0,-,-42,42
14,0,50,1,0,0,0,+,-36,36
13,12,31,4,66,0,60.5,+,-18,18
12,13,56,2,60,0,81.5,+,-44,44
11,7,15,4,0,0,49,+,-4,4
10,9,27,4,53,0,80,+,-17,17
9,19,49,11,0,0,0,-,-40,40
8,14,22,5,0,0,0,-,-14,14
7,10,24,13,0,0,0,-,-17,17
6,2,35,17,0,0,0,-,-29,29
5,44,97,4,85,90,95,-,-92,92
4,0,6,2,0,0,0,+,-2,2
3,0,30,1,0,0,0,-,-27,27
2,0,88,14,82,82,84.5,-,-86,86
1,0,60,12,0,0,0,-,-59,59
100,100,100,14,0,0,0,-,0,0
99,99,100,7,0,0,0,-,-1,1
98,98,99,20,98,40,93.5,-,-1,1
97,97,97,13,0,0,0,-,0,0
96,96,96,21,0,0,0,-,0,0
95,94,97,10,0,0,0,-,-2,2
94,95,97,4,89,10,13.5,+,-3,3
93,92,96,6,73,0,0,+,-3,3
92,85,100,8,0,0,0,+,-8,8
91,77,93,2,100,34,97,-,-2,2
90,88,95,4,0,0,0,+,-5,5
89,93,99,15,0,0,0,+,-10,10
88,91,91,29,0,0,0,+,-3,3
87,90,95,22,87,96,84,+,-8,8
86,89,100,38,0,0,0,+,-14,14
85,86,88,24,56,0,55.5,-,-3,3
84,84,98,38,0,0,0,-,-14,14
83,87,89,14,0,0,0,-,-6,6
82,79,82,10,37,0,0,-,0,0
81,82,83,9,0,0,0,-,-2,2
80,76,90,9,25,0,0,+,-10,10
79,80,100,26,79,94,0,+,-21,21
78,83,98,27,0,0,0,-,-20,20
77,71,93,10,70,0,74,+,-16,16
76,59,77,8,83,0,94.5,-,-1,1
75,81,96,34,98,40,93.5,-,-21,21
74,74,81,25,59,0,49,+,-7,7
73,63,73,2,0,0,0,-,0,0
72,62,72,14,0,0,0,-,0,0
71,78,100,31,0,0,0,-,-29,29
70,75,93,25,86,68,88,-,-23,23
69,73,94,40,88,78,89.5,-,-25,25
68,70,86,19,0,0,0,-,-18,18
67,72,82,19,49,0,62,-,-15,15
66,61,72,14,0,0,0,+,-6,6
65,67,73,23,61,0,56.5,-,-8,8
64,68,87,27,0,0,0,-,-23,23
63,64,67,15,46,0,0,+,-4,4
62,57,62,12,0,0,0,+,0,0
61,54,71,10,0,0,0,+,-10,10
60,65,76,23,35,0,60,-,-16,16
59,60,77,7,72,48,0,-,-18,18
58,58,100,37,46,0,0,+,-42,42
57,66,92,22,0,0,0,+,-35,35
56,49,74,13,0,0,0,+,-18,18
55,55,58,24,0,0,0,+,-3,3
54,51,65,8,0,0,0,+,-11,11
53,53,55,15,80,0,82.5,+,-2,2
52,0,52,1,0,0,0,-,0,0
51,50,51,11,66,0,67.5,-,0,0
50,48,52,13,51,0,43.5,+,-2,2
49,47,58,12,0,0,0,+,-9,9
48,43,85,4,22,0,63.5,+,-37,37
47,0,67,1,48,0,0,+,-20,20
46,41,49,9,50,0,78.5,+,-3,3
45,39,54,8,7,0,0,+,-9,9
44,44,97,3,96,86,98,-,-53,53
43,34,54,16,29,0,0,-,-11,11
42,46,83,5,0,0,0,-,-41,41
41,38,47,21,58,0,76,-,-6,6
40,37,51,11,0,0,0,-,-11,11
39,45,69,19,0,0,0,-,-30,30
38,40,46,18,0,0,0,+,-8,8
37,36,54,9,65,0,88.5,-,-17,17
36,33,81,6,18,20,0,+,-45,45
35,29,42,6,28,0,53.5,+,-7,7
34,31,61,17,58,0,76,+,-27,27
33,0,33,1,0,0,0,-,0,0
32,24,53,3,68,0,81.5,-,-21,21
31,0,31,1,0,0,0,-,0,0
30,16,58,2,0,0,85.5,+,-28,28
29,25,55,5,64,0,86,-,-26,26
28,0,28,1,100,34,97,-,0,0
27,21,96,3,88,78,89.5,+,-69,69
26,0,26,1,97,0,99,-,0,0
25,28,31,7,0,0,0,-,-6,6
24,69,78,2,90,8,97.5,-,-54,54
23,26,48,6,0,0,0,+,-25,25
22,27,42,5,0,0,0,+,-20,20
21,18,86,7,87,96,84,+,-65,65
20,30,57,15,0,0,0,-,-37,37
19,42,49,10,0,0,0,-,-30,30
18,20,23,6,0,0,0,-,-5,5
17,0,17,1,0,0,0,-,0,0
16,1,82,2,0,0,37.5,+,-66,66
15,32,32,2,0,46,0,-,-17,17
14,17,22,4,0,0,0,-,-8,8
13,0,56,1,77,0,89,-,-43,43
12,12,31,3,62,0,57.5,+,-19,19
11,15,25,4,0,0,0,+,-14,14
10,19,24,12,0,0,0,-,-14,14
9,8,27,3,57,0,85,+,-18,18
8,0,8,1,97,0,99,-,0,0
7,9,15,3,0,0,69,+,-8,8
6,2,18,2,0,0,0,+,-12,12
5,0,50,1,0,0,0,-,-45,45
4,0,4,1,97,0,99,-,0,0
3,0,78,2,6,0,0,+,-75,75
2,14,35,16,0,0,0,+,-33,33
1,0,17,5,60,0,95,-,-16,16
100,100,100,13,0,0,0,+,0,0
99,99,100,6,0,0,0,+,-1,1
98,98,99,19,98,28,94.5,+,-1,1
97,97,97,12,0,0,0,+,0,0
96,96,96,20,0,0,0,+,0,0
95,95,97,3,91,0,24.5,-,-2,2
94,93,97,9,0,0,0,+,-3,3
93,94,99,14,0,0,0,-,-6,6
92,88,96,5,73,0,0,+,-4,4
91,90,91,28,0,0,0,-,0,0
90,91,95,21,88,94,89.5,-,-5,5
89,89,100,37,0,0,0,-,-11,11
88,92,95,3,0,0,0,+,-7,7
87,83,89,13,0,0,0,-,-2,2
86,87,88,23,71,0,65,-,-2,2
85,79,100,7,0,0,0,+,-15,15
84,86,98,37,0,0,0,+,-14,14
83,84,98,26,0,0,0,-,-15,15
82,76,83,8,0,0,0,-,-1,1
81,85,96,33,98,28,94.5,-,-15,15
80,82,100,25,69,12,0,-,-20,20
79,80,82,9,36,0,0,+,-3,3
78,78,100,30,0,0,0,-,-22,22
77,0,93,1,99,82,98,+,-16,16
76,69,90,8,22,0,0,+,-14,14
75,77,93,24,87,14,88.5,-,-18,18
74,71,81,24,68,0,57,+,-7,7
73,75,94,39,89,76,91.5,-,-21,21
72,81,82,18,51,0,68.5,-,-10,10
71,65,93,9,66,0,74,+,-22,22
70,74,86,18,0,0,0,-,-16,16
69,0,78,1,96,42,99,-,-9,9
68,73,87,26,0,0,0,-,-19,19
67,68,73,22,75,0,64,-,-6,6
66,72,92,21,0,0,0,-,-26,26
65,70,76,22,60,0,70,-,-11,11
64,67,67,14,54,0,1,-,-3,3
63,0,73,1,0,0,0,+,-10,10
62,64,72,13,0,0,0,+,-10,10
61,62,72,13,0,0,0,+,-11,11
60,66,77,6,82,16,0,-,-17,17
59,61,77,7,74,0,85,+,-18,18
58,63,100,36,54,0,1,+,-42,42
57,59,62,11,0,0,0,+,-5,5
56,60,88,24,93,100,93.5,-,-32,32
55,58,58,23,0,0,0,+,-3,3
54,51,71,9,0,0,0,+,-17,17
53,55,55,14,52,0,46,+,-2,2
52,56,85,26,99,82,98,-,-33,33
51,47,65,7,0,0,0,+,-14,14
50,48,51,10,64,0,59,+,-1,1
49,46,74,12,0,0,0,+,-25,25
48,49,52,12,42,0,43.5,+,-4,4
47,50,58,11,0,0,0,+,-11,11
46,57,83,4,0,0,0,-,-37,37
45,53,69,18,0,0,0,-,-24,24
44,0,97,2,100,90,100,+,-53,53
43,42,85,3,19,0,65.5,+,-42,42
42,45,49,9,15,0,0,-,-7,7
41,44,49,8,62,0,83.5,+,-8,8
40,41,46,17,0,0,0,-,-6,6
39,40,54,7,5,0,0,+,-15,15
38,43,47,20,46,0,77.5,+,-9,9
37,38,51,10,0,0,0,+,-14,14
36,37,54,8,81,18,88,+,-18,18
35,0,35,1,100,90,100,-,0,0
34,35,54,15,6,0,0,+,-20,20
33,36,81,5,55,96,0,+,-48,48
32,0,32,1,25,86,0,-,0,0
31,30,61,16,46,0,77.5,+,-30,30
30,39,57,14,0,0,0,-,-27,27
29,32,42,5,10,0,35.5,+,-13,13
28,31,31,6,0,0,0,-,-3,3
27,27,42,4,0,0,0,-,-15,15
26,34,48,5,0,0,8.5,-,-22,22
25,25,55,4,0,0,0,+,-30,30
24,28,53,2,57,0,61.5,+,-29,29
23,0,86,6,100,90,100,-,-63,63
22,0,41,2,0,0,0,-,-19,19
21,0,96,2,89,76,91.5,+,-75,75
20,23,23,5,0,0,0,-,-3,3
19,24,24,11,0,0,0,-,-5,5
18,17,86,6,88,94,89.5,+,-68,68
17,22,22,3,0,0,0,-,-5,5
16,0,58,1,0,0,84.5,+,-42,42
15,16,25,3,0,0,0,-,-10,10
14,20,35,15,0,0,0,-,-21,21
13,26,75,14,0,0,0,-,-62,62
12,2,31,2,29,0,0,+,-19,19
11,19,88,13,83,48,84,-,-77,77
10,13,39,18,0,0,0,-,-29,29
9,3,15,2,0,0,51,-,-6,6
8,6,27,2,0,0,16.5,+,-19,19
7,14,16,5,0,0,0,-,-9,9
6,0,6,1,0,0,0,-,0,0
5,4,28,13,0,0,0,-,-23,23
4,9,43,16,0,0,0,-,-39,39
3,1,51,6,31,0,92.5,-,-48,48
2,0,18,1,0,0,0,+,-16,16
1,0,82,1,0,0,0,+,-81,81
100,100,100,12,0,0,0,+,0,0
99,99,100,5,0,0,0,+,-1,1
98,98,99,18,100,14,98,+,-1,1
97,97,97,11,0,0,0,+,0,0
96,95,96,19,0,0,0,+,0,0
95,96,97,2,93,18,34.5,+,-2,2
94,94,99,13,0,0,0,-,-5,5
93,91,97,8,0,0,0,+,-4,4
92,45,95,2,0,0,0,-,-3,3
91,93,95,20,91,86,92.5,-,-4,4
90,89,91,27,0,0,0,+,-1,1
89,92,100,36,0,0,0,+,-11,11
88,90,96,4,0,0,0,+,-8,8
87,86,88,22,75,0,72.5,-,-1,1
86,88,98,36,0,0,0,-,-12,12
85,85,96,32,100,14,98,-,-11,11
84,87,98,25,0,0,0,-,-14,14
83,81,89,12,0,0,0,+,-6,6
82,79,100,24,68,0,0,-,-18,18
81,80,82,17,59,0,75,-,-1,1
80,73,82,8,30,0,0,-,-2,2
79,68,100,6,0,0,0,+,-21,21
78,84,100,29,0,0,0,+,-22,22
77,82,93,23,92,72,90.5,-,-16,16
76,76,83,7,0,0,0,+,-7,7
75,83,94,38,94,94,94,-,-19,19
74,78,86,17,0,0,0,-,-12,12
73,77,87,25,0,0,0,-,-14,14
72,75,92,20,0,0,0,-,-20,20
71,72,81,23,64,0,61.5,+,-10,10
70,74,76,21,71,0,74.5,-,-6,6
69,66,90,7,6,0,0,+,-21,21
68,70,73,21,76,0,67.5,-,-5,5
67,64,67,13,63,0,13.5,-,0,0
66,71,77,5,83,0,0,-,-11,11
65,59,93,8,58,0,76.5,+,-28,28
64,65,72,12,0,0,0,-,-8,8
63,69,100,35,63,0,13.5,-,-37,37
62,57,72,12,0,0,0,-,-10,10
61,61,77,6,77,0,84.5,-,-16,16
60,67,88,23,95,98,96.5,-,-28,28
59,62,62,10,0,0,0,-,-3,3
58,52,58,22,0,0,0,-,0,0
57,63,83,3,0,0,0,-,-26,26
56,58,85,25,97,24,99.5,-,-29,29
55,50,55,13,42,0,50.5,-,0,0
54,60,88,20,0,0,0,-,-34,34
53,56,69,17,0,0,0,-,-16,16
52,55,97,34,0,0,0,-,-45,45
51,42,71,8,0,0,0,+,-20,20
50,54,58,10,0,0,0,-,-8,8
49,44,52,11,49,0,46.5,-,-3,3
48,43,51,9,73,0,58.5,+,-3,3
47,30,65,6,0,0,0,+,-18,18
46,53,74,11,0,0,0,+,-28,28
45,49,49,8,24,0,1,-,-4,4
44,38,49,7,74,0,88,-,-5,5
43,29,47,19,43,0,78.5,-,-4,4
42,19,85,2,13,0,66,+,-43,43
41,39,46,16,0,0,0,-,-5,5
40,33,54,6,14,0,5,-,-14,14
39,48,57,13,0,0,0,-,-18,18
38,35,51,9,0,0,0,-,-13,13
37,37,54,7,78,0,89,-,-17,17
36,47,81,4,12,60,0,-,-45,45
35,34,54,14,0,0,0,-,-19,19
34,21,48,4,0,0,18,-,-14,14
33,0,46,2,96,68,81.5,-,-13,13
32,20,42,4,5,0,39.5,-,-10,10
31,27,31,5,0,0,0,-,0,0
30,28,61,15,43,0,78.5,+,-31,31
29,0,29,1,0,0,0,-,0,0
28,0,53,1,57,0,63.5,-,-25,25
27,17,42,3,0,0,0,+,-15,15
26,36,75,13,0,0,0,-,-49,49
25,8,55,3,0,0,0,+,-30,30
24,22,24,10,0,0,0,-,0,0
23,10,23,4,0,0,0,-,0,0
22,0,22,2,0,0,0,-,0,0
21,0,97,1,0,0,0,-,-76,76
20,15,35,14,0,0,0,-,-15,15
19,18,88,12,87,76,89.5,-,-69,69
18,26,59,20,0,0,0,-,-41,41
17,12,86,5,91,86,92.5,+,-69,69
16,16,25,2,0,0,0,-,-9,9
15,9,61,20,0,0,0,-,-46,46
14,11,16,4,0,0,0,-,-2,2
13,0,39,17,0,0,0,-,-26,26
12,13,77,18,0,0,0,-,-65,65
11,1,60,11,0,0,0,-,-49,49
10,32,39,10,0,0,0,-,-29,29
9,14,43,15,0,0,0,-,-34,34
8,0,41,1,0,4,0,-,-33,33
7,23,41,9,0,0,0,-,-34,34
6,0,27,1,0,0,26,+,-21,21
5,3,71,17,0,0,0,-,-66,66
4,0,28,12,0,0,0,+,-24,24
3,0,15,1,0,0,50,+,-12,12
2,0,31,1,26,0,0,+,-29,29
1,0,51,5,45,0,96,+,-50,50
100,100,100,11,0,0,0,+,0,0
99,99,100,4,0,0,0,+,-1,1
98,98,99,17,100,38,97,+,-1,1
97,96,97,10,0,0,0,+,0,0
96,0,97,1,96,68,42.5,-,-1,1
95,95,96,18,0,0,0,+,-1,1
94,97,99,12,0,0,0,+,-5,5
93,94,95,19,92,96,93.5,-,-2,2
92,93,100,35,0,0,0,-,-8,8
91,89,97,7,0,0,0,+,-6,6
90,12,96,3,0,0,0,-,-6,6
89,91,91,26,0,0,0,+,-2,2
88,92,98,35,0,0,0,-,-10,10
87,90,98,24,0,0,0,-,-11,11
86,88,88,21,76,0,67.5,+,-2,2
85,87,96,31,100,38,97,+,-11,11
84,85,100,28,0,0,0,-,-16,16
83,86,94,37,93,94,93,-,-11,11
82,84,93,22,90,62,88.5,-,-11,11
81,81,89,11,0,0,0,+,-8,8
80,79,82,16,62,0,73,+,-2,2
79,78,100,23,68,24,0,+,-21,21
78,77,86,16,0,0,0,-,-8,8
77,82,87,24,0,0,0,-,-10,10
76,74,83,6,0,0,0,+,-7,7
75,80,92,19,0,0,0,-,-17,17
74,75,76,20,72,0,76.5,-,-2,2
73,72,82,7,23,0,0,+,-9,9
72,71,81,22,61,0,61.5,-,-9,9
71,73,77,4,83,20,0,-,-6,6
70,69,73,20,78,0,82.5,-,-3,3
69,68,100,34,55,0,11.5,-,-31,31
68,63,100,5,0,0,0,+,-32,32
67,70,88,22,94,98,95.5,-,-21,21
66,57,90,6,0,0,0,+,-24,24
65,67,72,11,0,0,0,-,-7,7
64,66,67,12,55,0,11.5,+,-3,3
63,83,83,2,0,0,0,-,-20,20
62,60,62,9,0,0,0,-,0,0
61,56,77,5,75,0,81.5,+,-16,16
60,64,88,19,0,0,0,-,-28,28
59,55,93,7,49,0,70,+,-34,34
58,65,85,24,98,92,98.5,-,-27,27
57,61,72,11,0,0,0,+,-15,15
56,62,69,16,0,0,0,-,-13,13
55,59,97,33,0,0,0,-,-42,42
54,53,58,9,0,0,0,-,-4,4
53,49,74,10,0,0,0,-,-21,21
52,50,58,21,0,0,0,+,-6,6
51,58,91,26,51,0,0,-,-40,40
50,48,55,12,35,0,48.5,+,-5,5
49,43,49,7,20,0,0,-,0,0
48,51,57,12,5,0,0,-,-9,9
47,76,81,3,46,82,0,-,-34,34
46,0,78,1,56,0,0,-,-32,32
45,0,95,1,0,0,0,+,-50,50
44,44,52,10,48,0,36.5,+,-8,8
43,46,51,8,70,0,57.5,+,-8,8
42,42,71,7,0,0,0,+,-29,29
41,45,64,23,80,0,91.5,-,-23,23
40,14,44,20,0,0,0,-,-4,4
39,36,46,15,0,0,0,+,-7,7
38,35,49,6,74,0,88,+,-11,11
37,47,54,6,80,0,91.5,+,-17,17
36,54,75,12,0,0,0,-,-39,39
35,30,51,8,0,0,0,+,-16,16
34,37,54,13,2,0,0,+,-20,20
33,31,54,5,0,0,0,+,-21,21
32,39,39,9,0,0,12,-,-7,7
31,0,34,1,12,0,0,-,-3,3
30,29,65,5,0,0,0,+,-35,35
29,33,47,18,43,0,69.5,+,-18,18
28,23,61,14,43,0,69.5,+,-33,33
27,18,31,4,0,0,0,+,-4,4
26,34,59,19,0,0,0,-,-33,33
25,0,97,1,63,54,0,-,-72,72
24,0,24,1,0,0,0,-,0,0
23,40,41,8,0,0,22,-,-18,18
22,24,24,9,0,0,0,+,-2,2
21,17,48,3,0,0,9.5,+,-27,27
20,9,42,3,0,0,37.5,+,-22,22
19,0,85,1,0,0,50,+,-66,66
18,20,88,11,86,84,85.5,+,-70,70
17,4,42,2,0,0,0,+,-25,25
16,0,25,1,0,0,0,+,-9,9
15,19,35,13,0,0,0,+,-20,20
14,26,43,14,0,0,0,-,-29,29
13,22,77,17,0,0,0,-,-64,64
12,25,86,4,92,96,93.5,+,-74,74
11,16,16,3,0,0,0,+,-5,5
10,8,23,3,0,0,0,+,-13,13
9,13,61,19,0,0,0,+,-52,52
8,3,55,2,0,0,0,+,-47,47
7,21,66,20,0,0,29.5,-,-59,59
6,32,86,5,63,54,0,-,-80,80
5,0,5,1,91,0,99,-,0,0
4,28,80,4,0,0,0,-,-76,76
3,11,71,16,0,0,0,+,-68,68
2,27,27,2,79,0,97.5,-,-25,25
1,6,60,10,0,0,0,+,-59,59
100,100,100,10,0,0,0,+,0,0
99,98,100,3,0,0,0,+,-1,1
98,99,99,16,100,46,96.5,+,-1,1
97,97,99,11,0,0,0,-,-2,2
96,96,97,9,0,0,0,+,-1,1
95,93,96,17,0,0,0,+,-1,1
94,95,95,18,95,88,97.5,-,-1,1
93,94,100,34,0,0,0,-,-7,7
92,92,98,34,0,0,0,-,-6,6
91,88,91,25,0,0,0,-,0,0
90,91,98,23,0,0,0,-,-8,8
89,82,97,6,0,0,0,+,-8,8
88,86,88,20,77,0,74,-,0,0
87,89,96,30,100,46,96.5,-,-9,9
86,84,94,36,94,92,94.5,-,-8,8
85,87,100,27,0,0,0,-,-15,15
84,85,93,21,91,70,90.5,-,-9,9
83,0,83,1,0,0,0,-,0,0
82,83,87,23,0,0,0,-,-5,5
81,77,89,10,0,0,0,+,-8,8
80,90,92,18,0,0,0,-,-12,12
79,80,82,15,69,0,76,+,-3,3
78,81,100,22,70,0,0,+,-22,22
77,79,86,15,0,0,0,+,-9,9
76,38,81,2,87,100,0,-,-5,5
75,76,76,19,75,0,78,-,-1,1
74,71,83,5,0,0,0,+,-9,9
73,74,77,3,84,12,0,-,-4,4
72,65,82,6,15,0,0,+,-10,10
71,75,81,21,66,0,64,+,-10,10
70,78,88,21,92,98,97,-,-18,18
69,68,73,19,72,0,36.5,+,-4,4
68,73,100,33,57,0,19,+,-32,32
67,64,72,10,0,0,0,-,-5,5
66,58,67,11,57,0,19,-,-1,1
65,69,85,23,98,84,99,-,-20,20
64,70,88,18,0,0,0,-,-24,24
63,60,100,4,0,0,0,+,-37,37
62,66,69,15,0,0,0,-,-7,7
61,61,72,10,0,0,0,-,-11,11
60,54,62,8,0,0,0,+,-2,2
59,62,97,32,0,0,0,-,-38,38
58,63,91,25,62,0,0,-,-33,33
57,49,90,5,0,0,0,+,-33,33
56,48,77,4,71,0,79.5,+,-21,21
55,50,93,6,47,0,71.5,+,-38,38
54,72,75,11,0,0,0,-,-21,21
53,52,58,8,0,0,0,+,-5,5
52,59,83,35,0,0,0,-,-31,31
51,57,57,11,4,0,0,-,-6,6
50,47,58,20,0,0,0,+,-8,8
49,19,74,9,0,0,0,+,-25,25
48,45,55,11,42,0,46,+,-7,7
47,43,54,5,83,0,91.5,-,-7,7
46,40,51,7,76,0,57,-,-5,5
45,44,64,22,83,0,91.5,-,-19,19
44,39,52,9,48,0,29,+,-8,8
43,29,49,6,0,0,0,+,-6,6
42,36,71,6,0,0,0,+,-29,29
41,0,41,1,0,0,0,-,0,0
40,41,41,7,35,0,68,-,-1,1
39,34,39,8,0,0,0,-,0,0
38,0,46,1,97,82,82,-,-8,8
37,37,54,12,7,0,0,-,-17,17
36,31,46,14,0,0,0,+,-10,10
35,30,49,5,80,0,91,+,-14,14
34,46,59,18,0,0,0,-,-25,25
33,35,47,17,43,0,70.5,-,-14,14
32,42,86,4,55,76,0,-,-54,54
31,25,54,4,0,0,0,+,-23,23
30,22,51,7,0,0,0,+,-21,21
29,23,65,4,0,0,0,+,-36,36
28,67,80,3,0,0,0,-,-52,52
27,0,27,1,93,42,100,-,0,0
26,27,43,13,0,0,0,-,-17,17
25,33,86,3,95,88,97.5,-,-61,61
24,8,24,8,0,0,0,-,0,0
23,16,61,13,43,0,70.5,+,-38,38
22,24,77,16,0,0,0,-,-55,55
21,32,66,19,0,0,33,-,-45,45
20,14,88,10,88,78,89.5,-,-68,68
19,17,35,12,0,0,0,-,-16,16
18,15,31,3,0,0,0,+,-13,13
17,12,48,2,0,0,11,+,-31,31
16,6,16,2,5,0,0,-,0,0
15,21,56,19,29,0,63,-,-41,41
14,0,44,19,0,0,0,+,-30,30
13,18,61,18,0,0,0,-,-48,48
12,0,96,2,0,0,0,+,-84,84
11,20,71,15,0,0,0,-,-60,60
10,0,10,1,0,0,0,-,0,0
9,9,42,2,0,0,32,+,-33,33
8,7,23,2,0,0,0,+,-15,15
7,0,7,1,0,0,0,-,0,0
6,13,60,9,5,0,0,-,-54,54
5,10,51,4,73,28,95.5,-,-46,46
4,0,42,1,0,0,0,+,-38,38
3,0,55,1,0,0,1,+,-52,52
2,11,39,16,0,0,0,-,-37,37
1,0,22,1,0,0,0,-,-21,21
100,100,100,9,0,0,0,+,0,0
99,99,99,15,99,50,97,-,0,0
98,61,100,2,0,0,0,+,-2,2
97,98,99,10,0,0,0,+,-2,2
96,97,97,8,0,0,0,+,-1,1
95,95,95,17,100,94,100,-,0,0
94,96,100,33,0,0,0,-,-6,6
93,93,96,16,0,0,0,+,-3,3
92,94,98,33,0,0,0,+,-6,6
91,91,98,22,0,0,0,-,-7,7
90,92,92,17,0,0,0,-,-2,2
89,90,96,29,99,50,97,-,-7,7
88,82,91,24,0,0,0,+,-3,3
87,87,100,26,0,0,0,-,-13,13
86,85,88,19,77,0,75.5,+,-2,2
85,88,93,20,93,64,93,-,-8,8
84,89,94,35,96,92,96,+,-10,10
83,86,87,22,0,0,0,-,-4,4
82,83,97,5,0,0,0,+,-15,15
81,84,100,21,76,30,0,-,-19,19
80,79,82,14,73,0,81.5,-,-2,2
79,78,86,14,0,0,0,-,-7,7
78,81,88,20,92,96,95.5,-,-10,10
77,70,89,9,0,0,0,+,-12,12
76,76,76,18,74,0,78,-,0,0
75,74,81,20,75,0,71.5,-,-6,6
74,77,77,2,85,0,0,-,-3,3
73,73,100,32,57,0,19,-,-27,27
72,75,75,10,0,0,0,-,-3,3
71,67,83,4,0,0,0,+,-12,12
70,71,88,17,0,0,0,-,-18,18
69,68,85,22,98,86,99.5,-,-16,16
68,72,73,18,69,0,25,+,-5,5
67,80,80,2,0,0,0,-,-13,13
66,69,69,14,0,0,0,-,-3,3
65,49,82,5,0,0,0,+,-17,17
64,64,72,9,0,0,0,+,-8,8
63,63,91,24,63,0,0,-,-28,28
62,62,97,31,0,0,0,-,-35,35
61,58,72,9,0,0,0,+,-11,11
60,24,100,3,0,0,0,+,-40,40
59,57,83,34,0,0,0,-,-24,24
58,66,67,10,57,0,19,+,-9,9
57,48,57,10,16,0,0,-,0,0
56,60,100,36,0,0,0,-,-44,44
55,56,97,37,0,0,0,-,-42,42
54,52,62,7,0,0,0,+,-8,8
53,65,81,26,0,0,0,-,-28,28
52,51,58,7,0,0,0,+,-6,6
51,54,87,22,87,0,95,-,-36,36
50,43,93,5,48,0,69,+,-43,43
49,36,90,4,0,0,0,+,-41,41
48,41,77,3,70,0,80.5,+,-29,29
47,46,58,19,0,0,0,+,-11,11
46,53,59,17,0,0,0,-,-13,13
45,42,55,10,46,0,49.5,+,-10,10
44,45,64,21,81,0,91.5,+,-20,20
43,39,54,4,81,0,91.5,+,-11,11
42,59,86,3,32,54,0,-,-44,44
41,34,41,6,0,0,0,-,0,0
40,30,51,6,94,0,98.5,+,-11,11
39,31,52,8,33,0,27.5,+,-13,13
38,0,81,1,90,100,0,+,-43,43
37,32,54,11,18,0,0,+,-17,17
36,27,71,5,0,0,0,+,-35,35
35,40,47,16,43,0,70,-,-12,12
34,37,39,7,0,0,0,+,-5,5
33,0,86,2,100,94,100,-,-53,53
32,47,66,18,5,0,43.5,-,-34,34
31,25,46,13,0,0,0,+,-15,15
30,26,49,4,86,0,96.5,+,-19,19
29,22,49,5,0,0,0,+,-20,20
28,50,65,11,66,0,77.5,-,-37,37
27,33,43,12,0,0,0,-,-16,16
26,35,88,20,72,0,72,-,-62,62
25,20,54,3,3,0,2.5,+,-29,29
24,38,77,15,0,0,0,-,-53,53
23,17,65,3,0,0,0,+,-42,42
22,16,51,6,0,0,0,+,-29,29
21,29,56,18,50,0,68,-,-35,35
20,28,71,14,0,0,0,-,-51,51
19,13,74,8,0,0,0,+,-55,55
18,23,61,17,0,0,0,-,-43,43
17,18,35,11,0,0,0,+,-18,18
16,8,61,12,43,0,70,+,-45,45
15,14,31,2,0,0,0,+,-16,16
14,12,88,9,89,44,92.5,+,-74,74
13,19,60,8,12,0,0,-,-47,47
12,0,48,1,0,0,3,+,-36,36
11,15,39,15,0,0,0,-,-28,28
10,4,51,3,78,0,97.5,-,-41,41
9,0,42,1,0,0,39.5,+,-33,33
8,6,24,7,0,0,0,+,-16,16
7,0,23,1,0,0,0,+,-16,16
6,0,16,1,12,0,0,+,-10,10
5,11,68,10,0,0,0,-,-63,63
4,7,28,19,0,0,0,-,-24,24
3,0,17,4,0,0,0,-,-14,14
2,21,22,8,0,0,9.5,-,-20,20
1,3,65,11,0,0,0,-,-64,64
100,100,100,8,0,0,0,+,0,0
99,99,99,14,100,32,96.5,+,0,0
98,98,99,9,0,0,0,-,-1,1
97,95,97,7,0,0,0,-,0,0
96,97,100,32,0,0,0,-,-4,4
95,93,95,16,97,100,51,+,0,0
94,96,98,32,0,0,0,-,-4,4
93,89,96,15,0,0,0,+,-3,3
92,88,92,16,0,0,0,-,0,0
91,94,98,21,0,0,0,+,-7,7
90,92,96,28,100,32,96.5,-,-6,6
89,90,94,34,96,80,94.5,-,-5,5
88,91,93,19,95,78,94,-,-5,5
87,87,100,25,0,0,0,+,-13,13
86,85,87,21,0,0,0,-,-1,1
85,81,88,18,70,0,80,+,-3,3
84,83,100,20,77,10,0,-,-16,16
83,82,97,4,0,0,0,-,-14,14
82,78,91,23,0,0,0,+,-9,9
81,84,88,19,94,96,95,-,-7,7
80,0,80,1,0,0,0,-,0,0
79,80,82,13,67,0,85.5,+,-3,3
78,79,86,13,0,0,0,+,-8,8
77,0,77,1,87,36,0,-,0,0
76,75,76,17,72,0,87.5,+,0,0
75,70,75,9,0,0,0,-,0,0
74,72,81,19,69,0,74.5,+,-7,7
73,76,100,31,58,0,32,+,-27,27
72,69,73,17,74,0,59,-,-1,1
71,74,88,16,0,0,0,-,-17,17
70,68,89,8,0,0,0,+,-19,19
69,64,69,13,0,0,0,-,0,0
68,71,85,21,99,92,100,+,-17,17
67,77,83,3,0,0,0,+,-16,16
66,67,67,9,58,0,32,-,-1,1
65,73,81,25,0,0,0,-,-16,16
64,61,72,8,0,0,0,+,-8,8
63,65,91,23,63,0,0,+,-28,28
62,66,97,30,0,0,0,+,-35,35
61,0,100,1,0,0,0,+,-39,39
60,60,100,35,0,0,0,-,-40,40
59,86,86,2,43,74,0,-,-27,27
58,51,72,8,0,0,0,+,-14,14
57,57,83,33,0,0,0,+,-26,26
56,58,97,36,0,0,16,-,-41,41
55,56,99,36,66,0,76.5,-,-44,44
54,52,87,21,86,0,95.5,-,-33,33
53,59,59,16,0,0,0,-,-6,6
52,50,62,6,0,0,0,+,-10,10
51,53,58,6,0,0,0,+,-7,7
50,55,65,10,66,0,76.5,-,-15,15
49,34,82,4,0,0,0,+,-33,33
48,46,57,9,11,0,0,+,-9,9
47,62,66,17,33,0,55,-,-19,19
46,38,58,18,0,0,0,+,-12,12
45,45,64,20,80,0,91.5,-,-19,19
44,0,44,1,0,0,0,-,0,0
43,39,93,4,36,0,71.5,+,-50,50
42,37,55,9,42,0,53,+,-13,13
41,28,77,2,65,0,83,+,-36,36
40,47,47,15,40,0,59.5,-,-7,7
39,54,54,3,80,0,91.5,+,-15,15
38,49,77,14,0,0,0,-,-39,39
37,36,39,6,0,0,0,-,-2,2
36,31,36,3,0,0,0,+,0,0
35,48,88,19,76,26,78.5,-,-53,53
34,30,41,5,0,0,0,+,-7,7
33,40,43,11,0,0,0,-,-10,10
32,41,54,10,16,0,0,+,-22,22
31,18,52,7,25,0,22.5,+,-21,21
30,21,51,5,71,0,64,+,-21,21
29,44,56,17,53,0,73,-,-27,27
28,42,71,13,0,0,0,-,-43,43
27,15,71,4,0,0,0,+,-44,44
26,32,49,3,93,0,97.5,+,-23,23
25,19,46,12,0,0,0,+,-21,21
24,5,100,2,0,0,0,+,-76,76
23,35,61,16,0,0,0,-,-38,38
22,16,49,4,0,0,0,+,-27,27
21,10,22,7,2,0,25,-,-1,1
20,12,54,2,1,0,6,+,-34,34
19,27,60,7,0,0,0,-,-41,41
18,33,35,10,0,0,0,-,-17,17
17,3,65,2,0,0,0,+,-48,48
16,20,51,5,0,0,0,+,-35,35
15,24,39,14,0,0,0,-,-24,24
14,0,31,1,0,0,0,+,-17,17
13,6,74,7,0,0,0,+,-61,61
12,13,88,8,92,62,93,+,-76,76
11,23,68,9,0,0,0,-,-57,57
10,0,10,1,100,32,96.5,-,0,0
9,17,47,15,0,0,0,-,-38,38
8,2,61,11,40,0,59.5,+,-53,53
7,9,28,18,0,0,0,-,-21,21
6,8,24,6,0,0,0,+,-18,18
5,7,30,4,19,54,11,-,-25,25
4,0,51,2,79,0,97,+,-47,47
3,4,65,10,0,0,0,-,-62,62
2,1,44,18,0,0,0,-,-42,42
1,0,28,11,0,0,0,-,-27,27
100,100,100,7,0,0,0,+,0,0
99,99,99,13,99,70,94.5,+,0,0
98,98,99,8,0,0,0,+,-1,1
97,97,100,31,0,0,0,-,-3,3
96,96,98,31,0,0,0,-,-2,2
95,89,97,6,0,0,0,+,-2,2
94,94,98,20,0,0,0,-,-4,4
93,88,95,15,92,100,46,+,-2,2
92,95,96,27,99,70,94.5,-,-4,4
91,93,93,18,94,78,92,-,-2,2
90,92,94,33,96,72,93.5,-,-4,4
89,87,96,14,0,0,0,+,-7,7
88,91,92,15,0,0,0,+,-4,4
87,90,100,24,0,0,0,+,-13,13
86,0,86,1,88,86,0,-,0,0
85,84,87,20,0,0,0,+,-2,2
84,86,88,18,95,96,96,-,-4,4
83,85,100,19,77,24,0,+,-17,17
82,83,97,3,0,0,0,+,-15,15
81,81,88,17,66,0,73.5,+,-7,7
80,82,82,12,68,0,84.5,-,-2,2
79,80,86,12,0,0,0,-,-7,7
78,79,91,22,0,0,0,+,-13,13
77,49,83,2,0,0,0,-,-6,6
76,77,100,30,61,0,35.5,-,-24,24
75,75,76,16,78,0,88,+,-1,1
74,78,88,15,0,0,0,-,-14,14
73,76,81,24,0,0,0,-,-8,8
72,72,81,18,72,0,72,+,-9,9
71,74,85,20,98,90,99.5,-,-14,14
70,71,75,8,0,0,0,+,-5,5
69,73,73,16,76,0,57,+,-4,4
68,62,89,7,0,0,0,+,-21,21
67,67,67,8,61,0,35.5,-,0,0
66,70,97,29,0,0,0,-,-31,31
65,69,91,22,63,0,0,-,-26,26
64,65,69,12,0,0,0,+,-5,5
63,64,99,52,99,70,94.5,-,-36,36
62,66,66,16,54,0,64.5,-,-4,4
61,52,72,7,0,0,0,+,-11,11
60,63,100,34,0,0,0,+,-40,40
59,55,59,15,0,0,0,-,0,0
58,60,97,35,9,0,29,-,-39,39
57,57,83,32,0,0,0,+,-26,26
56,56,99,35,70,0,76,-,-43,43
55,59,65,9,70,0,76,-,-10,10
54,3,54,2,83,18,89.5,-,0,0
53,58,58,5,0,0,0,-,-5,5
52,61,87,20,89,0,95.5,+,-35,35
51,50,72,7,0,0,0,+,-21,21
50,45,62,5,0,0,0,+,-12,12
49,54,77,13,0,0,0,-,-28,28
48,53,88,18,74,10,75.5,-,-40,40
47,44,47,14,33,0,52.5,-,0,0
46,34,57,8,1,0,0,+,-11,11
45,42,64,19,83,18,89.5,+,-19,19
44,48,56,16,53,0,73,-,-12,12
43,51,93,20,0,0,0,-,-50,50
42,46,71,12,0,0,0,-,-29,29
41,47,54,9,13,0,0,-,-13,13
40,43,43,10,0,0,0,-,-3,3
39,22,93,3,30,0,68.5,+,-54,54
38,25,58,17,0,0,0,+,-20,20
37,33,55,8,40,0,56,+,-18,18
36,27,39,5,0,0,0,+,-3,3
35,40,61,15,0,0,0,-,-26,26
34,19,82,3,0,0,0,+,-48,48
33,35,35,9,0,0,0,-,-2,2
32,0,49,2,100,0,100,-,-17,17
31,5,36,2,0,0,0,+,-5,5
30,21,41,4,0,0,0,+,-11,11
29,39,90,9,62,84,0,-,-61,61
28,0,77,1,56,0,81.5,+,-49,49
27,38,60,6,0,0,0,-,-33,33
26,0,26,1,0,0,0,-,0,0
25,68,84,9,0,0,0,-,-59,59
24,31,39,13,0,0,0,-,-15,15
23,29,68,8,0,0,0,-,-45,45
22,30,40,12,51,0,66.5,-,-18,18
21,13,51,4,71,0,61,+,-30,30
20,20,51,4,0,0,0,-,-31,31
19,18,46,11,0,0,0,+,-27,27
18,17,52,6,17,0,5.5,+,-34,34
17,28,47,14,0,0,0,-,-30,30
16,8,49,3,0,0,0,+,-33,33
15,41,71,3,0,0,0,+,-56,56
14,24,52,14,98,90,99.5,-,-38,38
13,32,88,7,93,94,93,-,-75,75
12,0,54,1,0,0,0,+,-42,42
11,37,46,17,0,0,0,-,-35,35
10,15,22,6,0,0,39,+,-12,12
9,23,28,17,0,0,0,-,-19,19
8,10,24,5,0,0,0,-,-16,16
7,11,30,3,43,88,17.5,-,-23,23
6,7,74,6,0,0,0,+,-68,68
5,0,100,1,0,0,0,+,-95,95
4,16,65,9,0,0,0,-,-61,61
3,0,65,1,0,0,0,+,-62,62
2,6,61,10,33,0,52.5,+,-59,59
1,14,44,17,0,0,0,+,-43,43
100,100,100,6,0,0,0,+,0,0
99,98,99,12,99,48,97,+,0,0
98,99,99,7,0,0,0,+,-1,1
97,97,100,30,0,0,0,+,-3,3
96,96,98,30,0,0,0,+,-2,2
95,94,96,26,99,48,97,-,-1,1
94,95,98,19,0,0,0,+,-4,4
93,90,93,17,94,64,93.5,-,0,0
92,91,94,32,97,96,96.5,-,-2,2
91,89,92,14,0,0,0,-,-1,1
90,92,100,23,0,0,0,-,-10,10
89,88,97,5,0,0,0,+,-8,8
88,93,95,14,89,98,49,+,-7,7
87,83,96,13,0,0,0,+,-9,9
86,86,88,17,93,100,95,-,-2,2
85,87,100,18,77,22,0,-,-15,15
84,85,87,19,0,0,0,+,-3,3
83,70,97,2,0,0,0,-,-14,14
82,80,82,11,73,0,89,-,0,0
81,81,88,16,68,0,77.5,+,-7,7
80,82,86,11,0,0,0,-,-6,6
79,78,91,21,0,0,0,-,-12,12
78,79,88,14,0,0,0,-,-10,10
77,76,100,29,63,0,41,-,-23,23
76,77,81,23,0,0,0,-,-5,5
75,74,76,15,85,0,88.5,+,-1,1
74,75,85,19,100,88,99,-,-11,11
73,73,73,15,78,0,66,-,0,0
72,59,81,17,69,0,73.5,+,-9,9
71,69,75,7,0,0,0,-,-4,4
70,72,97,28,0,0,0,-,-27,27
69,71,91,21,64,0,0,-,-22,22
68,84,84,8,0,0,0,-,-16,16
67,60,67,7,63,0,41,+,0,0
66,58,66,15,57,0,80,-,0,0
65,68,69,11,0,0,0,-,-4,4
64,64,99,51,99,48,97,-,-35,35
63,66,100,33,0,0,0,-,-37,37
62,52,89,6,0,0,0,+,-27,27
61,67,87,19,91,0,98,-,-26,26
60,63,97,34,14,0,34.5,-,-37,37
59,65,65,8,79,0,87.5,-,-6,6
58,28,58,4,0,0,0,-,0,0
57,57,83,31,0,0,0,+,-26,26
56,55,99,34,79,0,87.5,+,-43,43
55,53,59,14,0,0,0,+,-4,4
54,61,77,12,0,0,0,-,-23,23
53,62,88,17,81,0,83.5,-,-35,35
52,50,72,6,0,0,0,+,-20,20
51,56,93,19,0,0,0,-,-42,42
50,36,72,6,0,0,0,+,-22,22
49,0,83,1,0,0,0,+,-34,34
48,51,56,15,54,0,81,-,-8,8
47,33,54,8,35,0,0,-,-7,7
46,49,71,11,0,0,0,-,-25,25
45,44,62,4,0,0,0,+,-17,17
44,43,47,13,39,0,55.5,+,-3,3
43,38,43,9,0,0,0,-,0,0
42,32,64,18,83,60,90,+,-22,22
41,45,71,2,0,0,0,-,-30,30
40,42,61,14,0,0,0,-,-21,21
39,48,90,8,67,78,0,-,-51,51
38,47,60,5,0,0,0,-,-22,22
37,46,46,16,21,0,37.5,-,-9,9
36,39,90,20,92,80,96,-,-54,54
35,34,35,8,0,0,0,-,0,0
34,25,57,7,0,0,0,+,-23,23
33,29,55,7,51,0,78.5,+,-22,22
32,0,88,6,92,80,96,-,-56,56
31,35,39,12,0,0,0,-,-8,8
30,31,40,11,80,0,91.5,-,-10,10
29,40,68,7,0,0,0,-,-39,39
28,37,47,13,0,0,0,-,-19,19
27,23,39,4,0,0,0,+,-12,12
26,41,53,16,0,0,5.5,-,-27,27
25,21,58,16,0,0,0,+,-33,33
24,0,52,13,100,88,99,-,-28,28
23,24,28,16,0,0,0,-,-5,5
22,6,93,2,31,0,69,+,-71,71
21,13,41,3,0,0,0,+,-20,20
20,19,51,3,0,0,0,+,-31,31
19,16,82,2,0,0,0,+,-63,63
18,20,46,10,0,0,0,+,-28,28
17,17,52,5,18,2,9.5,+,-35,35
16,27,65,8,0,0,0,-,-49,49
15,18,22,5,13,0,58.5,-,-7,7
14,26,44,16,0,0,0,-,-30,30
13,12,51,3,61,0,65,+,-38,38
12,22,62,15,62,50,62.5,-,-50,50
11,30,30,2,22,32,18.5,-,-19,19
10,7,24,4,0,0,0,-,-14,14
9,0,51,1,0,0,0,-,-42,42
8,4,49,2,0,0,0,+,-41,41
7,8,74,5,0,0,0,-,-67,67
6,9,61,9,39,0,55.5,-,-55,55
5,0,90,1,0,0,0,+,-85,85
4,0,18,3,97,96,96.5,-,-14,14
3,0,54,1,83,60,90,+,-51,51
2,5,28,10,0,0,0,-,-26,26
1,11,67,14,83,60,90,-,-66,66
100,100,100,5,0,0,0,+,0,0
99,99,99,6,0,0,0,-,0,0
98,97,99,11,97,26,95.5,+,-1,1
97,98,100,29,0,0,0,+,-3,3
96,94,98,29,0,0,0,+,-2,2
95,95,98,18,0,0,0,-,-3,3
94,96,96,25,97,26,95.5,+,-2,2
93,91,95,13,88,72,49.5,-,-2,2
92,93,100,22,0,0,0,-,-8,8
91,90,94,31,95,90,96,+,-3,3
90,92,93,16,91,0,95,+,-3,3
89,88,92,13,0,0,0,+,-3,3
88,85,97,4,0,0,0,+,-9,9
87,89,100,17,78,0,0,-,-13,13
86,86,88,16,92,100,93.5,+,-2,2
85,87,87,18,0,0,0,-,-2,2
84,43,84,7,0,0,0,-,0,0
83,82,96,12,0,0,0,+,-13,13
82,84,86,10,0,0,0,-,-4,4
81,81,88,15,66,0,77,+,-7,7
80,80,82,10,75,0,92.5,+,-2,2
79,83,88,13,0,0,0,-,-9,9
78,76,91,20,0,0,0,+,-13,13
77,78,81,22,0,0,0,-,-4,4
76,79,100,28,60,0,39.5,+,-24,24
75,77,85,18,98,84,98.5,-,-10,10
74,73,76,14,81,42,89,+,-2,2
73,72,73,14,79,0,66.5,+,0,0
72,75,97,27,0,0,0,-,-25,25
71,74,91,20,69,0,0,-,-20,20
70,0,97,1,0,0,0,+,-27,27
69,66,75,6,0,0,0,+,-6,6
68,65,69,10,0,0,0,-,-1,1
67,71,87,18,100,0,99.5,-,-20,20
66,62,100,32,0,0,0,-,-34,34
65,54,65,7,77,0,85,-,0,0
64,64,99,50,97,26,95.5,+,-35,35
63,68,97,33,16,0,27.5,-,-34,34
62,69,88,16,82,0,87,-,-26,26
61,70,77,11,0,0,0,-,-16,16
60,67,67,6,60,0,39.5,+,-7,7
59,61,81,16,54,0,64.5,+,-22,22
58,59,66,14,44,0,55.5,+,-8,8
57,58,83,30,0,0,0,+,-26,26
56,63,93,18,0,0,0,-,-37,37
55,55,99,33,77,0,85,+,-44,44
54,52,92,46,41,0,50,-,-38,38
53,50,59,13,0,0,0,+,-6,6
52,48,89,5,0,0,0,+,-37,37
51,56,56,14,61,0,80,-,-5,5
50,47,72,5,0,0,0,+,-22,22
49,49,71,10,0,0,0,-,-22,22
48,57,90,7,59,56,0,-,-42,42
47,60,60,4,7,0,0,-,-13,13
46,42,46,15,24,0,6.5,-,0,0
45,0,71,1,0,0,0,-,-26,26
44,31,62,3,0,0,0,+,-18,18
43,41,47,12,36,0,56,+,-4,4
42,45,61,13,0,0,0,-,-19,19
41,51,53,15,17,0,27,-,-12,12
40,46,68,6,0,0,0,-,-28,28
39,33,90,19,93,98,97,-,-51,51
38,32,43,8,0,0,0,+,-5,5
37,44,47,12,0,0,0,-,-10,10
36,25,72,5,0,0,0,+,-36,36
35,39,39,11,0,0,0,-,-4,4
34,35,35,7,0,0,0,+,-1,1
33,34,54,7,18,0,0,+,-21,21
32,30,64,17,74,60,90,+,-32,32
31,40,40,10,64,0,82,-,-9,9
30,0,30,1,49,82,19.5,-,0,0
29,36,55,6,50,0,73,+,-26,26
28,19,58,3,0,0,0,+,-30,30
27,29,65,7,0,0,0,-,-38,38
26,38,44,15,0,0,0,-,-18,18
25,28,57,6,0,0,0,+,-32,32
24,26,28,15,0,0,0,-,-4,4
23,18,39,3,0,0,0,+,-16,16
22,24,62,14,71,76,63,-,-40,40
21,15,58,15,0,0,0,+,-37,37
20,23,46,9,0,0,0,-,-26,26
19,7,51,2,0,0,0,+,-32,32
18,20,22,4,30,0,72,-,-4,4
17,14,52,4,9,0,10.5,+,-35,35
16,0,82,1,0,0,0,-,-66,66
15,37,60,20,72,6,78,-,-45,45
14,0,14,1,87,0,96.5,-,0,0
13,2,41,2,0,0,0,+,-28,28
12,1,51,2,63,0,68.5,+,-39,39
11,0,67,13,74,60,90,-,-56,56
10,27,57,20,26,0,46.5,-,-47,47
9,4,61,8,36,0,56,-,-52,52
8,12,74,4,0,0,0,-,-66,66
7,8,24,3,0,0,0,+,-17,17
6,0,93,1,33,0,61.5,+,-87,87
5,11,28,9,0,0,0,-,-23,23
4,0,49,1,0,0,0,+,-45,45
3,9,19,8,0,0,0,-,-16,16
2,16,58,17,35,0,54.5,-,-56,56
1,13,17,3,0,0,0,-,-16,16
100,100,100,4,0,0,0,+,0,0
99,98,99,5,0,0,0,+,0,0
98,99,100,28,0,0,0,-,-2,2
97,97,99,10,98,40,97.5,+,-2,2
96,95,96,24,98,40,97.5,-,0,0
95,96,98,17,0,0,0,+,-3,3
94,93,98,28,0,0,0,+,-4,4
93,94,100,21,0,0,0,-,-7,7
92,91,93,15,94,32,97,-,-1,1
91,89,95,12,93,98,55,+,-4,4
90,90,94,30,97,86,96.5,+,-4,4
89,92,100,16,86,26,0,-,-11,11
88,83,92,12,0,0,0,+,-4,4
87,87,87,17,0,0,0,-,0,0
86,88,88,15,95,100,93,+,-2,2
85,82,97,3,0,0,0,+,-12,12
84,85,86,9,0,0,0,-,-2,2
83,86,88,12,0,0,0,-,-5,5
82,80,96,11,0,0,0,+,-14,14
81,78,88,14,63,0,77,+,-7,7
80,71,82,9,92,0,98.5,+,-2,2
79,84,100,27,68,0,45,-,-21,21
78,81,81,21,0,0,0,-,-3,3
77,79,85,17,99,94,99.5,-,-8,8
76,73,91,19,0,0,0,+,-15,15
75,75,97,26,0,0,0,-,-22,22
74,77,91,19,77,0,0,-,-17,17
73,66,76,13,84,46,90.5,+,-3,3
72,65,73,13,81,0,70,+,-1,1
71,72,87,17,83,0,37,-,-16,16
70,74,77,10,0,0,0,-,-7,7
69,76,88,15,87,0,91.5,-,-19,19
68,69,97,32,38,0,40.5,-,-29,29
67,64,67,5,68,0,45,-,0,0
66,59,75,5,0,0,0,+,-9,9
65,68,69,9,0,0,0,+,-4,4
64,67,99,49,98,40,97.5,+,-35,35
63,70,93,17,9,0,0,-,-30,30
62,63,100,31,0,0,0,+,-38,38
61,56,81,15,57,0,67,-,-20,20
60,58,60,3,23,0,0,-,0,0
59,53,66,13,50,0,63,-,-7,7
58,60,83,29,0,0,0,-,-25,25
57,62,90,6,74,52,0,-,-33,33
56,51,56,13,66,0,81.5,-,0,0
55,61,99,32,72,0,76.5,+,-44,44
54,46,65,6,72,0,76.5,+,-11,11
53,55,100,41,91,92,87.5,-,-47,47
52,54,92,45,44,0,38.5,+,-40,40
51,52,53,14,41,0,45.5,-,-2,2
50,48,59,12,0,0,0,+,-9,9
49,57,71,9,0,0,0,+,-22,22
48,39,89,4,0,0,0,+,-41,41
47,43,72,4,0,0,0,+,-25,25
46,49,68,5,0,0,0,-,-22,22
45,47,61,12,0,0,0,-,-16,16
44,45,47,11,0,0,0,-,-3,3
43,50,84,6,0,0,0,+,-41,41
42,40,46,14,25,0,21.5,+,-4,4
41,38,47,11,46,0,61.5,+,-6,6
40,31,40,9,79,0,89.5,-,0,0
39,30,39,10,0,0,0,-,0,0
38,44,44,14,0,0,0,-,-6,6
37,42,60,19,67,0,72.5,-,-23,23
36,17,55,5,53,0,72,-,-19,19
35,35,35,6,0,0,0,-,0,0
34,32,54,6,32,0,0,-,-20,20
33,41,90,18,88,84,94,+,-57,57
32,29,43,7,0,0,0,+,-11,11
31,8,62,2,0,0,0,+,-31,31
30,27,64,16,60,56,88.5,+,-34,34
29,34,65,6,0,0,0,-,-36,36
28,26,57,5,0,0,0,-,-29,29
27,37,57,19,49,0,62,-,-30,30
26,28,28,14,0,0,0,-,-2,2
25,21,72,4,0,0,0,+,-47,47
24,33,62,13,76,80,65.5,-,-38,38
23,36,46,8,0,0,0,-,-23,23
22,0,22,1,100,0,100,-,0,0
21,0,21,1,100,0,100,-,0,0
20,22,22,3,45,0,86,-,-2,2
19,11,58,2,0,0,0,+,-39,39
18,3,39,2,0,0,0,+,-21,21
17,0,17,1,100,0,100,-,0,0
16,23,58,16,40,0,56.5,-,-42,42
15,14,58,14,0,0,0,+,-43,43
14,7,52,3,16,12,2.5,+,-38,38
13,0,17,2,1,0,0,-,-4,4
12,10,74,3,0,0,0,-,-62,62
11,18,28,8,0,0,0,-,-17,17
10,25,29,2,37,0,86.5,-,-19,19
9,13,19,7,0,0,0,-,-10,10
8,6,24,2,0,0,0,-,-16,16
7,0,51,1,0,0,0,+,-44,44
6,0,86,1,93,98,55,-,-80,80
5,0,5,1,100,0,100,-,0,0
4,9,61,7,46,0,61.5,+,-57,57
3,0,3,1,100,0,100,-,0,0
2,0,41,1,0,0,0,+,-39,39
1,0,51,1,65,0,69.5,+,-50,50
100,95,100,3,0,0,0,+,0,0
99,100,100,27,0,0,0,-,-1,1
98,99,99,4,0,0,0,+,-1,1
97,97,99,9,99,64,98,+,-2,2
96,98,98,16,0,0,0,-,-2,2
95,94,96,23,99,64,98,+,-1,1
94,96,100,20,0,0,0,-,-6,6
93,93,98,27,0,0,0,+,-5,5
92,92,100,15,85,0,0,-,-8,8
91,90,93,14,97,82,96.5,+,-2,2
90,91,94,29,98,88,96,+,-4,4
89,87,95,11,94,98,58.5,+,-6,6
88,88,88,14,95,100,93.5,-,0,0
87,84,87,16,0,0,0,+,0,0
86,83,88,11,0,0,0,-,-2,2
85,86,86,8,0,0,0,-,-1,1
84,85,100,26,67,0,53,-,-16,16
83,82,92,11,0,0,0,+,-9,9
82,89,97,2,0,0,0,+,-15,15
81,76,81,20,0,0,0,-,0,0
80,75,96,10,0,0,0,+,-16,16
79,79,85,16,100,92,99.5,-,-6,6
78,69,88,13,56,0,76,+,-10,10
77,80,91,18,75,0,0,-,-14,14
76,81,88,14,91,0,92.5,-,-12,12
75,78,97,25,0,0,0,+,-22,22
74,73,77,9,0,0,0,-,-3,3
73,70,91,18,0,0,0,+,-18,18
72,74,87,16,76,0,39.5,-,-15,15
71,61,82,8,44,0,0,+,-11,11
70,77,93,16,18,0,0,-,-23,23
69,71,97,31,27,0,41,-,-28,28
68,64,69,8,0,0,0,-,-1,1
67,66,99,48,99,64,98,-,-32,32
66,60,76,12,65,0,80.5,+,-10,10
65,45,73,12,80,0,67,+,-8,8
64,63,67,4,67,0,53,+,-3,3
63,67,100,30,0,0,0,-,-37,37
62,72,90,5,81,70,3,-,-28,28
61,59,99,31,68,0,77,-,-38,38
60,62,83,28,0,0,0,-,-23,23
59,36,75,4,0,0,0,+,-16,16
58,39,60,2,11,0,0,+,-2,2
57,65,71,8,0,0,0,-,-14,14
56,54,81,14,50,0,63.5,+,-25,25
55,57,100,40,93,90,87,-,-45,45
54,56,92,44,46,0,55,-,-38,38
53,49,66,12,41,0,61.5,+,-13,13
52,53,53,13,39,0,45,-,-1,1
51,55,56,12,64,0,81.5,+,-5,5
50,58,84,5,0,0,0,-,-34,34
49,68,68,4,0,0,0,-,-19,19
48,47,59,11,0,0,0,+,-11,11
47,50,61,11,0,0,0,-,-14,14
46,24,65,5,68,0,77,+,-19,19
45,44,47,10,0,0,0,-,-2,2
44,41,44,13,0,0,0,-,0,0
43,32,72,3,0,0,0,+,-29,29
42,43,60,18,69,0,72,-,-18,18
41,46,90,17,88,38,93,-,-49,49
40,34,46,13,25,0,44.5,+,-6,6
39,20,89,3,0,0,0,+,-50,50
38,31,47,10,40,0,66.5,+,-9,9
37,42,57,18,66,0,82,-,-20,20
36,13,46,7,0,0,0,-,-10,10
35,25,35,5,0,0,0,+,0,0
34,40,65,5,0,0,0,-,-31,31
33,38,62,12,84,96,72.5,-,-29,29
32,27,54,5,16,0,0,+,-22,22
31,30,40,8,86,0,94,+,-9,9
30,2,39,9,0,0,0,+,-9,9
29,23,43,6,0,0,0,+,-14,14
28,19,28,13,0,0,0,-,0,0
27,18,64,15,71,0,86.5,+,-37,37
26,11,57,4,0,0,0,+,-31,31
25,0,29,1,79,0,97,-,-4,4
24,22,50,20,0,0,0,-,-26,26
23,26,58,15,35,0,50,-,-35,35
22,1,22,2,92,0,98.5,-,0,0
21,16,72,3,0,0,0,+,-51,51
20,0,29,2,4,80,0,-,-9,9
19,29,36,12,0,0,6.5,-,-17,17
18,21,28,7,0,0,0,-,-10,10
17,5,55,4,37,0,60.5,+,-38,38
16,35,57,10,46,0,55,-,-41,41
15,15,85,20,0,0,0,-,-70,70
14,3,58,13,0,0,0,+,-44,44
13,12,19,6,0,0,0,-,-6,6
12,14,58,19,45,0,0,-,-46,46
11,0,58,1,0,0,0,+,-47,47
10,7,74,2,0,0,0,+,-64,64
9,10,61,6,40,0,66.5,-,-52,52
8,0,62,1,0,0,0,+,-54,54
7,0,52,2,0,0,2.5,+,-45,45
6,0,24,1,0,0,0,+,-18,18
5,0,5,2,26,0,43.5,-,0,0
4,8,13,5,0,0,0,-,-9,9
3,0,39,1,0,0,0,+,-36,36
2,4,50,17,43,0,79.5,-,-48,48
1,0,18,2,98,88,96,-,-17,17
100,100,100,26,0,0,0,-,0,0
99,96,99,3,0,0,0,-,0,0
98,98,98,15,0,0,0,-,0,0
97,90,99,8,99,64,97.5,+,-2,2
96,99,100,19,0,0,0,-,-4,4
95,92,100,2,0,0,0,+,-5,5
94,94,96,22,99,64,97.5,+,-2,2
93,95,98,26,0,0,0,+,-5,5
92,97,100,14,87,30,0,+,-8,8
91,93,94,28,98,90,96,-,-3,3
90,91,93,13,95,48,95.5,+,-3,3
89,0,97,1,0,0,0,-,-8,8
88,79,88,13,93,98,94,+,0,0
87,83,95,10,89,94,57.5,+,-8,8
86,63,86,7,0,0,0,-,0,0
85,89,100,25,69,0,57,-,-15,15
84,81,87,15,0,0,0,+,-3,3
83,88,88,10,0,0,0,+,-5,5
82,82,92,10,0,0,0,+,-10,10
81,87,88,13,91,8,93.5,-,-7,7
80,84,91,17,80,0,0,-,-11,11
79,80,85,15,100,88,99.5,+,-6,6
78,85,97,24,0,0,0,-,-19,19
77,86,93,15,43,0,0,-,-16,16
76,76,81,19,0,0,0,+,-5,5
75,73,96,9,0,0,0,+,-21,21
74,78,87,15,75,0,47.5,-,-13,13
73,77,77,8,0,0,0,+,-4,4
72,58,90,4,84,70,4.5,-,-18,18
71,75,97,30,35,0,46,-,-26,26
70,74,91,17,0,0,0,+,-21,21
69,69,88,12,53,0,76.5,+,-19,19
68,11,68,3,0,0,0,-,0,0
67,70,100,29,0,0,0,-,-33,33
66,68,99,47,99,64,97.5,+,-33,33
65,71,71,7,0,0,0,-,-6,6
64,38,69,7,0,0,0,+,-5,5
63,64,67,3,69,0,57,+,-4,4
62,66,83,27,0,0,0,-,-21,21
61,55,82,7,40,0,0,+,-21,21
60,61,76,11,66,0,84.5,+,-16,16
59,67,99,30,57,0,71,+,-40,40
58,34,84,4,0,0,0,-,-26,26
57,62,100,39,97,100,89,-,-43,43
56,60,92,43,62,0,70.5,-,-36,36
55,49,56,11,67,0,84,-,-1,1
54,41,81,13,52,0,67,+,-27,27
53,48,53,12,30,0,34.5,-,0,0
52,54,85,34,23,0,44,-,-33,33
51,56,100,42,97,100,89,-,-49,49
50,50,61,10,0,0,0,-,-11,11
49,44,66,11,37,0,63.5,+,-17,17
48,42,50,24,32,0,51,-,-2,2
47,40,59,10,0,0,0,+,-12,12
46,59,90,16,88,66,93,-,-44,44
45,39,73,11,64,0,48,+,-28,28
44,47,47,9,0,0,0,+,-3,3
43,52,60,17,72,24,75,-,-17,17
42,51,57,17,55,0,60,-,-15,15
41,0,44,12,0,0,0,+,-3,3
40,65,65,4,0,0,0,-,-25,25
39,0,60,1,0,0,0,+,-21,21
38,46,62,11,83,92,78,-,-24,24
37,0,37,1,81,0,88.5,-,0,0
36,24,75,3,0,0,0,+,-39,39
35,43,57,9,62,0,70.5,-,-22,22
34,45,46,12,49,0,75.5,+,-12,12
33,36,74,20,0,0,0,-,-41,41
32,72,72,2,0,0,0,+,-40,40
31,31,47,9,29,0,55.5,+,-16,16
30,32,40,7,96,0,98.5,+,-10,10
29,33,36,11,39,0,73,-,-7,7
28,37,87,20,0,0,0,-,-59,59
27,30,54,4,17,0,0,+,-27,27
26,35,58,14,46,0,59,-,-32,32
25,25,35,4,0,0,0,+,-10,10
24,20,65,4,57,0,71,+,-41,41
23,23,43,5,0,0,0,+,-20,20
22,29,50,19,0,0,0,+,-28,28
21,28,28,6,0,0,0,-,-7,7
20,5,89,2,0,0,0,+,-69,69
19,22,28,12,0,0,0,+,-9,9
18,18,64,14,71,0,87.5,+,-46,46
17,0,17,1,2,0,0,-,0,0
16,4,72,2,0,0,0,+,-56,56
15,19,85,19,0,0,0,+,-70,70
14,27,58,18,26,0,0,-,-44,44
13,2,46,6,0,0,0,+,-33,33
12,15,19,5,0,0,0,+,-7,7
11,6,57,3,0,0,0,+,-46,46
10,8,61,5,29,0,55.5,-,-51,51
9,21,51,13,59,0,72,-,-42,42
8,13,13,4,0,0,0,-,-5,5
7,0,74,1,0,0,0,+,-67,67
6,16,64,20,73,0,79.5,-,-58,58
5,1,55,3,36,0,63,+,-50,50
4,9,50,16,28,0,70,-,-46,46
3,3,58,12,0,0,0,+,-55,55
2,7,39,8,0,0,0,+,-37,37
1,0,22,1,0,0,0,+,-21,21
100,100,100,25,0,0,0,+,0,0
99,98,100,18,0,0,0,-,-1,1
98,97,98,14,0,0,0,+,0,0
97,96,100,13,87,0,0,-,-3,3
96,99,99,2,0,0,0,+,-3,3
95,95,98,25,0,0,0,-,-3,3
94,94,96,21,99,58,99,+,-2,2
93,93,94,27,97,94,98,-,-1,1
92,0,100,1,0,0,0,+,-8,8
91,92,93,12,96,64,96.5,-,-2,2
90,86,99,7,99,58,99,+,-9,9
89,91,100,24,72,0,69,-,-11,11
88,87,88,9,0,0,0,-,0,0
87,88,88,12,95,38,94.5,-,-1,1
86,90,93,14,56,0,0,-,-7,7
85,84,97,23,0,0,0,-,-12,12
84,89,91,16,84,0,1,-,-7,7
83,85,95,9,86,96,63,+,-12,12
82,79,92,9,0,0,0,+,-10,10
81,81,87,14,0,0,0,+,-6,6
80,83,85,14,100,92,99.5,-,-5,5
79,78,88,12,93,100,92,+,-9,9
78,82,87,14,81,0,53,-,-9,9
77,76,77,7,0,0,0,-,0,0
76,77,81,18,0,0,0,+,-5,5
75,80,97,29,40,0,51,-,-22,22
74,74,91,16,0,0,0,-,-17,17
73,72,96,8,0,0,0,+,-23,23
72,0,72,1,0,0,0,-,0,0
71,70,71,6,0,0,0,-,0,0
70,75,100,28,0,0,0,-,-30,30
69,69,88,11,43,0,75,+,-19,19
68,73,99,46,99,58,99,-,-31,31
67,71,99,29,61,0,74,-,-32,32
66,66,83,26,0,0,0,-,-17,17
65,21,65,3,0,0,0,-,0,0
64,55,67,2,72,0,69,-,-3,3
63,37,86,6,0,0,0,+,-23,23
62,68,100,38,94,98,90,-,-38,38
61,59,76,10,71,0,87.5,-,-15,15
60,64,92,42,65,0,72,-,-32,32
59,67,90,15,90,26,94,-,-31,31
58,58,90,3,77,84,0.5,+,-32,32
57,62,97,39,21,0,42.5,-,-40,40
56,60,100,41,94,98,90,-,-44,44
55,51,82,6,30,0,0,+,-27,27
54,63,85,33,28,0,62,-,-31,31
53,65,93,21,93,100,92,-,-40,40
52,54,60,16,76,0,80.5,-,-8,8
51,57,57,16,51,0,61,-,-6,6
50,61,61,9,0,0,0,+,-11,11
49,47,56,10,69,0,86.5,+,-7,7
48,53,53,11,31,0,50.5,+,-5,5
47,45,47,8,2,0,0,-,0,0
46,48,62,10,82,90,82.5,-,-16,16
45,35,46,11,88,0,98.5,-,-1,1
44,43,66,10,41,0,70,+,-22,22
43,46,57,8,65,0,72,-,-14,14
42,50,50,23,29,0,53.5,+,-8,8
41,41,81,12,37,0,65.5,+,-40,40
40,38,59,9,0,0,0,+,-19,19
39,39,73,10,63,0,45,+,-34,34
38,42,69,6,0,0,0,+,-31,31
37,56,87,19,0,0,0,-,-50,50
36,52,74,19,0,0,0,-,-38,38
35,44,58,13,52,0,71,-,-23,23
34,49,84,3,0,0,0,+,-50,50
33,36,36,10,0,0,0,-,-3,3
32,30,40,6,89,0,96,-,-8,8
31,33,47,8,27,0,60,+,-16,16
30,40,54,3,17,0,0,-,-24,24
29,31,50,18,0,0,0,-,-21,21
28,26,28,5,0,0,0,-,0,0
27,32,58,17,45,0,0,-,-31,31
26,0,26,3,13,0,0,-,0,0
25,17,35,3,0,0,0,+,-10,10
24,10,75,2,0,0,0,+,-51,51
23,24,43,4,0,0,0,+,-20,20
22,22,28,11,0,0,0,-,-6,6
21,25,51,12,67,0,75.5,-,-30,30
20,14,65,3,61,0,74,+,-45,45
19,23,85,18,0,0,0,-,-66,66
18,7,64,13,66,0,89.5,+,-46,46
17,0,17,1,0,0,0,-,0,0
16,15,64,19,74,0,80,-,-48,48
15,19,19,4,0,0,0,-,-4,4
14,18,19,5,0,0,0,-,-5,5
13,8,13,3,0,0,0,-,0,0
12,27,67,12,66,0,89.5,-,-55,55
11,34,68,2,0,0,0,+,-57,57
10,28,46,12,0,0,0,-,-36,36
9,16,50,15,36,0,73.5,-,-41,41
8,9,61,4,27,0,60,+,-53,53
7,11,39,7,0,0,0,-,-32,32
6,4,57,2,0,0,0,+,-51,51
5,0,89,1,0,0,0,+,-84,84
4,0,72,1,0,0,0,+,-68,68
3,6,58,11,0,0,0,+,-55,55
2,5,46,5,0,0,0,+,-44,44
1,2,55,2,47,0,72.5,+,-54,54
100,100,100,24,0,0,0,+,0,0
99,0,99,1,0,0,0,-,0,0
98,99,100,17,0,0,0,+,-2,2
97,98,98,13,0,0,0,+,-1,1
96,97,100,12,88,16,0,+,-4,4
95,96,98,24,0,0,0,+,-3,3
94,95,96,20,99,64,99,+,-2,2
93,94,94,26,98,80,98.5,+,-1,1
92,91,93,11,96,68,97,-,-1,1
91,92,100,23,80,0,71,-,-9,9
90,93,93,13,65,0,0,-,-3,3
89,89,91,15,83,0,0,-,-2,2
88,87,88,11,92,0,95.5,-,0,0
87,82,88,8,0,0,0,+,-1,1
86,79,99,6,99,64,99,+,-13,13
85,80,95,8,90,94,64.5,-,-10,10
84,88,97,22,0,0,0,+,-13,13
83,83,85,13,100,90,100,-,-2,2
82,86,87,13,86,0,48.5,-,-5,5
81,81,87,13,0,0,0,+,-6,6
80,85,97,28,45,0,53,-,-17,17
79,74,92,8,0,0,0,+,-13,13
78,77,88,11,91,96,95,+,-10,10
77,76,81,17,0,0,0,-,-4,4
76,73,77,6,0,0,0,+,-1,1
75,78,100,27,0,0,0,-,-25,25
74,66,91,15,0,0,0,+,-17,17
73,72,99,45,99,64,99,-,-26,26
72,67,96,7,0,0,0,+,-24,24
71,75,99,28,62,0,74,-,-28,28
70,71,71,5,0,0,0,+,-1,1
69,61,88,10,39,0,72,+,-19,19
68,64,100,37,97,100,91,-,-32,32
67,70,90,14,94,92,96,-,-23,23
66,68,83,25,0,0,0,+,-17,17
65,65,93,20,91,96,95,-,-28,28
64,62,92,41,66,0,68.5,-,-28,28
63,69,85,32,34,0,59,-,-22,22
62,63,97,38,24,0,40,-,-35,35
61,59,61,8,0,0,0,-,0,0
60,56,100,40,97,100,91,-,-40,40
59,50,76,9,75,20,86.5,+,-17,17
58,90,90,2,76,76,0,+,-32,32
57,48,57,15,54,0,58,-,0,0
56,60,87,18,0,0,0,-,-31,31
55,0,67,1,80,0,71,+,-12,12
54,57,60,15,79,0,79.5,-,-6,6
53,53,53,10,40,0,60.5,-,0,0
52,55,74,18,0,0,0,-,-22,22
51,39,82,5,21,0,0,+,-31,31
50,46,50,22,28,0,52.5,-,0,0
49,84,84,2,0,0,0,-,-35,35
48,51,62,9,87,98,82.5,-,-14,14
47,41,56,9,71,0,87,+,-9,9
46,47,57,7,66,0,68.5,-,-11,11
45,44,47,7,0,0,0,+,-2,2
44,49,58,12,50,0,63,-,-14,14
43,42,66,9,27,0,51,+,-23,23
42,38,69,5,0,0,0,-,-27,27
41,40,81,11,29,0,59.5,+,-40,40
40,54,54,2,25,0,0,-,-14,14
39,37,73,9,61,0,40.5,+,-34,34
38,35,59,8,0,0,0,+,-21,21
37,22,86,5,0,0,0,+,-49,49
36,36,36,9,0,0,0,-,0,0
35,34,46,10,3,0,0,+,-11,11
34,0,68,1,0,0,0,-,-34,34
33,27,47,7,26,0,54,-,-14,14
32,43,58,16,38,0,0,-,-26,26
31,32,50,17,0,0,0,-,-19,19
30,26,40,5,81,0,88.5,+,-10,10
29,0,29,1,43,84,0,-,0,0
28,45,46,11,0,0,0,-,-18,18
27,30,67,11,64,34,89,-,-40,40
26,28,28,4,0,0,0,+,-2,2
25,31,51,11,70,0,76.5,-,-26,26
24,21,43,3,0,0,0,-,-19,19
23,29,85,17,0,0,0,-,-62,62
22,24,28,10,0,0,0,+,-6,6
21,12,65,2,0,0,0,+,-44,44
20,0,20,1,0,0,0,-,0,0
19,18,19,3,0,0,0,-,0,0
18,19,19,4,0,0,0,-,-1,1
17,5,35,2,0,0,0,+,-18,18
16,25,50,14,36,0,73.5,-,-34,34
15,23,64,18,67,0,76,+,-49,49
14,20,65,2,62,0,74,+,-51,51
13,0,52,1,0,0,44,-,-39,39
12,0,12,1,0,0,0,-,0,0
11,14,39,6,0,0,0,-,-28,28
10,0,75,1,0,0,0,+,-65,65
9,10,61,3,26,0,54,-,-52,52
8,0,13,2,0,0,0,+,-5,5
7,0,64,12,64,34,89,+,-57,57
6,8,58,10,0,0,0,-,-52,52
5,3,46,4,0,0,0,-,-41,41
4,0,57,1,0,0,0,+,-53,53
3,9,28,20,0,0,0,-,-25,25
2,0,55,1,47,0,72.5,-,-53,53
1,0,5,1,42,0,52,-,-4,4
100,98,100,23,0,0,0,+,0,0
99,100,100,16,0,0,0,-,-1,1
98,97,98,12,0,0,0,-,0,0
97,99,100,11,89,20,0,-,-3,3
96,96,98,23,0,0,0,-,-2,2
95,95,96,19,99,58,99,-,-1,1
94,94,94,25,98,72,98.5,-,0,0
93,92,93,12,72,0,0,-,0,0
92,93,100,22,63,0,73,-,-8,8
91,91,93,10,96,74,97,+,-2,2
90,0,90,1,92,78,30.5,-,0,0
89,90,91,14,82,0,0,+,-2,2
88,89,97,21,0,0,0,-,-9,9
87,86,88,10,93,2,93,+,-1,1
86,87,87,12,87,0,53,-,-1,1
85,88,97,27,45,0,61,-,-12,12
84,0,84,1,0,0,0,-,0,0
83,85,85,12,100,68,100,+,-2,2
82,84,88,7,0,0,0,+,-6,6
81,82,87,12,0,0,0,+,-6,6
80,81,95,7,88,96,63.5,+,-15,15
79,78,99,5,99,58,99,+,-20,20
78,80,100,26,0,0,0,-,-22,22
77,68,88,10,90,98,92.5,+,-11,11
76,75,81,16,0,0,0,+,-5,5
75,79,99,27,67,0,76.5,-,-24,24
74,66,92,7,0,0,0,+,-18,18
73,72,77,5,0,0,0,+,-4,4
72,76,99,44,99,58,99,+,-27,27
71,67,71,4,0,0,0,-,0,0
70,73,90,13,95,38,96.5,-,-20,20
69,83,85,31,35,0,60,-,-16,16
68,69,83,24,0,0,0,-,-15,15
67,62,96,6,0,0,0,+,-29,29
66,51,91,14,0,0,0,+,-25,25
65,77,93,19,90,98,92.5,+,-28,28
64,71,100,36,97,100,89.5,+,-36,36
63,65,97,37,18,0,44.5,-,-34,34
62,64,92,40,65,0,68,+,-30,30
61,56,88,9,25,0,70,+,-27,27
60,70,87,17,0,0,0,-,-27,27
59,58,61,7,0,0,0,+,-2,2
58,74,77,22,27,0,55,-,-19,19
57,60,60,14,80,0,79.5,-,-3,3
56,59,100,39,97,100,89.5,+,-44,44
55,63,74,17,0,0,0,-,-19,19
54,0,54,1,43,0,0,-,0,0
53,42,53,9,34,0,64.5,+,0,0
52,61,88,23,0,0,0,-,-36,36
51,50,62,8,84,92,83.5,-,-11,11
50,47,76,8,68,10,84.5,+,-26,26
49,54,58,11,49,0,65.5,-,-9,9
48,49,57,14,47,0,59,+,-9,9
47,57,57,6,65,0,68,-,-10,10
46,45,50,21,24,0,57.5,+,-4,4
45,46,46,10,14,0,0,-,-1,1
44,37,47,6,0,0,0,+,-3,3
43,48,58,15,59,0,0,-,-15,15
42,43,66,8,19,0,52,+,-24,24
41,39,56,8,64,0,85,+,-15,15
40,55,81,10,28,0,57,+,-41,41
39,32,82,4,8,0,0,+,-43,43
38,31,69,4,0,0,0,+,-31,31
37,40,73,8,58,0,41.5,+,-36,36
36,35,36,8,0,0,0,+,0,0
35,28,59,7,0,0,0,+,-24,24
34,36,46,9,2,0,0,+,-12,12
33,0,33,1,51,90,0,-,0,0
32,44,50,16,0,0,0,-,-18,18
31,41,51,10,76,0,75,-,-20,20
30,13,67,10,52,0,88,-,-37,37
29,34,85,16,0,0,0,-,-56,56
28,22,28,3,0,0,0,-,0,0
27,27,47,6,16,0,54,+,-20,20
26,26,40,4,79,0,86.5,+,-14,14
25,38,50,13,37,0,75.5,-,-25,25
24,24,28,9,0,0,0,-,-4,4
23,30,64,17,70,0,74.5,-,-41,41
22,25,86,4,0,0,0,+,-64,64
21,10,43,2,0,0,0,+,-22,22
20,0,65,1,67,0,76.5,-,-45,45
19,19,19,3,0,0,0,-,0,0
18,15,19,2,0,0,0,+,-1,1
17,0,17,1,38,88,13,-,0,0
16,23,98,20,93,2,93,-,-82,82
15,21,67,3,0,0,0,-,-52,52
14,14,39,5,0,0,0,-,-25,25
13,20,20,5,44,0,87.5,-,-7,7
12,0,65,1,0,0,0,+,-53,53
11,0,49,1,59,0,0,-,-38,38
10,12,61,2,16,0,54,-,-51,51
9,16,28,19,0,0,0,-,-19,19
8,3,58,9,0,0,0,-,-50,50
7,7,35,12,12,0,70.5,-,-28,28
6,8,52,12,100,68,100,-,-46,46
5,0,35,1,0,0,0,+,-30,30
4,0,18,1,98,72,98.5,-,-14,14
3,0,46,3,0,0,0,+,-43,43
2,5,39,18,0,0,0,-,-37,37
1,4,26,2,0,0,0,-,-25,25
100,100,100,15,0,0,0,-,0,0
99,99,100,10,92,0,0,-,-1,1
98,96,100,22,0,0,0,+,-2,2
97,97,98,11,0,0,0,+,-1,1
96,98,98,22,0,0,0,+,-2,2
95,93,96,18,99,56,98.5,+,-1,1
94,94,94,24,98,72,97.5,+,0,0
93,95,100,21,73,0,82.5,-,-7,7
92,92,93,11,69,0,0,+,-1,1
91,89,93,9,97,60,96,+,-2,2
90,90,91,13,80,0,5,-,-1,1
89,91,97,20,0,0,0,-,-8,8
88,88,97,26,57,0,64.5,-,-9,9
87,87,87,11,88,0,56.5,-,0,0
86,86,88,9,93,4,94,+,-2,2
85,83,85,11,100,48,100,-,0,0
84,81,88,6,0,0,0,-,-4,4
83,85,85,30,64,0,80,-,-2,2
82,79,87,11,0,0,0,-,-5,5
81,66,95,6,90,96,62.5,-,-14,14
80,82,100,25,0,0,0,-,-20,20
79,84,99,26,61,0,71.5,-,-20,20
78,75,99,4,99,56,98.5,+,-21,21
77,80,93,18,89,90,92.5,-,-16,16
76,78,99,43,99,56,98.5,-,-23,23
75,69,81,15,0,0,0,+,-6,6
74,76,77,21,47,0,68.5,-,-3,3
73,74,90,12,94,68,97,-,-17,17
72,64,77,4,0,0,0,+,-5,5
71,73,100,35,95,100,91.5,-,-29,29
70,77,87,16,0,0,0,-,-17,17
69,72,83,23,0,0,0,-,-14,14
68,60,88,9,89,90,92.5,+,-20,20
67,45,71,3,0,0,0,+,-4,4
66,53,92,6,0,0,0,+,-26,26
65,71,97,36,34,0,51.5,-,-32,32
64,70,92,39,76,0,81,-,-28,28
63,68,74,16,0,0,0,-,-11,11
62,58,96,5,0,0,0,+,-34,34
61,65,88,22,0,0,0,-,-27,27
60,55,60,13,79,16,82,-,0,0
59,62,100,38,95,100,91.5,+,-41,41
58,37,61,6,0,0,0,+,-3,3
57,49,57,5,76,0,81,-,0,0
56,47,88,8,25,0,70.5,+,-32,32
55,57,81,9,53,0,76.5,-,-26,26
54,56,58,10,55,0,66.5,-,-4,4
53,63,100,24,48,74,61,-,-47,47
52,59,94,37,0,0,0,-,-42,42
51,41,91,13,0,0,0,+,-40,40
50,50,62,7,83,86,86.5,+,-12,12
49,48,57,13,43,0,60.5,-,-8,8
48,54,58,14,39,0,0,-,-10,10
47,40,76,7,46,0,78,+,-29,29
46,34,46,9,37,0,2,-,0,0
45,46,50,20,35,0,68,+,-5,5
44,44,50,15,0,0,0,-,-6,6
43,38,66,7,33,0,66,-,-23,23
42,36,53,8,20,0,50,+,-11,11
41,51,51,9,74,0,78.5,-,-10,10
40,32,73,7,63,0,46.5,-,-33,33
39,31,56,7,65,0,85,+,-17,17
38,42,50,12,44,0,75.5,-,-12,12
37,27,47,5,0,0,0,+,-10,10
36,30,46,8,0,0,0,-,-10,10
35,29,36,7,0,0,0,+,-1,1
34,35,85,15,0,0,0,-,-51,51
33,33,60,20,70,0,85.5,-,-27,27
32,17,82,3,11,0,0,+,-50,50
31,25,69,3,0,0,0,+,-38,38
30,39,64,16,67,0,76,-,-34,34
29,0,29,1,0,0,0,-,0,0
28,19,59,6,0,0,0,+,-31,31
27,12,47,5,22,0,55.5,+,-20,20
26,20,40,3,81,0,90.5,+,-14,14
25,21,86,3,0,0,0,-,-61,61
24,18,28,8,0,0,0,+,-4,4
23,23,98,19,93,4,94,-,-75,75
22,3,28,2,0,0,0,+,-6,6
21,67,67,2,0,0,0,-,-46,46
20,11,20,4,0,0,0,-,0,0
19,7,19,2,0,0,0,+,0,0
18,43,44,11,0,0,0,-,-26,26
17,28,29,14,0,0,8.5,-,-12,12
16,14,28,18,0,0,0,-,-12,12
15,0,19,1,0,0,0,+,-4,4
14,10,39,4,0,0,0,+,-25,25
13,26,67,9,50,38,89,+,-54,54
12,0,61,1,22,0,55.5,-,-49,49
11,15,65,19,81,0,90.5,-,-54,54
10,0,43,1,0,0,0,+,-33,33
9,16,16,2,87,0,99,-,-7,7
8,9,52,11,100,48,100,-,-44,44
7,5,35,11,21,0,75,+,-28,28
6,0,6,1,0,0,0,-,0,0
5,8,39,17,0,0,0,-,-34,34
4,0,26,1,1,0,0,-,-22,22
3,2,58,8,0,0,0,+,-55,55
2,0,13,1,0,0,0,-,-11,11
1,0,64,11,50,38,89,-,-63,63
100,100,100,14,0,0,0,+,0,0
99,99,100,9,91,28,0,+,-1,1
98,98,98,21,0,0,0,-,0,0
97,96,98,10,0,0,0,+,-1,1
96,95,100,21,0,0,0,+,-4,4
95,97,100,20,80,0,89.5,-,-5,5
94,94,94,23,97,76,97.5,+,0,0
93,92,96,17,98,54,98,+,-3,3
92,93,93,10,73,0,0,+,-1,1
91,91,97,19,0,0,0,-,-6,6
90,89,91,12,81,0,5.5,+,-1,1
89,88,93,8,94,26,97,+,-4,4
88,90,97,25,62,0,66,+,-9,9
87,87,87,10,85,0,54.5,+,0,0
86,85,88,8,92,32,95,+,-2,2
85,77,85,29,67,0,75.5,-,0,0
84,86,99,25,60,0,70,-,-15,15
83,82,85,10,99,48,99.5,+,-2,2
82,81,100,24,0,0,0,-,-18,18
81,79,88,5,0,0,0,+,-7,7
80,84,93,17,90,94,94,-,-13,13
79,74,87,10,0,0,0,+,-8,8
78,78,99,42,98,54,98,-,-21,21
77,80,87,15,0,0,0,-,-10,10
76,76,77,20,56,0,67.5,-,-1,1
75,83,99,3,98,54,98,+,-24,24
74,75,90,11,95,84,98.5,-,-16,16
73,73,100,34,96,100,91.5,-,-27,27
72,70,83,22,0,0,0,-,-11,11
71,72,97,35,42,0,56,-,-26,26
70,67,92,38,74,0,76,-,-22,22
69,66,81,14,0,0,0,+,-12,12
68,71,74,15,0,0,0,-,-6,6
67,0,67,1,55,22,0,-,0,0
66,63,95,5,86,92,53,+,-29,29
65,68,88,21,0,0,0,-,-23,23
64,61,77,3,0,0,0,+,-13,13
63,65,100,23,59,78,64.5,-,-37,37
62,64,100,37,96,100,91.5,+,-38,38
61,62,66,20,0,0,0,-,-5,5
60,54,88,8,90,94,94,+,-28,28
59,60,94,36,0,0,0,-,-35,35
58,53,96,4,0,0,0,+,-38,38
57,41,81,8,54,0,72.5,-,-24,24
56,56,58,9,65,0,76.5,-,-2,2
55,58,60,12,83,14,87,+,-5,5
54,55,58,13,40,0,0,-,-4,4
53,52,92,5,0,0,0,+,-39,39
52,57,82,27,17,0,62.5,-,-30,30
51,46,51,8,76,0,79,-,0,0
50,59,62,6,84,90,85,+,-12,12
49,31,57,4,74,0,76,+,-8,8
48,44,57,12,45,0,62,+,-9,9
47,38,88,7,15,0,61.5,+,-41,41
46,42,50,19,37,0,71,-,-4,4
45,45,71,2,0,0,0,+,-26,26
44,48,50,14,0,0,0,+,-6,6
43,26,44,10,0,0,0,-,-1,1
42,50,50,11,44,0,75,-,-8,8
41,47,91,12,0,0,0,+,-50,50
40,24,76,6,39,2,69,+,-36,36
39,49,64,15,71,0,77.5,-,-25,25
38,34,66,6,33,0,64,+,-28,28
37,37,61,5,0,0,0,+,-24,24
36,36,53,7,25,0,58.5,+,-17,17
35,43,85,14,0,0,0,-,-50,50
34,33,46,8,19,0,0,+,-12,12
33,40,60,19,72,0,89,+,-27,27
32,32,73,6,66,0,44.5,+,-41,41
31,29,56,6,64,0,87.5,+,-25,25
30,28,46,7,0,0,0,+,-16,16
29,25,36,6,0,0,0,+,-7,7
28,27,29,13,23,0,19.5,-,-1,1
27,23,47,4,0,0,0,+,-20,20
26,30,67,8,57,0,90.5,-,-41,41
25,21,69,2,0,0,0,+,-44,44
24,35,51,20,21,0,63.5,-,-27,27
23,39,98,18,92,32,95,+,-75,75
22,22,59,20,46,0,73,-,-37,37
21,69,86,2,0,0,0,+,-65,65
20,15,40,2,89,0,95.5,+,-20,20
19,19,59,5,0,0,0,+,-40,40
18,16,28,7,0,0,0,+,-10,10
17,5,82,2,0,0,0,+,-65,65
16,0,16,1,100,0,100,-,0,0
15,20,65,18,89,0,95.5,-,-50,50
14,18,28,17,0,0,0,+,-14,14
13,0,37,8,0,0,0,-,-24,24
12,12,47,4,16,0,48.5,+,-35,35
11,7,20,3,0,0,0,+,-9,9
10,2,39,3,0,0,0,+,-29,29
9,13,52,10,99,48,99.5,-,-43,43
8,11,39,16,0,0,0,-,-31,31
7,0,19,1,0,0,0,+,-12,12
6,8,61,10,99,48,99.5,-,-55,55
5,0,35,10,28,0,79.5,+,-30,30
4,17,68,10,99,48,99.5,-,-64,64
3,0,28,1,0,0,0,+,-25,25
2,4,58,7,0,0,0,+,-56,56
1,0,1,1,30,0,92.5,-,0,0
100,100,100,13,0,0,0,+,0,0
99,99,100,8,93,2,0,+,-1,1
98,97,98,20,0,0,0,+,0,0
97,98,100,19,85,0,0,-,-3,3
96,96,98,9,0,0,0,+,-2,2
95,95,100,20,0,0,0,+,-5,5
94,93,94,22,98,92,98,+,0,0
93,92,93,9,71,0,0,-,0,0
92,91,96,16,99,56,98.5,+,-4,4
91,94,97,18,0,0,0,+,-6,6
90,90,97,24,68,0,72,-,-7,7
89,89,91,11,81,0,0,+,-2,2
88,82,93,7,95,58,97,+,-5,5
87,84,87,9,89,0,52.5,+,0,0
86,88,99,24,64,0,76,-,-13,13
85,83,88,7,94,18,95.5,+,-3,3
84,86,93,16,92,96,94,-,-9,9
83,87,99,2,99,56,98.5,-,-16,16
82,81,85,9,100,76,100,+,-3,3
81,85,100,23,0,0,0,+,-19,19
80,80,87,14,0,0,0,-,-7,7
79,68,88,4,0,0,0,+,-9,9
78,79,99,41,99,56,98.5,+,-21,21
77,78,85,28,53,0,69,+,-8,8
76,77,77,19,55,0,73.5,+,-1,1
75,69,90,10,97,94,99.5,-,-15,15
74,74,87,9,0,0,0,+,-13,13
73,76,100,33,96,100,92,+,-27,27
72,75,97,34,48,0,58.5,-,-25,25
71,67,74,14,0,0,0,-,-3,3
70,70,83,21,0,0,0,+,-13,13
69,0,86,1,0,0,0,-,-17,17
68,73,88,20,0,0,0,-,-20,20
67,72,92,37,67,0,65.5,+,-25,25
66,66,81,13,0,0,0,+,-15,15
65,71,100,22,62,78,71,-,-35,35
64,64,100,36,96,100,92,+,-36,36
63,51,95,4,73,74,51.5,+,-32,32
62,63,66,19,0,0,0,-,-4,4
61,23,77,2,0,0,0,+,-16,16
60,65,94,35,0,0,0,-,-34,34
59,62,62,5,82,82,88.5,-,-3,3
58,60,60,11,84,0,86.5,-,-2,2
57,61,82,26,14,0,63,-,-25,25
56,58,58,8,56,0,70,+,-2,2
55,52,58,12,39,0,0,-,-3,3
54,57,88,7,92,96,94,+,-34,34
53,36,96,3,0,0,0,+,-43,43
52,40,92,4,0,0,0,+,-40,40
51,55,55,26,69,0,91.5,-,-4,4
50,44,50,10,54,0,82,-,0,0
49,59,64,14,78,0,81,-,-15,15
48,50,50,13,0,0,0,-,-2,2
47,46,91,11,0,0,0,-,-44,44
46,48,51,7,74,0,79.5,+,-5,5
45,0,71,1,0,0,0,+,-26,26
44,42,57,11,43,0,58,+,-13,13
43,54,85,13,0,0,0,-,-42,42
42,47,50,18,49,0,80.5,+,-8,8
41,41,81,7,45,0,63.5,+,-40,40
40,45,60,18,70,0,89.5,-,-20,20
39,53,98,17,94,18,95.5,-,-59,59
38,37,88,6,0,0,43.5,+,-50,50
37,32,61,4,0,0,0,+,-24,24
36,38,53,6,26,0,55,+,-17,17
35,43,51,19,32,0,68,-,-16,16
34,33,66,5,18,0,56,+,-32,32
33,35,46,7,19,0,5,+,-13,13
32,26,73,5,66,0,44,+,-41,41
31,12,57,3,67,0,65.5,+,-26,26
30,0,67,7,72,20,92.5,-,-37,37
29,28,56,5,59,0,86,+,-27,27
28,29,46,6,0,0,0,+,-18,18
27,27,29,12,9,0,7,+,-2,2
26,39,44,9,0,0,0,+,-18,18
25,18,36,5,0,0,0,+,-11,11
24,16,76,5,36,6,60,+,-52,52
23,21,47,3,0,0,0,+,-24,24
22,30,59,19,63,0,76.5,+,-37,37
21,0,69,1,0,0,0,+,-48,48
20,31,65,17,88,0,93,-,-45,45
19,7,59,4,0,0,0,+,-40,40
18,19,28,16,0,0,0,-,-10,10
17,24,68,9,100,76,100,-,-51,51
16,11,28,6,0,0,0,+,-12,12
15,0,40,1,88,0,93,+,-25,25
14,17,61,20,0,0,0,-,-47,47
13,20,52,9,100,76,100,-,-39,39
12,6,47,3,0,0,47.5,+,-35,35
11,25,39,15,0,0,0,-,-28,28
10,8,63,9,0,0,0,-,-53,53
9,14,38,9,27,62,0,-,-29,29
8,10,61,9,100,76,100,-,-53,53
7,1,20,2,0,0,0,+,-13,13
6,3,64,10,72,20,92.5,-,-58,58
5,0,82,1,0,0,0,+,-77,77
4,4,58,6,0,0,0,-,-54,54
3,22,30,3,0,0,0,-,-27,27
2,9,39,2,0,0,0,+,-37,37
1,34,34,2,86,0,96,-,-33,33
100,100,100,12,0,0,0,+,0,0
99,99,100,7,92,20,0,+,-1,1
98,98,100,18,88,0,0,-,-2,2
97,97,98,19,0,0,0,+,-1,1
96,95,98,8,0,0,0,+,-2,2
95,93,100,19,0,0,0,+,-5,5
94,96,97,17,0,0,0,-,-3,3
93,94,94,21,97,88,97,+,-1,1
92,91,93,8,68,0,0,+,-1,1
91,88,96,15,98,66,96.5,+,-5,5
90,92,97,23,66,0,70,+,-7,7
89,89,91,10,82,0,0,+,-2,2
88,90,99,23,64,0,77,-,-11,11
87,0,99,1,98,66,96.5,-,-12,12
86,86,93,15,91,96,93.5,-,-7,7
85,85,100,22,0,0,0,-,-15,15
84,84,87,8,84,0,51,+,-3,3
83,83,88,6,94,22,95.5,+,-5,5
82,81,93,6,93,52,94.5,+,-11,11
81,78,85,8,100,78,100,+,-4,4
80,87,87,13,0,0,0,+,-7,7
79,80,99,40,98,66,96.5,-,-20,20
78,74,85,27,53,0,66,-,-7,7
77,77,77,18,54,0,70.5,-,0,0
76,82,100,32,95,100,91,-,-24,24
75,73,97,33,49,0,57.5,-,-22,22
74,72,87,8,0,0,0,+,-13,13
73,79,88,19,0,0,0,-,-15,15
72,76,92,36,63,0,60,-,-20,20
71,75,100,21,70,94,67,-,-29,29
70,71,83,20,0,0,0,+,-13,13
69,63,90,9,96,82,99,+,-21,21
68,61,88,3,0,0,0,+,-20,20
67,70,74,13,0,0,0,+,-7,7
66,65,81,12,0,0,0,+,-15,15
65,69,94,34,0,0,0,-,-29,29
64,68,100,35,95,100,91,+,-36,36
63,66,66,18,0,0,0,-,-3,3
62,57,62,4,90,98,83,-,0,0
61,67,82,25,27,0,61.5,-,-21,21
60,58,60,10,77,24,81,-,0,0
59,64,64,13,78,0,78,-,-5,5
58,53,58,7,52,0,66.5,-,0,0
57,51,88,6,91,96,93.5,-,-31,31
56,59,84,25,71,0,90.5,-,-28,28
55,52,55,25,71,0,90.5,-,0,0
54,56,85,12,0,0,0,-,-31,31
53,47,98,16,94,22,95.5,-,-45,45
52,48,58,11,37,0,0,+,-6,6
51,38,95,3,67,70,47.5,+,-44,44
50,50,50,12,0,0,0,-,0,0
49,60,71,20,43,0,58,-,-22,22
48,45,51,6,72,0,77.5,-,-3,3
47,42,50,17,73,0,95,-,-3,3
46,46,91,10,0,0,0,+,-45,45
45,54,60,17,75,0,91.5,-,-15,15
44,44,50,9,69,0,93,+,-6,6
43,49,51,18,39,16,63,-,-8,8
42,40,57,10,48,0,57,+,-15,15
41,62,81,6,34,0,59.5,+,-40,40
40,15,92,3,0,0,0,+,-52,52
39,33,44,8,0,0,0,-,-5,5
38,41,53,5,32,0,59,-,-15,15
37,34,88,5,0,0,40,+,-51,51
36,14,96,2,0,0,0,+,-60,60
35,37,46,6,29,0,18,-,-11,11
34,0,34,1,99,26,99.5,-,0,0
33,29,66,4,18,0,53.5,+,-33,33
32,25,61,3,0,0,0,+,-29,29
31,39,65,16,85,0,92,-,-34,34
30,35,59,18,41,0,71.5,-,-29,29
29,27,46,5,0,0,0,-,-17,17
28,26,56,4,56,0,85.5,+,-28,28
27,21,29,11,3,0,4,+,-2,2
26,18,73,4,55,0,34,+,-47,47
25,36,39,14,0,0,0,-,-14,14
24,32,68,8,100,78,100,-,-44,44
23,0,77,1,0,0,0,+,-54,54
22,30,30,2,0,0,0,-,-8,8
21,7,47,2,0,0,0,+,-26,26
20,28,52,8,100,78,100,-,-32,32
19,23,28,15,0,0,0,-,-9,9
18,17,36,4,0,0,0,+,-18,18
17,20,61,19,0,0,0,-,-44,44
16,13,76,4,36,0,69,+,-60,60
15,0,15,1,0,0,0,-,0,0
14,31,38,8,19,28,0,-,-24,24
13,0,13,1,20,0,20.5,-,0,0
12,3,57,2,63,0,60,+,-45,45
11,16,28,5,0,0,0,+,-17,17
10,22,61,8,100,78,100,-,-51,51
9,0,39,1,0,0,0,-,-30,30
8,19,63,8,0,0,0,+,-55,55
7,2,59,3,0,0,0,+,-52,52
6,9,47,2,0,2,40.5,+,-41,41
5,6,35,9,45,0,86,-,-30,30
4,10,58,5,0,0,0,+,-54,54
3,4,64,9,59,46,85,+,-61,61
2,12,39,12,97,88,97,-,-37,37
1,0,20,1,0,0,0,+,-19,19
100,100,100,11,0,0,0,+,0,0
99,98,100,6,94,4,0,+,-1,1
98,99,100,17,88,0,0,+,-2,2
97,97,98,18,0,0,0,+,-1,1
96,96,97,16,0,0,0,-,-1,1
95,94,98,7,0,0,0,+,-3,3
94,92,94,20,99,78,97.5,-,0,0
93,88,100,18,0,0,0,+,-7,7
92,93,97,22,75,0,71,-,-5,5
91,90,93,7,69,0,0,+,-2,2
90,95,99,22,74,0,77,-,-9,9
89,91,91,9,85,0,0,+,-2,2
88,86,96,14,95,54,97,+,-8,8
87,74,87,12,0,0,0,-,0,0
86,87,93,14,93,98,95,+,-7,7
85,89,100,21,0,0,0,+,-15,15
84,84,87,7,87,0,47.5,+,-3,3
83,70,88,5,91,12,94.5,+,-5,5
82,82,100,31,98,100,91.5,-,-18,18
81,73,93,5,92,26,96.5,+,-12,12
80,80,99,39,95,54,97,-,-19,19
79,85,88,18,0,0,0,-,-9,9
78,77,85,7,100,76,100,+,-7,7
77,76,77,17,61,0,72,+,0,0
76,79,92,35,64,0,58.5,-,-16,16
75,81,100,20,67,66,69.5,-,-25,25
74,69,85,26,56,0,67,+,-11,11
73,78,97,32,53,0,56,+,-24,24
72,68,87,7,0,0,0,+,-15,15
71,75,83,19,0,0,0,-,-12,12
70,72,74,12,0,0,0,-,-4,4
69,71,94,33,0,0,0,-,-25,25
68,65,100,34,98,100,91.5,+,-32,32
67,66,82,24,31,0,61.5,-,-15,15
66,64,66,17,0,0,0,-,0,0
65,55,81,11,0,0,0,+,-16,16
64,58,64,12,80,0,76,-,0,0
63,60,90,8,97,88,98.5,+,-27,27
62,53,81,5,57,0,77.5,-,-19,19
61,83,88,2,0,0,0,+,-27,27
60,61,71,19,52,0,63,-,-11,11
59,62,84,24,81,0,94,-,-25,25
58,57,60,9,77,0,82,+,-2,2
57,49,62,3,83,96,81,+,-5,5
56,59,85,11,0,0,0,-,-29,29
55,63,75,34,65,0,87,-,-20,20
54,56,60,16,72,0,86.5,-,-6,6
53,43,58,6,59,0,70.5,+,-5,5
52,48,55,24,81,0,94,+,-3,3
51,54,88,5,93,98,95,+,-37,37
50,46,50,11,0,0,0,+,0,0
49,50,51,17,26,0,61,-,-2,2
48,41,58,10,21,0,0,+,-10,10
47,51,98,15,91,12,94.5,+,-51,51
46,40,91,9,0,0,0,+,-45,45
45,38,51,5,71,0,76.5,+,-6,6
44,39,50,8,63,0,88,+,-6,6
43,44,66,20,70,0,90.5,-,-23,23
42,34,50,16,0,0,0,+,-8,8
41,42,53,4,41,0,71.5,-,-12,12
40,33,57,9,40,0,54.5,+,-17,17
39,47,65,15,90,0,96,-,-26,26
38,67,95,2,66,68,48.5,+,-57,57
37,27,46,5,29,0,21.5,-,-9,9
36,36,39,13,0,0,0,-,-3,3
35,35,59,17,35,0,74,-,-24,24
34,22,88,4,0,0,31.5,+,-54,54
33,30,44,7,0,0,0,+,-11,11
32,32,68,7,100,76,100,-,-36,36
31,0,38,7,23,22,0,-,-7,7
30,0,30,1,0,0,0,-,0,0
29,20,66,3,14,0,54,+,-37,37
28,29,52,7,100,76,100,-,-24,24
27,18,46,4,0,0,0,+,-19,19
26,19,56,3,58,0,82.5,+,-30,30
25,0,61,2,0,0,0,+,-36,36
24,37,37,7,0,0,0,-,-13,13
23,25,28,14,0,0,0,-,-5,5
22,28,61,7,100,76,100,-,-39,39
21,21,29,10,0,0,0,+,-8,8
20,23,61,18,0,0,0,-,-41,41
19,24,63,7,0,0,0,-,-44,44
18,15,73,3,60,0,30,+,-55,55
17,8,36,3,0,0,0,+,-19,19
16,12,28,4,0,0,0,-,-12,12
15,0,92,2,0,0,0,+,-77,77
14,0,96,1,0,0,0,+,-82,82
13,0,76,3,33,28,53,+,-63,63
12,5,39,11,99,78,97.5,-,-27,27
11,0,11,1,0,90,0,-,0,0
10,2,58,4,0,0,0,-,-48,48
9,0,47,1,0,0,42.5,-,-38,38
8,16,54,7,0,0,0,-,-46,46
7,0,47,1,0,0,0,+,-40,40
6,11,35,8,22,0,79,-,-29,29
5,17,33,17,0,0,0,-,-28,28
4,4,64,8,62,0,89.5,-,-60,60
3,0,57,1,64,0,58.5,+,-54,54
2,0,59,2,0,0,0,+,-57,57
1,9,21,8,0,0,0,-,-20,20
100,100,100,10,0,0,0,+,0,0
99,99,100,16,87,0,0,-,-1,1
98,98,100,5,93,18,0,+,-2,2
97,96,98,17,0,0,0,+,-1,1
96,97,97,15,0,0,0,+,-1,1
95,95,99,21,74,0,83,-,-4,4
94,92,98,6,0,0,0,+,-4,4
93,94,97,21,71,0,75.5,-,-4,4
92,93,94,19,97,40,97.5,+,-2,2
91,91,91,8,83,0,0,-,0,0
90,88,93,6,61,0,0,+,-3,3
89,89,100,20,0,0,0,-,-11,11
88,82,100,17,0,0,0,+,-12,12
87,90,93,13,96,98,97,-,-6,6
86,79,96,13,95,44,95.5,+,-10,10
85,87,88,17,0,0,0,-,-3,3
84,80,87,6,82,0,48,+,-3,3
83,0,88,1,0,0,0,-,-5,5
82,85,100,30,98,100,89.5,+,-18,18
81,86,100,19,70,84,73,-,-19,19
80,83,99,38,95,44,95.5,+,-19,19
79,84,92,34,64,0,63,-,-13,13
78,81,97,31,53,0,65.5,-,-19,19
77,76,85,6,100,82,100,+,-8,8
76,73,77,16,59,0,72,+,-1,1
75,78,83,18,0,0,0,-,-8,8
74,75,87,11,0,0,0,+,-13,13
73,69,93,4,92,64,95,+,-20,20
72,74,74,11,0,0,0,-,-2,2
71,77,94,32,0,0,0,-,-23,23
70,64,88,4,90,14,93,+,-18,18
69,72,85,25,51,0,69,+,-16,16
68,71,87,6,0,0,0,+,-19,19
67,0,95,1,81,72,59.5,-,-28,28
66,68,82,23,34,0,67,+,-16,16
65,70,100,33,98,100,89.5,+,-35,35
64,65,66,16,0,0,0,+,-2,2
63,62,75,33,66,0,88.5,-,-12,12
62,67,84,23,73,0,91,-,-22,22
61,56,71,18,48,0,63.5,-,-10,10
60,61,90,7,99,66,99.5,+,-30,30
59,66,85,10,0,0,0,-,-26,26
58,52,64,11,72,0,81,+,-6,6
57,50,60,8,76,8,84,+,-3,3
56,60,60,15,69,0,85.5,-,-4,4
55,55,81,10,0,0,0,+,-26,26
54,53,88,4,96,98,97,-,-34,34
53,31,81,4,45,0,70.5,+,-28,28
52,57,81,21,0,0,0,-,-29,29
51,58,98,14,90,14,93,-,-47,47
50,51,51,16,36,0,64.5,-,-1,1
49,27,62,2,79,92,80.5,+,-13,13
48,49,55,23,73,0,91,+,-7,7
47,59,65,14,88,0,96,-,-18,18
46,45,50,10,0,0,0,+,-4,4
45,44,51,20,86,0,98,-,-6,6
44,63,66,19,78,0,94.5,-,-22,22
43,38,58,5,57,0,68.5,+,-15,15
42,15,53,3,84,0,96.5,-,-11,11
41,37,58,9,24,0,0,+,-17,17
40,42,91,8,0,0,0,+,-51,51
39,36,50,7,58,0,86.5,+,-11,11
38,43,51,4,68,0,77,+,-13,13
37,32,37,6,0,0,0,-,0,0
36,39,39,12,0,0,0,+,-3,3
35,48,59,16,44,0,79.5,+,-24,24
34,33,50,15,0,0,0,+,-16,16
33,35,57,8,30,0,58,+,-24,24
32,47,68,6,100,82,100,+,-36,36
31,46,51,20,14,0,53.5,-,-20,20
30,30,44,6,0,0,0,+,-14,14
29,41,52,6,100,82,100,-,-23,23
28,40,61,6,100,82,100,-,-33,33
27,23,46,4,11,0,0,+,-19,19
26,0,26,1,0,0,0,-,0,0
25,28,28,13,0,0,0,-,-3,3
24,34,63,6,0,0,0,-,-39,39
23,26,61,17,0,0,0,-,-38,38
22,18,88,3,0,0,32,+,-66,66
21,22,29,9,3,0,14.5,+,-8,8
20,9,66,2,12,0,55.5,+,-46,46
19,8,56,2,55,0,82,+,-37,37
18,12,46,3,0,0,0,+,-28,28
17,25,33,16,0,0,0,-,-16,16
16,24,54,6,0,0,0,-,-38,38
15,1,73,2,56,0,34.5,+,-58,58
14,29,44,16,0,0,0,-,-30,30
13,19,91,7,99,66,99.5,-,-78,78
12,6,16,3,0,0,0,-,-4,4
11,5,35,7,27,0,80,-,-24,24
10,21,48,6,100,82,100,-,-38,38
9,13,21,7,0,0,0,-,-12,12
8,2,36,2,0,0,0,+,-28,28
7,20,22,9,0,0,0,-,-15,15
6,10,93,15,0,0,0,-,-87,87
5,7,39,10,97,40,97.5,+,-34,34
4,0,64,7,60,2,89,+,-60,60
3,16,16,9,0,0,0,-,-13,13
2,4,58,3,0,0,0,+,-56,56
1,11,78,18,0,74,54.5,-,-77,77
100,100,100,9,0,0,0,+,0,0
99,99,100,15,87,0,0,+,-1,1
98,98,100,4,92,34,6,+,-2,2
97,97,97,14,0,0,0,-,0,0
96,96,98,16,0,0,0,+,-2,2
95,95,99,20,85,0,87.5,+,-4,4
94,94,97,20,77,0,79.5,-,-3,3
93,92,94,18,96,74,97,-,-1,1
92,90,98,5,0,0,0,+,-6,6
91,85,91,7,83,0,0,+,0,0
90,93,93,12,93,94,97.5,-,-3,3
89,91,100,19,0,0,0,+,-11,11
88,76,93,5,54,0,0,+,-5,5
87,88,88,16,0,0,0,-,-1,1
86,89,100,18,73,68,78.5,-,-14,14
85,84,100,29,97,100,90.5,-,-15,15
84,87,92,33,70,0,70,-,-8,8
83,83,99,37,89,48,95.5,-,-16,16
82,77,100,16,0,0,0,+,-18,18
81,82,97,30,65,0,73.5,-,-16,16
80,78,87,5,80,0,50.5,+,-7,7
79,71,96,12,89,48,95.5,+,-17,17
78,79,83,17,0,0,0,-,-5,5
77,81,94,31,0,0,0,-,-17,17
76,80,85,5,100,88,100,+,-9,9
75,86,87,10,0,0,0,-,-12,12
74,63,74,10,0,0,0,-,0,0
73,72,77,15,60,0,74.5,+,-4,4
72,74,85,24,56,0,72,-,-13,13
71,67,87,5,0,0,0,-,-16,16
70,68,100,32,97,100,90.5,-,-30,30
69,75,93,3,91,60,96,+,-24,24
68,70,82,22,44,0,71.5,-,-14,14
67,69,84,22,88,6,94.5,-,-17,17
66,73,85,9,0,0,0,-,-19,19
65,64,66,15,0,0,0,-,-1,1
64,60,88,3,90,62,95,+,-24,24
63,53,66,18,98,0,99.5,-,-3,3
62,59,75,32,71,0,89.5,+,-13,13
61,62,90,6,99,56,99,+,-29,29
60,54,60,14,76,0,87,-,0,0
59,65,65,13,94,0,98,-,-6,6
58,66,98,13,90,62,95,-,-40,40
57,58,81,20,0,0,0,-,-24,24
56,57,71,17,48,0,64.5,+,-15,15
55,47,81,9,0,0,0,+,-26,26
54,61,74,36,0,0,0,-,-20,20
53,50,88,3,93,94,97.5,+,-35,35
52,49,64,10,72,0,76,+,-12,12
51,51,51,15,45,0,69,-,0,0
50,43,60,7,82,0,85.5,+,-10,10
49,0,55,22,88,6,94.5,-,-6,6
48,52,59,15,62,0,83.5,-,-11,11
47,56,68,5,100,88,100,-,-21,21
46,48,51,19,28,0,58,-,-5,5
45,40,50,9,0,0,0,+,-5,5
44,41,51,19,9,0,0,+,-7,7
43,2,51,3,75,0,80.5,-,-8,8
42,42,91,7,0,0,0,-,-49,49
41,44,52,5,100,88,100,-,-11,11
40,46,61,5,100,88,100,-,-21,21
39,39,39,11,0,0,0,-,0,0
38,34,58,4,52,0,66,+,-20,20
37,24,58,8,29,0,0,+,-21,21
36,31,50,6,61,0,89,+,-14,14
35,27,57,7,38,0,57.5,-,-22,22
34,45,63,5,0,0,0,-,-29,29
33,30,50,14,0,0,0,+,-17,17
32,35,37,5,0,0,0,+,-5,5
31,15,81,3,33,0,60,+,-50,50
30,33,44,5,0,0,0,+,-14,14
29,38,44,15,0,0,8.5,-,-15,15
28,23,28,12,0,0,0,-,0,0
27,0,62,1,86,96,78,+,-35,35
26,32,61,16,0,0,0,-,-35,35
25,22,33,15,0,0,0,-,-8,8
24,37,54,5,0,0,0,-,-30,30
23,20,46,3,12,0,0,+,-23,23
22,9,29,8,16,0,23,-,-7,7
21,36,48,5,100,88,100,-,-27,27
20,17,22,8,0,0,0,-,-2,2
19,26,91,6,99,56,99,-,-72,72
18,5,88,2,0,0,31,+,-70,70
17,25,34,8,25,0,0,-,-17,17
16,13,16,8,0,0,0,-,0,0
15,11,53,2,0,0,0,+,-38,38
14,29,56,5,100,88,100,-,-42,42
13,21,21,6,0,0,0,-,-8,8
12,0,46,2,0,0,0,+,-34,34
11,14,78,17,8,72,63.5,-,-67,67
10,12,93,14,4,0,0,-,-83,83
9,0,66,1,5,0,47,+,-57,57
8,0,56,1,57,0,83,+,-48,48
7,10,39,9,96,74,97,-,-32,32
6,3,16,2,0,0,0,+,-10,10
5,4,35,6,39,0,82,+,-30,30
4,0,58,2,0,0,0,-,-54,54
3,0,59,1,0,0,0,-,-56,56
2,0,36,1,0,0,0,+,-34,34
1,0,73,1,58,0,40,+,-72,72
100,100,100,8,0,0,0,+,0,0
99,99,100,14,89,0,0,+,-1,1
98,98,100,3,91,46,12,+,-2,2
97,96,97,13,0,0,0,+,0,0
96,95,98,15,0,0,0,+,-2,2
95,97,99,19,88,0,88.5,+,-4,4
94,94,97,19,79,0,80.5,+,-3,3
93,87,93,11,99,98,99.5,-,0,0
92,91,94,17,96,84,98,+,-2,2
91,93,100,18,0,0,0,-,-9,9
90,89,98,4,0,0,0,+,-8,8
89,92,100,17,78,76,83,-,-11,11
88,88,88,15,0,0,0,-,0,0
87,84,92,32,74,10,73,-,-5,5
86,77,87,9,0,0,0,-,-1,1
85,75,91,6,77,0,8.5,+,-6,6
84,90,100,28,95,100,93.5,+,-16,16
83,86,99,36,90,0,95,+,-16,16
82,85,97,29,64,0,68.5,-,-15,15
81,83,94,30,0,0,0,-,-13,13
80,79,85,4,100,88,100,-,-5,5
79,81,83,16,0,0,0,-,-4,4
78,80,87,4,75,0,49,+,-9,9
77,67,100,15,0,0,0,+,-23,23
76,70,93,4,40,0,0,+,-17,17
75,0,93,2,92,64,96,-,-18,18
74,73,85,23,56,0,72,-,-11,11
73,78,85,8,0,0,0,-,-12,12
72,71,77,14,52,0,70,+,-5,5
71,65,96,11,90,0,95,+,-25,25
70,76,82,21,46,0,68,-,-12,12
69,74,84,21,76,8,93,-,-15,15
68,72,100,31,95,100,93.5,+,-32,32
67,68,87,4,0,0,0,+,-20,20
66,82,98,12,93,66,96.5,-,-32,32
65,57,65,12,98,0,99,-,0,0
64,58,66,14,0,0,0,+,-2,2
63,50,63,9,0,0,0,+,0,0
62,61,90,5,97,94,98.5,+,-28,28
61,69,74,35,4,0,0,-,-13,13
60,62,88,2,93,66,96.5,+,-28,28
59,64,75,31,70,0,89,+,-16,16
58,63,81,19,0,0,0,-,-23,23
57,55,71,16,47,0,64,-,-14,14
56,66,68,4,100,88,100,-,-12,12
55,59,89,26,55,2,61.5,-,-34,34
54,49,60,13,72,0,86,+,-6,6
53,56,66,17,38,0,0,+,-13,13
52,35,59,14,67,0,88,-,-7,7
51,48,51,14,43,0,67,+,0,0
50,0,88,2,99,98,99.5,+,-38,38
49,45,64,9,68,0,72.5,+,-15,15
48,47,51,18,35,0,60,-,-3,3
47,43,81,8,0,0,0,+,-34,34
46,54,61,4,100,88,100,-,-15,15
45,51,63,4,0,0,0,-,-18,18
44,46,52,4,100,88,100,-,-8,8
43,39,60,6,83,0,84,+,-17,17
42,25,91,6,0,0,0,+,-49,49
41,37,51,18,3,0,0,+,-10,10
40,30,50,8,0,0,0,+,-10,10
39,31,39,10,0,0,0,+,0,0
38,44,44,14,1,0,6,-,-6,6
37,42,54,4,0,0,0,-,-17,17
36,40,48,4,100,88,100,-,-12,12
35,6,37,4,0,0,0,-,-2,2
34,22,58,3,50,0,65,+,-24,24
33,24,44,4,0,0,0,-,-11,11
32,36,61,15,0,0,0,-,-29,29
31,28,50,5,65,0,91.5,+,-19,19
30,20,50,13,0,0,0,+,-20,20
29,41,56,4,100,88,100,-,-27,27
28,0,28,1,61,0,83.5,-,0,0
27,19,57,6,23,0,57.5,+,-30,30
26,38,91,5,97,94,98.5,-,-65,65
25,29,34,7,30,0,0,-,-9,9
24,10,58,7,17,0,0,+,-34,34
23,14,28,11,0,0,0,+,-5,5
22,21,33,14,0,0,0,+,-11,11
21,4,21,5,0,0,0,-,0,0
20,34,46,2,10,0,2.5,+,-26,26
19,33,57,4,100,88,100,-,-38,38
18,0,96,1,96,84,98,-,-78,78
17,13,22,7,0,0,0,+,-5,5
16,26,26,4,100,88,100,-,-10,10
15,2,81,2,22,0,60.5,+,-66,66
14,0,78,16,8,60,66,-,-64,64
13,5,16,7,0,0,0,+,-3,3
12,12,93,13,9,0,5,-,-81,81
11,0,53,1,0,0,0,+,-42,42
10,23,39,8,96,84,98,-,-29,29
9,3,29,7,2,0,0,+,-20,20
8,27,88,5,97,94,98.5,-,-80,80
7,0,7,1,44,0,75,-,0,0
6,18,40,3,100,88,100,-,-34,34
5,0,88,1,0,0,26.5,+,-83,83
4,0,35,5,31,0,82,+,-31,31
3,0,16,1,0,0,0,+,-13,13
2,0,51,2,71,0,79.5,+,-49,49
1,0,1,1,66,0,87,-,0,0
100,99,100,7,0,0,0,+,0,0
99,98,100,13,92,0,0,+,-1,1
98,100,100,2,94,74,20.5,+,-2,2
97,97,99,18,88,0,88.5,-,-2,2
96,95,97,12,0,0,0,+,-1,1
95,94,98,14,0,0,0,+,-3,3
94,96,97,18,82,0,86,+,-3,3
93,93,100,17,0,0,0,-,-7,7
92,92,100,16,81,82,85.5,-,-8,8
91,91,94,16,95,92,98,+,-3,3
90,90,100,27,96,100,92.5,-,-10,10
89,86,98,3,0,0,0,+,-9,9
88,87,88,14,0,0,0,+,0,0
87,85,93,10,93,98,18.5,+,-6,6
86,88,99,35,91,8,93.5,-,-13,13
85,89,97,28,64,0,72.5,-,-12,12
84,84,92,31,62,2,63,+,-8,8
83,83,94,29,0,0,0,-,-11,11
82,82,98,11,98,70,99,-,-16,16
81,80,83,15,0,0,0,-,-2,2
80,81,87,3,79,0,52,-,-7,7
79,66,85,3,100,84,100,+,-6,6
78,78,85,7,0,0,0,-,-7,7
77,75,87,8,0,0,0,+,-10,10
76,79,82,20,59,0,76,-,-6,6
75,71,91,5,69,0,0,+,-16,16
74,76,84,20,80,4,91.5,-,-10,10
73,73,85,22,58,0,77.5,+,-12,12
72,77,100,30,96,100,92.5,-,-28,28
71,68,77,13,52,0,70.5,+,-6,6
70,65,93,3,28,0,0,+,-23,23
69,74,74,34,18,0,0,-,-5,5
68,60,87,3,0,0,0,-,-19,19
67,63,100,14,0,0,0,+,-33,33
66,52,68,3,100,84,100,-,-2,2
65,56,96,10,91,8,93.5,+,-31,31
64,69,75,30,72,0,90,-,-11,11
63,72,81,18,0,0,0,-,-18,18
62,0,88,1,98,70,99,-,-26,26
61,70,90,4,99,50,99.5,+,-29,29
60,67,97,52,54,86,55,-,-37,37
59,62,89,25,53,0,65.5,-,-30,30
58,64,66,13,0,0,0,+,-8,8
57,57,65,11,74,0,66.5,+,-8,8
56,61,66,16,34,0,0,-,-10,10
55,58,71,15,48,0,65,+,-16,16
54,45,61,3,100,84,100,-,-7,7
53,59,95,31,0,0,0,-,-42,42
52,55,88,34,72,0,90,-,-36,36
51,38,63,3,0,0,0,-,-12,12
50,49,63,8,0,0,0,+,-13,13
49,51,60,12,67,0,84,+,-11,11
48,50,51,13,46,0,68.5,+,-3,3
47,46,51,17,31,0,57,+,-4,4
46,35,52,3,100,84,100,-,-6,6
45,48,64,8,66,0,75,+,-19,19
44,43,44,13,9,0,3,-,0,0
43,42,81,7,0,0,0,+,-38,38
42,30,54,3,0,0,0,-,-12,12
41,28,56,3,100,84,100,-,-15,15
40,27,48,3,100,84,100,-,-8,8
39,36,60,5,83,0,84.5,+,-21,21
38,54,91,4,99,50,99.5,-,-53,53
37,44,51,17,0,0,2,+,-14,14
36,47,61,14,0,0,0,-,-25,25
35,41,59,13,49,0,81,+,-24,24
34,0,46,1,32,0,5.5,-,-12,12
33,21,57,3,100,84,100,-,-24,24
32,0,48,1,0,0,0,-,-16,16
31,29,39,9,0,0,0,+,-8,8
30,33,50,7,0,0,0,+,-20,20
29,34,34,6,40,0,0,-,-5,5
28,37,50,4,89,0,97.5,+,-22,22
27,53,88,4,99,50,99.5,-,-61,61
26,9,26,3,100,84,100,-,0,0
25,23,91,5,0,0,0,+,-66,66
24,15,44,3,0,0,0,+,-20,20
23,39,39,7,95,92,98,-,-16,16
22,11,58,2,61,0,71.5,+,-36,36
21,32,33,13,0,0,0,+,-12,12
20,24,50,12,0,0,0,+,-30,30
19,16,57,5,25,0,61.5,+,-38,38
18,0,40,2,100,84,100,-,-22,22
17,0,47,2,100,84,100,-,-30,30
16,0,33,2,100,84,100,-,-17,17
15,0,58,1,0,0,0,-,-43,43
14,26,28,10,0,0,0,+,-14,14
13,22,22,6,0,0,0,+,-9,9
12,17,93,12,23,0,19.5,+,-81,81
11,0,29,2,0,0,0,-,-18,18
10,20,58,6,19,0,0,+,-48,48
9,0,61,1,0,0,0,-,-52,52
8,0,8,1,75,64,96.5,-,0,0
7,0,7,1,6,0,0,-,0,0
6,3,37,3,0,0,0,+,-31,31
5,14,16,6,0,0,0,+,-11,11
4,5,21,4,0,0,0,+,-17,17
3,8,29,6,0,0,0,+,-26,26
2,0,81,1,22,0,57.5,+,-79,79
1,12,44,14,0,0,0,-,-43,43
100,0,100,1,96,90,33,-,0,0
99,100,100,6,0,0,0,+,-1,1
98,99,100,12,89,0,0,+,-2,2
97,98,99,17,87,0,90.5,+,-2,2
96,97,97,17,86,0,94.5,-,-1,1
95,96,97,11,0,0,0,+,-2,2
94,94,98,13,0,0,0,+,-4,4
93,95,100,16,0,0,0,+,-7,7
92,93,100,15,84,94,85.5,+,-8,8
91,88,94,15,95,86,97,+,-3,3
90,91,100,26,94,100,94,+,-10,10
89,87,97,27,70,0,74,-,-8,8
88,86,99,34,85,6,93.5,-,-11,11
87,78,88,13,0,0,0,+,-1,1
86,92,98,2,0,0,0,+,-12,12
85,83,93,9,90,96,6,+,-8,8
84,79,92,30,67,0,63.5,+,-8,8
83,84,94,28,0,0,0,+,-11,11
82,89,98,10,88,52,72,+,-16,16
81,81,87,2,79,0,54,-,-6,6
80,77,83,14,0,0,0,+,-3,3
79,76,82,19,61,0,73,-,-3,3
78,80,85,6,0,0,0,+,-7,7
77,74,100,29,94,100,94,-,-23,23
76,75,84,19,78,8,92.5,-,-8,8
75,70,87,7,0,0,0,+,-12,12
74,72,74,33,32,0,0,-,0,0
73,69,85,21,64,0,81,+,-12,12
72,71,81,17,0,0,0,-,-9,9
71,46,91,4,65,0,0,+,-20,20
70,90,90,3,99,62,99.5,+,-20,20
69,66,75,29,75,0,90,-,-6,6
68,59,77,12,50,0,68.5,+,-9,9
67,65,97,51,54,64,53,-,-30,30
66,67,85,2,100,80,100,+,-19,19
65,38,93,2,20,0,0,+,-28,28
64,44,66,12,0,0,0,-,-2,2
63,53,100,13,0,0,0,+,-37,37
62,62,89,24,57,0,64.5,-,-27,27
61,60,66,15,43,0,0,-,-5,5
60,49,87,2,0,0,0,+,-27,27
59,58,95,30,0,0,0,-,-36,36
58,50,71,14,52,0,70.5,-,-13,13
57,32,65,10,74,0,66.5,+,-8,8
56,43,96,9,85,6,93.5,+,-40,40
55,55,88,33,75,0,90,-,-33,33
54,82,91,3,99,62,99.5,-,-37,37
53,85,88,3,99,62,99.5,-,-35,35
52,68,68,2,100,80,100,+,-16,16
51,39,60,11,71,0,86.5,-,-9,9
50,45,51,12,47,0,67.5,-,-1,1
49,24,63,7,0,0,0,+,-14,14
48,42,64,7,72,0,77.5,-,-16,16
47,51,61,13,0,0,0,-,-14,14
46,41,51,16,41,0,59,+,-5,5
45,61,61,2,100,80,100,+,-16,16
44,21,51,16,1,0,11.5,-,-7,7
43,23,44,12,3,0,0,+,-1,1
42,22,81,6,0,0,0,+,-39,39
41,34,59,12,51,0,81.5,-,-18,18
40,20,55,21,78,8,92.5,-,-15,15
39,25,39,6,95,86,97,-,0,0
38,63,63,2,0,0,0,+,-25,25
37,0,50,3,93,0,98.5,-,-13,13
36,19,60,4,80,0,84.5,+,-24,24
35,52,52,2,100,80,100,+,-17,17
34,14,34,5,48,0,0,-,0,0
33,17,50,6,0,0,0,-,-17,17
32,16,33,12,0,0,0,-,-1,1
31,0,31,1,0,0,0,-,0,0
30,54,54,2,0,0,0,+,-24,24
29,9,39,8,0,0,0,+,-10,10
28,56,56,2,100,80,100,+,-28,28
27,48,48,2,100,80,100,+,-21,21
26,11,28,9,0,0,0,-,-2,2
25,0,25,2,5,74,0,-,0,0
24,7,50,11,0,0,0,-,-26,26
23,2,91,4,0,0,0,+,-68,68
22,1,22,5,0,0,0,-,0,0
21,57,57,2,100,80,100,+,-36,36
20,0,58,5,21,0,0,-,-38,38
19,73,83,3,0,0,0,-,-64,64
18,0,88,1,90,96,6,-,-70,70
17,8,93,11,24,0,16,-,-76,76
16,0,57,4,27,0,63,+,-41,41
15,0,44,2,0,0,0,+,-29,29
14,0,16,5,0,0,0,-,-2,2
13,6,67,6,69,0,93,-,-54,54
12,10,44,13,0,0,0,-,-32,32
11,0,58,1,62,0,73.5,+,-47,47
10,18,78,15,0,54,60.5,-,-68,68
9,26,26,2,100,80,100,+,-17,17
8,0,29,5,0,0,0,-,-21,21
7,3,64,6,69,0,93,-,-57,57
6,4,49,16,0,0,0,-,-43,43
5,0,21,3,0,0,0,-,-16,16
4,5,48,20,79,0,54,-,-44,44
3,0,37,2,0,0,0,+,-34,34
2,13,59,8,0,0,0,-,-57,57
1,0,35,4,42,0,88.5,-,-34,34
100,99,100,5,0,0,0,-,0,0
99,100,100,11,95,0,0,-,-1,1
98,98,99,16,94,0,91.5,-,-1,1
97,96,97,16,84,0,78,-,0,0
96,94,97,10,0,0,0,-,-1,1
95,95,100,15,0,0,0,-,-5,5
94,87,98,12,0,0,0,+,-4,4
93,92,100,14,88,84,88,-,-7,7
92,0,98,1,0,0,0,-,-6,6
91,86,100,25,97,100,96,-,-9,9
90,90,90,2,99,78,99.5,-,0,0
89,89,98,9,91,54,67.5,-,-9,9
88,79,94,14,96,80,98,+,-6,6
87,82,97,26,76,0,74,+,-10,10
86,85,99,33,92,0,94.5,+,-13,13
85,88,88,2,99,78,99.5,-,-3,3
84,84,94,27,0,0,0,-,-10,10
83,80,93,8,86,96,3,+,-10,10
82,91,91,2,99,78,99.5,-,-9,9
81,0,87,1,90,0,65.5,+,-6,6
80,61,85,5,0,0,0,-,-5,5
79,77,92,29,73,0,61.5,+,-13,13
78,75,88,12,0,0,0,+,-10,10
77,72,83,13,0,0,0,+,-6,6
76,71,82,18,66,0,73.5,+,-6,6
75,69,84,18,81,2,93,+,-9,9
74,70,100,28,97,100,96,+,-26,26
73,83,83,2,0,0,0,-,-10,10
72,0,74,32,33,0,0,+,-2,2
71,67,81,16,0,0,0,+,-10,10
70,65,87,6,0,0,0,+,-17,17
69,59,85,20,58,0,74.5,+,-16,16
68,0,68,1,100,90,100,-,0,0
67,0,85,1,100,90,100,-,-18,18
66,57,75,28,79,0,92.5,+,-9,9
65,56,97,50,70,86,53.5,+,-32,32
64,73,73,2,0,0,0,-,-9,9
63,0,63,1,0,0,0,-,0,0
62,55,89,23,63,0,62.5,+,-27,27
61,0,61,1,100,90,100,-,0,0
60,50,66,14,57,0,0,+,-6,6
59,46,77,11,46,0,67,+,-18,18
58,53,95,29,0,0,0,+,-37,37
57,0,57,1,100,90,100,-,0,0
56,0,56,1,100,90,100,-,0,0
55,51,88,32,79,0,92.5,+,-33,33
54,0,54,1,0,0,0,-,0,0
53,47,100,12,0,0,0,+,-47,47
52,0,52,1,100,90,100,-,0,0
51,49,61,12,0,0,0,-,-10,10
50,48,71,13,55,0,69.5,+,-21,21
49,0,87,1,0,0,0,+,-38,38
48,0,48,1,100,90,100,-,0,0
47,0,47,1,100,90,100,-,0,0
46,26,91,3,61,0,0,+,-45,45
45,44,51,11,53,0,68,+,-6,6
44,45,66,11,0,0,0,+,-22,22
43,35,96,8,92,0,94.5,+,-53,53
42,36,64,6,75,0,84,+,-22,22
41,41,51,15,40,0,60.5,+,-10,10
40,0,40,1,100,90,100,-,0,0
39,39,60,10,72,0,84.5,+,-21,21
38,0,93,1,6,0,0,+,-55,55
37,63,63,2,99,78,99.5,-,-26,26
36,66,66,2,0,0,0,-,-30,30
35,60,60,2,99,78,99.5,-,-25,25
34,42,59,11,56,0,83,+,-25,25
33,0,33,1,100,90,100,-,0,0
32,40,65,9,54,0,59,+,-33,33
31,64,64,2,99,78,99.5,-,-33,33
30,58,58,2,99,78,99.5,-,-28,28
29,0,29,1,0,0,0,-,0,0
28,54,54,2,99,78,99.5,-,-26,26
27,0,27,1,0,0,0,-,0,0
26,0,26,1,100,90,100,-,0,0
25,34,39,5,96,80,98,+,-14,14
24,33,63,6,0,0,0,+,-39,39
23,32,44,11,11,0,9.5,+,-21,21
22,30,81,5,0,0,0,+,-59,59
21,37,51,15,5,0,0,+,-30,30
20,25,55,20,81,2,93,+,-35,35
19,21,60,3,87,0,86.5,+,-41,41
18,43,78,14,24,60,63.5,-,-60,60
17,16,50,5,0,0,0,+,-33,33
16,22,33,11,0,0,0,+,-17,17
15,0,15,1,100,90,100,-,0,0
14,14,34,4,48,0,0,+,-20,20
13,27,59,7,0,0,0,-,-46,46
12,28,95,14,100,90,100,-,-83,83
11,13,28,8,0,0,0,+,-17,17
10,24,44,12,0,0,0,+,-34,34
9,15,39,7,0,0,0,+,-30,30
8,8,93,10,27,0,19,+,-85,85
7,12,50,10,0,0,0,+,-43,43
6,18,67,5,77,26,95,+,-61,61
5,20,48,19,90,0,65.5,-,-43,43
4,23,49,15,0,0,0,+,-45,45
3,19,64,5,77,26,95,+,-61,61
2,5,91,3,0,0,0,+,-89,89
1,6,22,4,0,0,0,+,-21,21
100,100,100,10,91,0,0,-,0,0
99,98,100,4,0,0,0,+,-1,1
98,99,99,15,93,0,91.5,+,-1,1
97,84,99,18,0,0,99,-,-2,2
96,96,97,15,83,0,80,+,-1,1
95,97,100,14,0,0,0,+,-5,5
94,95,97,9,0,0,0,+,-3,3
93,81,100,23,100,68,99.5,-,-7,7
92,93,100,13,88,86,89,+,-8,8
91,0,91,1,99,88,100,-,0,0
90,0,90,1,99,88,100,+,0,0
89,94,98,8,94,44,69.5,+,-9,9
88,0,88,1,99,88,100,-,0,0
87,87,98,11,0,0,0,+,-11,11
86,92,100,24,97,100,95.5,+,-14,14
85,88,99,32,92,0,94,+,-14,14
84,91,94,26,0,0,0,+,-10,10
83,0,83,1,0,0,0,-,0,0
82,89,97,25,76,0,76,+,-15,15
81,72,95,24,100,68,99.5,-,-14,14
80,86,93,7,90,96,7.5,+,-13,13
79,78,94,13,96,72,98,+,-15,15
78,73,100,20,0,0,99,-,-22,22
77,90,92,28,73,0,53,+,-15,15
76,62,100,21,0,0,99,-,-24,24
75,85,88,11,0,0,0,+,-13,13
74,60,89,30,100,68,99.5,-,-15,15
73,0,73,1,0,0,0,-,0,0
72,83,83,12,0,0,0,+,-11,11
71,79,82,17,71,0,78,+,-11,11
70,80,100,27,97,100,95.5,+,-30,30
69,82,84,17,81,0,92.5,+,-15,15
68,0,99,18,0,0,99,-,-31,31
67,77,81,15,0,0,0,+,-14,14
66,0,66,1,0,0,0,-,0,0
65,75,87,5,0,0,0,+,-22,22
64,0,64,1,99,88,100,-,0,0
63,0,63,1,99,88,100,-,0,0
62,0,93,16,0,0,99,-,-31,31
61,76,85,4,0,0,0,+,-24,24
60,0,60,1,99,88,100,-,0,0
59,70,85,19,63,0,79,+,-26,26
58,0,58,1,99,88,100,-,0,0
57,69,75,27,82,12,90,+,-18,18
56,71,97,49,75,92,54.5,+,-41,41
55,74,89,22,68,0,63,+,-34,34
54,0,54,1,99,88,100,-,0,0
53,68,95,28,0,0,0,+,-42,42
52,67,89,32,0,0,86.5,-,-37,37
51,64,88,31,82,12,90,+,-37,37
50,63,66,13,41,0,0,+,-16,16
49,56,61,11,0,0,0,+,-12,12
48,57,71,12,51,0,68,+,-23,23
47,54,100,11,0,0,0,+,-53,53
46,51,77,10,23,0,57,+,-31,31
45,58,66,10,0,0,0,-,-21,21
44,49,51,10,57,0,70.5,+,-7,7
43,52,78,13,33,54,73.5,-,-35,35
42,55,59,10,58,0,84.5,-,-17,17
41,50,51,14,38,0,62,+,-10,10
40,48,65,8,61,0,58,-,-25,25
39,45,60,9,72,0,86,+,-21,21
38,0,38,1,0,0,0,-,0,0
37,40,51,14,7,0,16,-,-14,14
36,41,64,5,74,0,84,+,-28,28
35,27,96,7,92,0,94,+,-61,61
34,31,39,4,96,72,98,-,-5,5
33,36,63,5,0,0,0,-,-30,30
32,32,44,10,16,0,17.5,-,-12,12
31,44,81,20,45,78,55.5,-,-50,50
30,29,81,4,0,0,0,-,-51,51
29,46,70,20,39,0,12.5,-,-41,41
28,35,95,13,98,98,81,-,-67,67
27,34,59,6,8,8,0,-,-32,32
26,59,91,2,40,0,0,+,-65,65
25,33,55,19,81,0,92.5,-,-30,30
24,38,44,11,0,0,0,-,-20,20
23,42,49,14,0,0,0,-,-26,26
22,30,33,10,0,0,0,-,-11,11
21,28,60,2,89,16,87,-,-39,39
20,47,48,18,62,0,61,-,-28,28
19,37,64,4,85,0,95,-,-45,45
18,39,67,4,85,0,95,-,-49,49
17,0,51,1,84,0,88,-,-34,34
16,21,50,4,0,0,0,+,-34,34
15,24,39,6,0,0,0,-,-24,24
14,17,34,3,50,0,0,+,-20,20
13,25,28,7,0,0,0,-,-15,15
12,22,50,9,0,0,0,-,-38,38
11,0,11,3,0,0,0,-,0,0
10,43,48,12,97,100,95.5,-,-38,38
9,26,41,18,95,14,88.5,-,-32,32
8,19,93,9,22,0,21.5,+,-85,85
7,0,7,1,28,0,0,-,0,0
6,15,22,3,0,0,0,-,-16,16
5,8,91,2,0,0,0,-,-86,86
4,16,16,4,0,0,0,-,-12,12
3,11,58,4,18,0,0,-,-55,55
2,20,37,11,0,0,0,-,-35,35
1,0,57,3,37,0,68.5,-,-56,56
100,99,100,9,93,0,0,+,0,0
99,98,99,14,94,0,93.5,-,0,0
98,88,100,3,0,0,0,+,-2,2
97,100,100,13,0,0,0,-,-3,3
96,95,97,14,83,0,81,+,-1,1
95,94,97,8,0,0,0,-,-2,2
94,97,98,7,96,6,74.5,-,-4,4
93,96,100,12,86,86,93,-,-7,7
92,93,100,23,99,100,95.5,-,-8,8
91,91,94,25,0,0,0,-,-3,3
90,92,92,27,73,0,70.5,-,-2,2
89,89,97,24,74,0,82,-,-8,8
88,90,99,31,95,12,95,-,-11,11
87,84,98,10,0,0,0,+,-11,11
86,87,93,6,87,96,8,-,-7,7
85,86,88,10,0,0,0,-,-3,3
84,0,99,17,0,0,99.5,+,-15,15
83,80,83,11,0,0,0,-,0,0
82,83,84,16,84,0,94,-,-2,2
81,0,93,22,100,98,100,+,-12,12
80,85,100,26,99,100,95.5,+,-20,20
79,81,82,16,68,0,78,-,-3,3
78,68,94,12,97,94,98.5,+,-16,16
77,79,81,14,0,0,0,-,-4,4
76,82,85,3,0,0,0,-,-9,9
75,72,87,4,0,0,0,-,-12,12
74,78,89,21,65,0,72,-,-15,15
73,0,100,19,0,0,99.5,+,-27,27
72,0,95,23,100,98,100,+,-23,23
71,75,97,48,67,88,59.5,-,-26,26
70,67,85,18,62,0,86.5,-,-15,15
69,70,75,26,77,0,91.5,-,-6,6
68,73,95,27,0,0,0,-,-27,27
67,76,89,31,0,0,86,-,-22,22
66,77,94,20,78,90,77,-,-28,28
65,74,100,26,92,0,94.5,-,-35,35
64,71,88,30,77,0,91.5,-,-24,24
63,66,66,12,56,0,0,-,-3,3
62,0,100,20,0,0,99.5,+,-38,38
61,69,88,21,0,0,0,-,-27,27
60,0,89,29,100,98,100,+,-29,29
59,0,91,1,61,0,0,-,-32,32
58,57,66,9,0,0,0,-,-8,8
57,65,71,11,58,0,74,-,-14,14
56,61,61,10,0,0,0,-,-5,5
55,59,59,9,63,0,88.5,-,-4,4
54,54,100,10,0,0,0,-,-46,46
53,62,100,48,91,52,90.5,-,-47,47
52,58,78,12,28,40,71.5,-,-26,26
51,60,77,9,21,0,56.5,-,-26,26
50,51,51,13,35,0,58,-,-1,1
49,45,51,9,52,0,72.5,-,-2,2
48,53,65,7,60,0,66.5,-,-17,17
47,46,48,17,49,0,52,-,-1,1
46,63,70,19,40,0,0,-,-24,24
45,40,60,8,69,0,88,-,-15,15
44,64,81,19,55,62,64.5,-,-37,37
43,48,48,11,99,100,95.5,-,-5,5
42,49,49,13,1,0,0,-,-7,7
41,41,64,4,70,0,78.5,-,-23,23
40,43,51,13,6,0,29,-,-11,11
39,52,67,3,85,0,96.5,-,-28,28
38,44,44,10,0,0,0,-,-6,6
37,47,64,3,85,0,96.5,-,-27,27
36,32,63,4,0,0,0,-,-27,27
35,50,95,12,98,82,79.5,-,-60,60
34,42,59,5,0,0,0,-,-25,25
33,39,55,18,84,0,94,-,-22,22
32,34,44,9,0,0,0,+,-12,12
31,18,39,3,97,94,98.5,+,-8,8
30,33,33,9,0,0,0,-,-3,3
29,25,81,3,0,0,0,+,-52,52
28,0,60,1,90,0,90,-,-32,32
27,23,96,6,95,12,95,+,-69,69
26,29,41,17,91,52,90.5,-,-15,15
25,26,28,6,0,0,0,-,-3,3
24,24,39,5,0,0,0,-,-15,15
23,55,55,8,88,92,84,-,-32,32
22,17,50,8,0,0,0,-,-28,28
21,19,50,3,0,0,0,-,-29,29
20,37,37,10,0,0,0,-,-17,17
19,38,93,8,29,0,28.5,-,-74,74
18,36,66,15,0,0,23.5,-,-48,48
17,7,34,2,36,0,0,-,-17,17
16,14,16,3,0,0,0,-,0,0
15,16,22,2,0,0,0,-,-7,7
14,20,20,9,0,0,0,-,-6,6
13,30,30,11,0,0,0,-,-17,17
12,35,35,3,76,0,96,-,-23,23
11,8,58,3,14,0,0,-,-47,47
10,0,50,2,3,0,0,-,-40,40
9,22,23,10,0,0,0,-,-14,14
8,0,91,1,0,0,0,-,-83,83
7,10,21,2,0,0,0,-,-14,14
6,0,44,1,0,0,0,-,-38,38
5,6,29,4,0,0,0,-,-24,24
4,28,47,3,85,0,96.5,-,-43,43
3,12,36,11,81,0,91,-,-33,33
2,0,2,1,0,0,0,-,0,0
1,2,3,5,0,0,0,-,-2,2
100,100,100,12,0,0,0,-,0,0
99,96,100,8,84,0,0,+,-1,1
98,99,99,13,89,0,95.5,+,-1,1
97,98,98,6,93,0,76,-,-1,1
96,97,100,11,91,94,96.5,-,-4,4
95,93,97,13,80,0,84.5,+,-2,2
94,92,97,7,0,0,0,+,-3,3
93,95,100,22,99,100,97.5,-,-7,7
92,89,92,26,77,0,77.5,-,0,0
91,91,94,24,0,0,0,+,-3,3
90,90,99,30,95,16,97,-,-9,9
89,94,97,23,81,0,86,+,-8,8
88,80,100,2,0,0,0,+,-12,12
87,88,93,5,85,96,4.5,-,-6,6
86,86,88,9,0,0,0,-,-2,2
85,87,100,25,99,100,97.5,-,-15,15
84,79,98,9,0,0,0,+,-14,14
83,84,84,15,83,0,95,-,-1,1
82,85,85,2,0,0,0,-,-3,3
81,82,82,15,66,0,79,-,-1,1
80,72,83,10,0,0,0,+,-3,3
79,77,81,13,0,0,0,-,-2,2
78,81,89,20,71,4,79.5,-,-11,11
77,83,94,19,82,92,80,-,-17,17
76,78,89,30,0,0,90,-,-13,13
75,74,97,47,68,90,68,-,-22,22
74,76,100,25,90,28,96,-,-26,26
73,75,95,26,0,0,0,-,-22,22
72,68,87,3,0,0,0,+,-15,15
71,73,88,29,79,0,94.5,-,-17,17
70,70,75,25,79,0,94.5,-,-5,5
69,69,88,20,0,0,0,-,-19,19
68,54,94,11,97,84,98,+,-26,26
67,63,85,17,48,0,80.5,+,-18,18
66,62,66,11,36,0,0,-,0,0
65,71,71,10,59,0,77,-,-6,6
64,57,81,18,60,74,70.5,-,-17,17
63,66,70,18,56,0,2.5,-,-7,7
62,59,100,47,87,2,93.5,-,-38,38
61,60,61,9,0,0,0,-,0,0
60,50,77,8,22,0,58.5,-,-17,17
59,52,59,8,65,0,89,-,0,0
58,55,78,11,31,42,74.5,-,-20,20
57,45,66,8,0,0,0,+,-9,9
56,65,80,30,72,0,88.5,-,-24,24
55,39,55,7,94,98,90.5,-,0,0
54,46,100,9,0,0,0,+,-46,46
53,61,65,6,64,0,64.5,-,-12,12
52,67,67,2,92,68,98.5,-,-15,15
51,49,51,12,29,0,60,-,0,0
50,56,95,11,98,78,81.5,-,-45,45
49,42,49,12,7,0,0,-,0,0
48,44,48,10,99,100,97.5,-,0,0
47,64,64,2,92,68,98.5,-,-17,17
46,48,48,16,46,0,51.5,+,-2,2
45,41,51,8,50,0,73.5,+,-6,6
44,37,44,9,0,0,0,-,0,0
43,43,51,12,9,0,30.5,-,-8,8
42,36,59,4,3,0,0,-,-17,17
41,35,64,3,74,0,82,+,-23,23
40,38,60,7,72,0,88.5,+,-20,20
39,40,55,17,83,0,95,-,-16,16
38,29,93,7,62,0,62.5,-,-55,55
37,32,37,9,1,0,26,-,0,0
36,53,66,14,15,0,37,-,-30,30
35,0,35,2,100,0,100,-,0,0
34,22,44,8,0,0,0,-,-10,10
33,28,33,8,0,0,0,-,0,0
32,20,63,3,0,0,0,+,-31,31
31,0,37,1,0,0,0,-,-6,6
30,23,30,10,0,0,0,-,0,0
29,24,41,16,87,2,93.5,-,-12,12
28,47,47,2,92,68,98.5,-,-19,19
27,26,38,6,0,44,0,-,-11,11
26,15,28,5,0,0,0,-,-2,2
25,3,81,2,0,0,0,+,-56,56
24,13,39,4,0,0,0,+,-15,15
23,14,96,5,95,16,97,+,-73,73
22,18,23,9,0,0,0,-,-1,1
21,33,33,15,88,0,99,-,-12,12
20,10,20,8,0,0,0,-,0,0
19,0,50,2,0,0,0,+,-31,31
18,21,39,2,97,84,98,+,-21,21
17,12,50,7,0,0,0,+,-33,33
16,0,22,1,0,0,0,-,-6,6
15,30,30,2,92,68,98.5,-,-15,15
14,0,16,2,0,0,0,+,-2,2
13,19,57,15,0,0,0,-,-44,44
12,16,36,10,76,0,89.5,-,-24,24
11,34,34,2,92,68,98.5,-,-23,23
10,0,21,1,0,0,0,-,-11,11
9,0,25,1,0,36,0,-,-16,16
8,58,58,2,14,0,0,+,-50,50
7,0,34,1,39,0,0,+,-27,27
6,8,29,3,0,0,0,-,-23,23
5,5,12,4,73,0,92,-,-7,7
4,1,57,2,28,0,67.5,-,-53,53
3,4,46,2,0,0,0,-,-43,43
2,0,3,4,0,0,0,-,-1,1
1,0,11,2,0,0,0,-,-10,10
100,100,100,11,0,0,0,+,0,0
99,99,99,12,96,0,99,-,0,0
98,98,98,5,91,16,74,-,0,0
97,97,100,10,93,88,97,-,-3,3
96,87,100,7,75,0,0,+,-4,4
95,96,100,21,100,100,96.5,-,-5,5
94,95,97,22,83,0,86.5,-,-3,3
93,92,97,12,80,0,82,+,-4,4
92,91,97,6,0,0,0,+,-5,5
91,93,94,23,0,0,0,+,-3,3
90,94,99,29,92,34,95.5,+,-9,9
89,90,92,25,77,0,68,+,-3,3
88,89,93,4,88,96,7.5,-,-5,5
87,88,100,24,100,100,96.5,-,-13,13
86,86,88,8,0,0,0,+,-2,2
85,0,85,1,0,0,0,-,0,0
84,83,84,14,82,0,95,-,0,0
83,84,94,18,85,94,80,-,-11,11
82,80,82,14,63,0,76,-,0,0
81,85,89,19,72,8,79.5,-,-8,8
80,0,100,1,0,0,0,+,-20,20
79,76,98,8,0,0,0,+,-19,19
78,69,89,29,0,0,92,-,-11,11
77,79,81,12,0,0,0,+,-4,4
76,82,100,24,94,28,96,-,-24,24
75,81,95,25,0,0,0,-,-20,20
74,78,97,46,67,82,66,+,-23,23
73,77,88,28,81,14,94.5,-,-15,15
72,73,83,9,0,0,0,+,-11,11
71,57,71,9,64,0,84,-,0,0
70,72,75,24,81,14,94.5,+,-5,5
69,75,88,19,0,0,0,+,-19,19
68,74,87,2,0,0,0,+,-19,19
67,0,67,1,98,42,100,-,0,0
66,70,70,17,52,0,17,-,-4,4
65,56,80,29,76,0,92.5,-,-15,15
64,0,64,1,98,42,100,-,0,0
63,71,85,16,37,0,71,+,-22,22
62,58,66,10,27,0,0,+,-4,4
61,53,65,5,65,0,65,-,-4,4
60,48,61,8,0,0,0,+,-1,1
59,68,100,46,89,38,93.5,+,-41,41
58,0,58,1,56,0,15,-,0,0
57,64,81,17,59,78,68.5,+,-24,24
56,65,95,10,99,80,77.5,-,-39,39
55,67,78,10,25,40,74.5,+,-23,23
54,42,94,10,97,84,97.5,+,-40,40
53,66,66,13,34,0,61.5,-,-13,13
52,50,59,7,61,0,88,+,-7,7
51,63,99,36,99,80,77.5,-,-48,48
50,54,77,7,10,0,51,+,-27,27
49,46,51,11,38,0,64,+,-2,2
48,45,48,15,47,0,57,-,0,0
47,0,47,1,98,42,100,-,0,0
46,62,100,8,0,0,0,+,-54,54
45,39,66,7,0,0,0,+,-21,21
44,44,48,9,100,100,96.5,+,-4,4
43,51,51,11,15,0,46.5,+,-8,8
42,49,49,11,0,0,0,+,-7,7
41,41,51,7,48,0,70.5,+,-10,10
40,47,55,16,82,0,95,-,-15,15
39,40,55,6,90,98,89.5,+,-16,16
38,38,60,6,76,0,92.5,+,-22,22
37,34,44,8,0,0,0,+,-7,7
36,30,59,3,0,0,0,+,-23,23
35,9,64,2,74,0,81.5,+,-29,29
34,0,34,1,98,42,100,-,0,0
33,20,33,14,95,0,99.5,-,0,0
32,37,37,8,2,0,25,+,-5,5
31,43,87,20,94,28,96,-,-56,56
30,0,30,1,98,42,100,-,0,0
29,19,93,6,30,0,42,+,-64,64
28,24,33,7,0,0,0,+,-5,5
27,0,50,1,28,0,0,-,-23,23
26,36,38,5,0,0,0,+,-12,12
25,35,56,20,60,0,78,-,-31,31
24,31,41,15,89,38,93.5,+,-17,17
23,22,30,9,0,0,0,+,-7,7
22,27,44,7,0,0,0,+,-22,22
21,0,39,1,97,84,97.5,-,-18,18
20,10,63,2,0,0,0,+,-43,43
19,33,57,14,0,0,0,-,-38,38
18,23,23,8,0,0,0,+,-5,5
17,0,17,1,98,42,100,-,0,0
16,32,36,9,79,0,90,-,-20,20
15,17,28,4,0,0,0,+,-13,13
14,13,96,4,92,34,95.5,+,-82,82
13,12,39,3,0,0,0,+,-26,26
12,16,50,6,0,0,0,+,-38,38
11,0,81,6,95,0,99.5,-,-70,70
10,18,20,7,0,0,0,+,-10,10
9,0,9,1,98,42,100,-,0,0
8,29,29,2,4,0,0,-,-21,21
7,25,49,20,29,0,47.5,-,-42,42
6,21,59,14,69,0,86,-,-53,53
5,7,12,3,70,0,91,+,-7,7
4,0,46,1,0,0,0,-,-42,42
3,0,81,1,0,0,0,+,-78,78
2,0,2,1,98,42,100,-,0,0
1,0,57,1,43,0,70,+,-56,56
100,100,100,10,0,0,0,+,0,0
99,99,99,11,90,0,0,+,0,0
98,95,98,4,94,20,76,+,0,0
97,93,100,9,100,94,100,+,-3,3
96,98,100,20,99,100,98.5,-,-4,4
95,97,97,21,85,0,89,-,-2,2
94,96,99,28,96,36,97.5,-,-5,5
93,94,94,22,0,0,0,-,-1,1
92,91,97,11,76,0,80.5,+,-5,5
91,89,97,5,0,0,0,+,-6,6
90,92,92,24,80,0,73.5,-,-2,2
89,88,93,3,91,98,11.5,-,-4,4
88,90,100,23,99,100,98.5,-,-12,12
87,80,100,6,56,0,0,+,-13,13
86,84,88,7,0,0,0,+,-2,2
85,87,89,18,78,6,86.5,-,-4,4
84,86,94,17,88,96,84,-,-10,10
83,83,84,13,84,0,95,+,-1,1
82,82,100,23,97,70,98,-,-18,18
81,85,95,24,0,0,0,-,-14,14
80,77,82,13,68,0,77.5,+,-2,2
79,81,81,11,0,0,0,-,-2,2
78,79,97,45,73,84,75,-,-19,19
77,78,88,27,83,0,94,-,-11,11
76,70,98,7,0,0,0,+,-22,22
75,76,88,18,0,0,0,-,-13,13
74,0,87,1,0,0,0,-,-13,13
73,72,83,8,0,0,0,-,-10,10
72,75,75,23,83,0,94,-,-3,3
71,66,85,15,48,0,79.5,-,-14,14
70,69,70,16,45,0,18,-,0,0
69,74,89,28,0,0,82,+,-20,20
68,73,100,45,93,0,95.5,-,-32,32
67,65,78,9,49,64,81,-,-11,11
66,61,66,12,42,0,66,-,0,0
65,68,95,9,95,76,77,-,-30,30
64,71,81,16,67,80,71.5,-,-17,17
63,67,99,35,95,76,77,-,-36,36
62,30,100,7,0,0,0,-,-38,38
61,62,97,40,0,0,0,-,-36,36
60,64,100,31,99,100,98.5,-,-40,40
59,63,78,24,9,0,0,-,-19,19
58,47,66,9,16,0,0,+,-8,8
57,50,71,8,38,0,70.5,+,-14,14
56,57,80,28,72,0,85,+,-24,24
55,60,93,39,0,0,0,-,-38,38
54,34,77,6,15,0,58.5,-,-23,23
53,40,65,4,59,0,70,+,-12,12
52,56,87,30,0,0,0,-,-35,35
51,48,51,10,14,0,42.5,-,0,0
50,32,59,6,65,0,87,+,-9,9
49,45,49,10,4,0,0,-,0,0
48,44,61,7,0,0,0,+,-13,13
47,42,55,15,84,0,95,-,-8,8
46,41,51,10,25,0,60,+,-5,5
45,46,48,14,43,0,59,+,-3,3
44,35,48,8,99,100,98.5,+,-4,4
43,51,87,19,97,70,98,-,-44,44
42,37,94,9,98,92,99,+,-52,52
41,43,51,6,50,0,72.5,+,-10,10
40,39,55,5,92,86,88,-,-15,15
39,33,66,6,0,0,0,+,-27,27
38,27,60,5,72,0,85,+,-22,22
37,11,37,7,8,0,33,-,0,0
36,15,38,4,5,22,0,-,-2,2
35,36,56,19,87,0,97,-,-21,21
34,31,44,7,0,0,0,+,-10,10
33,38,57,13,0,0,0,-,-24,24
32,22,36,8,82,0,90,-,-4,4
31,28,41,14,93,0,95.5,-,-10,10
30,59,59,2,0,26,0,+,-29,29
29,0,29,1,19,0,0,-,0,0
28,8,46,3,100,94,100,-,-18,18
27,17,44,6,0,0,0,-,-17,17
26,24,64,20,33,0,56,-,-38,38
25,29,49,19,37,0,53,-,-24,24
24,20,33,6,0,0,0,+,-9,9
23,18,23,7,0,0,0,-,0,0
22,16,30,8,0,0,0,+,-8,8
21,26,59,13,31,0,63.5,-,-38,38
20,19,33,13,75,0,96.5,+,-13,13
19,23,93,5,18,0,25,+,-74,74
18,12,20,6,0,0,0,-,-2,2
17,6,28,3,0,0,0,-,-11,11
16,9,50,5,0,0,0,-,-34,34
15,13,81,20,0,0,0,-,-66,66
14,0,14,1,87,0,97,-,0,0
13,5,96,3,96,36,97.5,+,-83,83
12,3,39,2,0,0,0,+,-27,27
11,10,63,19,0,0,0,-,-52,52
10,0,63,1,0,0,0,+,-53,53
9,0,64,1,66,0,71,+,-55,55
8,0,8,1,87,0,97,-,0,0
7,0,12,2,74,0,87.5,-,-5,5
6,0,16,1,0,0,0,-,-10,10
5,14,58,10,57,44,56.5,-,-53,53
4,0,11,1,0,0,0,-,-7,7
3,1,3,3,0,0,0,-,0,0
2,0,50,1,0,0,0,-,-48,48
1,21,47,5,62,0,92,-,-46,46
100,100,100,9,0,0,0,+,0,0
99,98,99,10,87,0,0,+,0,0
98,99,100,19,100,100,98,-,-2,2
97,96,97,20,85,0,90.5,-,0,0
96,97,99,27,94,0,97,-,-3,3
95,89,98,3,95,58,81.5,+,-3,3
94,94,94,21,0,0,0,-,0,0
93,95,100,8,91,94,0,+,-7,7
92,92,92,23,79,0,73.5,-,0,0
91,90,97,10,77,0,83.5,+,-6,6
90,93,100,22,100,100,98,-,-10,10
89,88,97,4,0,0,0,+,-8,8
88,91,93,2,93,96,25,+,-5,5
87,87,89,17,81,10,89,-,-2,2
86,86,94,16,88,92,86.5,-,-8,8
85,84,95,23,0,0,0,-,-10,10
84,82,88,6,0,0,0,+,-4,4
83,83,84,12,83,0,95,+,-1,1
82,85,100,22,98,68,98.5,+,-18,18
81,75,81,10,0,0,0,-,0,0
80,68,100,5,33,0,0,+,-20,20
79,81,97,44,73,78,78.5,-,-18,18
78,80,88,26,84,0,94.5,-,-10,10
77,74,82,12,69,0,72,+,-5,5
76,79,88,17,0,0,0,-,-12,12
75,71,75,22,84,0,94.5,-,0,0
74,77,89,27,0,0,84.5,-,-15,15
73,76,100,44,92,40,94,-,-27,27
72,66,83,7,0,0,0,+,-11,11
71,72,81,15,70,70,79,-,-10,10
70,47,98,6,0,0,0,+,-28,28
69,69,70,15,44,0,10.5,+,-1,1
68,70,95,8,96,72,80.5,-,-27,27
67,73,99,34,96,72,80.5,-,-32,32
66,63,85,14,41,0,74.5,+,-19,19
65,78,78,8,43,26,83,+,-13,13
64,65,100,30,100,100,98,-,-36,36
63,64,78,23,11,0,0,-,-15,15
62,61,97,39,0,0,0,-,-35,35
61,57,66,11,34,0,50.5,+,-5,5
60,55,93,38,0,0,0,-,-33,33
59,0,59,1,30,30,0,-,0,0
58,0,58,1,93,96,25,-,0,0
57,58,80,27,72,0,85.5,-,-23,23
56,52,87,29,0,0,0,-,-31,31
55,60,78,27,37,0,48.5,-,-23,23
54,62,96,34,60,0,76.5,-,-42,42
53,56,96,28,88,92,86.5,-,-43,43
52,53,91,38,35,0,56,-,-39,39
51,67,87,18,98,68,98.5,-,-36,36
50,43,71,7,46,0,68.5,+,-21,21
49,54,89,20,92,40,94,-,-40,40
48,48,51,9,20,0,43,+,-3,3
47,42,66,8,12,0,0,+,-19,19
46,41,48,13,51,0,57,-,-2,2
45,34,49,9,6,0,0,+,-4,4
44,33,61,6,0,0,0,+,-17,17
43,35,51,5,60,0,76.5,-,-8,8
42,39,55,14,83,0,95,+,-13,13
41,37,51,9,26,0,56.5,+,-10,10
40,59,65,3,58,0,67,+,-25,25
39,32,55,4,90,74,91,+,-16,16
38,50,57,12,0,0,0,-,-19,19
37,30,94,8,99,86,99,+,-57,57
36,44,56,18,19,0,0,-,-20,20
35,24,48,7,100,100,98,+,-13,13
34,22,77,5,3,0,41,+,-43,43
33,27,66,5,0,0,0,+,-33,33
32,28,59,5,53,0,84,+,-27,27
31,26,44,6,0,0,0,+,-13,13
30,14,100,6,0,0,0,+,-70,70
29,49,49,18,29,0,46.5,-,-20,20
28,25,41,13,92,40,94,+,-13,13
27,21,60,4,72,0,85.5,+,-33,33
26,45,59,12,42,0,65,-,-33,33
25,36,88,20,61,0,72.5,-,-63,63
24,40,64,19,47,0,62,+,-40,40
23,31,93,4,23,0,45,-,-70,70
22,23,36,7,82,0,91.5,+,-14,14
21,4,47,4,97,0,100,-,-26,26
20,18,33,5,0,0,0,+,-13,13
19,20,33,12,80,0,97.5,+,-14,14
18,17,23,6,0,0,0,+,-5,5
17,15,44,5,0,0,0,+,-27,27
16,13,30,7,0,0,0,+,-14,14
15,38,38,3,0,8,0,+,-23,23
14,29,58,9,64,42,61,-,-44,44
13,19,81,19,0,0,0,+,-68,68
12,11,20,5,0,0,0,+,-8,8
11,9,37,6,0,0,0,+,-26,26
10,16,63,18,0,0,0,+,-53,53
9,7,50,4,0,0,0,+,-41,41
8,46,46,2,91,94,0,+,-38,38
7,12,52,16,0,0,52.5,-,-45,45
6,3,28,2,0,0,0,+,-22,22
5,5,96,2,94,0,97,+,-91,91
4,8,8,3,0,0,0,-,-4,4
3,0,39,1,0,0,0,+,-36,36
2,6,34,15,84,0,94.5,-,-32,32
1,1,3,2,0,0,0,+,-2,2
100,100,100,8,0,0,0,+,0,0
99,99,100,18,100,100,99,-,-1,1
98,96,99,9,84,0,0,+,-1,1
97,98,99,26,96,2,96.5,-,-2,2
96,97,97,19,86,0,90.5,+,-1,1
95,95,100,7,95,96,0,-,-5,5
94,94,94,20,0,0,0,+,0,0
93,93,100,21,100,100,99,-,-7,7
92,92,92,22,78,0,74,+,0,0
91,0,93,1,92,98,29,-,-2,2
90,91,97,9,76,0,81,+,-7,7
89,90,98,2,91,0,78,+,-9,9
88,85,97,3,0,0,0,+,-9,9
87,86,89,16,82,22,92,+,-2,2
86,88,94,15,88,92,88,+,-8,8
85,89,100,21,98,40,99.5,-,-15,15
84,87,95,22,0,0,0,+,-11,11
83,80,84,11,83,0,96,+,-1,1
82,79,88,5,0,0,0,+,-6,6
81,84,97,43,70,60,78.5,-,-16,16
80,82,88,25,85,0,95,-,-8,8
79,83,88,16,0,0,0,-,-9,9
78,43,78,7,65,52,88.5,-,0,0
77,78,89,26,0,0,86.5,-,-12,12
76,77,100,43,94,20,94,-,-24,24
75,70,81,9,0,0,0,+,-6,6
74,68,82,11,57,0,72,+,-8,8
73,74,99,33,97,70,80.5,-,-26,26
72,76,81,14,75,78,83,-,-9,9
71,75,75,21,85,0,95,+,-4,4
70,72,95,7,97,70,80.5,-,-25,25
69,63,70,14,45,0,14.5,+,-1,1
68,29,100,4,9,0,0,+,-32,32
67,73,87,17,98,40,99.5,-,-20,20
66,58,83,6,0,0,0,+,-17,17
65,67,100,29,100,100,99,-,-35,35
64,71,78,22,7,0,0,-,-14,14
63,51,85,13,38,0,76,+,-22,22
62,69,96,33,59,0,75.5,-,-34,34
61,62,97,38,0,0,0,+,-36,36
60,64,78,26,27,0,47,-,-18,18
59,47,65,2,71,0,69.5,-,-6,6
58,60,80,26,74,0,85,-,-22,22
57,52,66,10,32,0,54,+,-9,9
56,66,96,27,88,92,88,-,-40,40
55,59,93,37,0,0,0,+,-38,38
54,65,89,19,94,20,94,-,-35,35
53,61,91,37,39,0,59,-,-38,38
52,55,87,28,0,0,0,+,-35,35
51,56,100,41,94,20,94,-,-49,49
50,57,57,11,0,0,0,-,-7,7
49,46,49,17,36,0,51.5,-,0,0
48,50,51,8,23,0,48.5,+,-3,3
47,38,98,5,0,0,0,+,-51,51
46,0,46,1,95,96,0,-,0,0
45,53,59,11,47,0,63,-,-14,14
44,45,56,17,19,0,0,-,-12,12
43,44,71,6,34,0,66.5,+,-28,28
42,40,66,7,10,0,0,+,-24,24
41,41,48,12,50,0,56.5,+,-7,7
40,54,64,18,54,0,67.5,-,-24,24
39,42,55,13,83,0,96,+,-16,16
38,35,38,2,15,8,0,-,0,0
37,39,51,8,26,0,56,+,-14,14
36,48,88,19,72,0,81.5,-,-52,52
35,32,51,4,59,0,75.5,+,-16,16
34,34,49,8,0,0,0,+,-15,15
33,37,61,5,0,0,0,+,-28,28
32,28,55,3,93,94,90,+,-23,23
31,81,93,3,37,0,61,-,-62,62
30,33,94,7,99,84,100,+,-64,64
29,49,58,8,68,26,64.5,-,-29,29
28,25,59,4,52,0,82,+,-31,31
27,21,66,4,0,0,0,+,-39,39
26,16,44,5,0,0,0,+,-18,18
25,24,41,12,94,20,94,+,-16,16
24,12,48,6,100,100,99,+,-24,24
23,27,36,6,81,0,91.5,-,-13,13
22,14,77,4,0,0,20.5,+,-55,55
21,17,60,3,74,0,85,+,-39,39
20,23,33,11,80,0,97,-,-13,13
19,30,81,18,0,0,0,-,-62,62
18,7,33,4,0,0,0,+,-15,15
17,19,23,5,0,0,0,+,-6,6
16,31,63,17,0,0,0,-,-47,47
15,13,44,4,0,0,0,+,-29,29
14,9,100,5,0,0,0,+,-86,86
13,15,30,6,0,0,0,+,-17,17
12,36,52,15,13,0,71,-,-40,40
11,6,20,4,0,0,0,+,-9,9
10,26,41,13,73,0,93,-,-31,31
9,8,37,5,0,0,0,+,-28,28
8,5,8,2,0,0,0,-,0,0
7,3,50,3,0,0,0,+,-43,43
6,2,34,14,85,0,95,-,-28,28
5,0,96,1,96,2,96.5,+,-91,91
4,0,47,3,12,0,0,+,-43,43
3,0,28,1,0,0,0,+,-25,25
2,20,47,12,0,0,0,-,-45,45
1,0,3,1,0,0,0,+,-2,2
100,100,100,7,0,0,0,+,0,0
99,99,100,17,99,100,98,+,-1,1
98,98,99,25,95,2,96.5,-,-1,1
97,97,97,18,87,0,90,-,0,0
96,92,99,8,84,0,0,+,-3,3
95,95,100,6,93,96,0,+,-5,5
94,94,94,19,0,0,0,+,0,0
93,96,100,20,99,100,98,+,-7,7
92,91,92,21,76,0,72.5,+,0,0
91,87,97,8,72,0,76.5,-,-6,6
90,0,98,1,92,22,78,-,-8,8
89,90,100,20,98,32,99.5,-,-11,11
88,86,94,14,91,94,89,-,-6,6
87,88,95,21,0,0,0,-,-8,8
86,85,89,15,82,38,92.5,+,-3,3
85,89,97,2,0,0,0,+,-12,12
84,84,97,42,74,78,78.5,-,-13,13
83,83,88,15,0,0,0,-,-5,5
82,82,88,24,86,0,95,-,-6,6
81,93,93,2,79,0,88.5,-,-12,12
80,76,84,10,81,0,95.5,+,-4,4
79,67,88,4,0,0,0,+,-9,9
78,79,89,25,0,0,87,-,-11,11
77,80,100,42,94,48,96,-,-23,23
76,81,81,13,78,90,83,-,-5,5
75,65,75,20,86,0,95,-,0,0
74,77,99,32,96,58,79,-,-25,25
73,78,87,16,98,32,99.5,-,-14,14
72,71,95,6,96,58,79,-,-23,23
71,69,78,21,12,0,0,-,-7,7
70,51,81,8,0,0,0,+,-11,11
69,68,96,32,59,0,71,-,-27,27
68,74,82,10,55,0,70.5,+,-14,14
67,72,100,28,99,100,98,-,-33,33
66,75,96,26,91,94,89,-,-30,30
65,73,89,18,94,48,96,-,-24,24
64,70,78,25,30,0,45.5,-,-14,14
63,58,70,13,46,0,10,+,-7,7
62,66,97,37,0,0,0,-,-35,35
61,61,91,36,54,0,73,-,-30,30
60,63,80,25,70,0,82.5,-,-20,20
59,64,93,36,0,0,0,-,-34,34
58,45,83,5,0,0,0,+,-25,25
57,56,57,10,0,0,0,-,0,0
56,62,100,40,94,48,96,-,-44,44
55,57,87,27,2,0,0,-,-32,32
54,59,64,17,62,0,67.5,-,-10,10
53,55,59,10,53,0,66,-,-6,6
52,47,66,9,31,0,48.5,+,-14,14
51,49,85,12,32,0,73.5,+,-34,34
50,46,51,7,22,0,50.5,-,-1,1
49,48,58,7,75,54,67,-,-9,9
48,60,88,18,67,0,80.5,-,-40,40
47,0,65,1,68,0,70,+,-18,18
46,44,49,16,52,0,51.5,+,-3,3
45,50,56,16,20,0,0,-,-11,11
44,34,71,5,36,0,65,-,-27,27
43,43,78,6,38,80,71.5,+,-35,35
42,37,55,12,81,0,95.5,-,-13,13
41,39,48,11,47,0,56,+,-7,7
40,33,66,6,5,0,0,+,-26,26
39,31,51,7,21,0,53,-,-12,12
38,25,98,4,0,0,0,+,-60,60
37,32,61,4,0,0,0,-,-24,24
36,30,52,14,73,0,94.5,-,-16,16
35,0,38,1,6,6,0,+,-3,3
34,29,49,7,0,0,0,+,-15,15
33,35,94,6,97,70,99,-,-61,61
32,21,51,3,59,0,71,+,-19,19
31,38,63,16,0,0,0,-,-32,32
30,40,81,17,0,0,0,-,-51,51
29,7,100,3,0,0,0,+,-71,71
28,0,55,2,89,76,89.5,+,-27,27
27,28,36,5,83,0,90.5,-,-9,9
26,41,41,12,0,0,0,-,-15,15
25,20,59,3,33,0,75.5,+,-34,34
24,26,41,11,94,48,96,+,-17,17
23,27,33,10,80,0,97,-,-10,10
22,0,22,1,100,28,100,-,0,0
21,16,66,3,0,0,0,+,-45,45
20,36,47,11,0,0,0,-,-27,27
19,23,23,4,0,0,0,-,-4,4
18,0,46,1,0,0,0,-,-28,28
17,9,60,2,70,0,82.5,+,-43,43
16,18,44,4,0,0,0,+,-28,28
15,19,30,5,0,0,0,-,-15,15
14,15,77,3,0,0,0,+,-63,63
13,17,44,3,0,0,0,+,-31,31
12,0,48,5,99,100,98,+,-36,36
11,0,11,1,100,28,100,-,0,0
10,3,37,11,85,0,98.5,-,-27,27
9,10,100,4,0,0,0,+,-91,91
8,13,37,4,0,0,0,+,-29,29
7,5,33,3,0,0,0,+,-26,26
6,11,20,3,0,0,0,+,-14,14
5,0,8,1,0,0,0,+,-3,3
4,24,49,12,23,0,31,-,-45,45
3,4,50,2,0,0,0,+,-47,47
2,8,34,13,86,0,95,+,-32,32
1,0,1,1,0,0,0,-,0,0
100,100,100,6,0,0,0,+,0,0
99,99,100,16,100,100,98,+,-1,1
98,98,99,24,95,0,96.5,+,-1,1
97,96,97,17,90,0,90.5,+,0,0
96,97,100,19,100,100,98,-,-4,4
95,95,100,5,88,66,0,+,-5,5
94,94,94,18,0,0,0,+,0,0
93,0,93,1,93,0,97.5,-,0,0
92,89,99,7,79,0,0,+,-7,7
91,92,92,20,73,0,73.5,+,-1,1
90,93,100,19,99,68,99.5,-,-10,10
89,0,97,1,0,0,0,-,-8,8
88,91,95,20,0,0,0,-,-7,7
87,86,97,7,67,0,76.5,+,-10,10
86,90,94,13,89,80,90,+,-8,8
85,87,89,14,82,10,88.5,+,-4,4
84,85,97,41,78,82,81.5,+,-13,13
83,88,88,14,0,0,0,+,-5,5
82,84,88,23,86,0,93.5,+,-6,6
81,65,81,12,81,76,89,-,0,0
80,79,100,41,94,40,94.5,-,-20,20
79,77,89,24,0,0,86,-,-10,10
78,83,87,15,99,68,99.5,-,-9,9
77,80,99,31,97,58,81,-,-22,22
76,72,84,9,83,0,94,+,-8,8
75,81,96,25,89,80,90,-,-21,21
74,73,82,9,53,0,71.5,-,-8,8
73,82,89,17,94,40,94.5,-,-16,16
72,76,100,27,100,100,98,-,-28,28
71,69,95,5,97,58,81,+,-24,24
70,78,78,24,26,0,49.5,-,-8,8
69,74,78,20,17,0,0,+,-9,9
68,75,96,31,55,0,69.5,+,-28,28
67,43,88,3,0,0,0,+,-21,21
66,71,97,36,0,0,0,-,-31,31
65,64,75,19,86,0,93.5,+,-10,10
64,70,93,35,0,0,0,-,-29,29
63,62,80,24,70,0,85,-,-17,17
62,63,100,39,94,40,94.5,-,-38,38
61,67,91,35,41,0,65,+,-30,30
60,68,88,17,76,0,86.5,-,-28,28
59,60,64,16,62,0,69,-,-5,5
58,51,70,12,33,0,0,+,-12,12
57,59,87,26,9,0,0,-,-30,30
56,54,57,9,0,0,0,+,-1,1
55,57,59,9,56,0,68.5,-,-4,4
54,61,85,26,20,0,58,-,-31,31
53,52,97,48,0,0,0,-,-44,44
52,56,100,52,0,0,0,-,-48,48
51,44,81,7,0,0,0,+,-30,30
50,53,56,15,28,0,0,-,-6,6
49,66,85,11,35,0,79,+,-36,36
48,58,58,6,77,32,71,+,-10,10
47,49,66,8,29,0,49,+,-19,19
46,46,51,6,21,0,52.5,+,-5,5
45,48,83,4,0,0,0,+,-38,38
44,42,49,15,31,0,48.5,+,-5,5
43,34,78,5,32,64,77,+,-35,35
42,0,42,1,88,66,0,-,0,0
41,38,41,11,0,0,0,-,0,0
40,50,81,16,0,0,0,-,-41,41
39,39,48,10,38,0,54,+,-9,9
38,45,63,15,0,0,0,-,-25,25
37,40,55,11,83,0,94,+,-18,18
36,47,47,10,15,0,0,-,-11,11
35,37,94,5,98,62,99,-,-59,59
34,28,71,4,24,0,61.5,+,-37,37
33,23,66,5,2,0,0,+,-33,33
32,27,61,3,0,0,0,+,-29,29
31,30,51,6,44,0,83,+,-20,20
30,41,52,13,0,0,0,+,-22,22
29,29,49,6,0,0,0,+,-20,20
28,35,36,4,85,0,92,-,-8,8
27,31,33,9,84,0,97,-,-6,6
26,25,41,10,94,40,94.5,-,-15,15
25,20,98,3,0,0,0,+,-73,73
24,36,49,11,46,0,50,-,-25,25
23,21,23,3,0,0,0,-,0,0
22,0,22,1,0,0,0,-,0,0
21,10,51,2,55,0,69.5,+,-30,30
20,13,59,2,30,0,75,+,-39,39
19,18,30,4,0,0,0,-,-11,11
18,19,44,3,0,0,0,-,-26,26
17,16,44,2,0,0,0,-,-27,27
16,7,66,2,0,0,0,+,-50,50
15,26,77,2,0,0,0,-,-62,62
14,22,91,20,64,56,80,-,-77,77
13,9,37,3,0,0,0,-,-24,24
12,6,30,19,0,0,0,-,-18,18
11,8,20,2,0,0,0,-,-9,9
10,4,100,3,0,0,0,-,-90,90
9,0,60,1,70,0,85,+,-51,51
8,15,34,12,86,0,93.5,-,-26,26
7,5,100,2,0,0,0,+,-93,93
6,0,6,1,43,94,0,-,0,0
5,1,33,2,0,0,0,+,-28,28
4,0,50,1,0,0,0,-,-46,46
3,12,37,10,0,0,0,+,-34,34
2,11,36,5,0,0,0,-,-34,34
1,3,36,6,64,56,80,-,-35,35
100,100,100,5,0,0,0,+,0,0
99,99,100,15,99,100,99,+,-1,1
98,98,99,23,96,34,97,+,-1,1
97,97,100,18,99,100,99,-,-3,3
96,96,97,16,89,0,91.5,+,-1,1
95,95,100,4,88,94,0,+,-5,5
94,93,94,17,0,0,0,+,0,0
93,94,100,18,100,76,100,-,-7,7
92,91,92,19,70,0,75,-,0,0
91,92,95,19,0,0,0,-,-4,4
90,90,94,12,93,84,91,-,-4,4
89,81,99,6,71,0,0,+,-10,10
88,83,88,13,0,0,0,-,0,0
87,89,89,13,82,0,87.5,-,-2,2
86,77,97,6,56,0,71.5,+,-11,11
85,88,97,40,79,72,82.5,-,-12,12
84,85,88,22,86,0,95.5,-,-4,4
83,87,87,14,100,76,100,-,-4,4
82,86,89,16,95,0,97.5,-,-7,7
81,84,96,24,93,84,91,-,-15,15
80,82,99,30,97,86,82,-,-19,19
79,74,100,40,95,0,97.5,+,-21,21
78,75,78,23,43,0,51,-,0,0
77,78,89,23,0,0,86.5,+,-12,12
76,76,100,26,99,100,99,-,-24,24
75,80,96,30,60,0,73.5,-,-21,21
74,71,78,19,31,0,0,-,-4,4
73,56,82,8,58,0,73,+,-9,9
72,61,84,8,84,0,96,+,-12,12
71,67,97,35,0,0,0,-,-26,26
70,72,93,34,0,0,0,-,-23,23
69,70,95,4,97,86,82,+,-26,26
68,73,88,16,85,24,88.5,-,-20,20
67,68,91,34,50,0,68,-,-24,24
66,63,85,10,61,0,89,-,-19,19
65,51,81,11,76,54,87,+,-16,16
64,58,75,18,86,0,95.5,+,-11,11
63,69,100,38,95,0,97.5,-,-37,37
62,66,80,23,72,0,84.5,+,-18,18
61,65,85,25,34,0,60,-,-24,24
60,60,64,15,67,0,70.5,-,-4,4
59,62,87,25,23,0,0,-,-28,28
58,39,58,5,83,50,81,-,0,0
57,59,59,8,65,0,78,-,-2,2
56,57,100,51,0,0,0,-,-44,44
55,55,96,27,94,62,94.5,-,-41,41
54,45,57,8,0,0,0,+,-3,3
53,50,56,14,41,36,4,-,-3,3
52,52,97,47,0,0,0,+,-45,45
51,46,70,11,37,0,0,+,-19,19
50,64,81,15,0,0,0,-,-31,31
49,40,66,7,33,0,44,-,-17,17
48,42,83,3,0,0,0,-,-35,35
47,35,47,9,29,0,0,-,0,0
46,38,51,5,28,0,46.5,+,-5,5
45,49,63,14,0,0,0,-,-18,18
44,31,81,6,0,0,0,+,-37,37
43,18,88,2,0,0,0,+,-45,45
42,37,49,14,35,0,43,+,-7,7
41,44,52,12,4,0,0,-,-11,11
40,34,55,10,84,0,96,-,-15,15
39,32,48,9,47,0,52.5,+,-9,9
38,30,41,10,0,0,0,+,-3,3
37,27,94,4,98,96,99.5,-,-57,57
36,43,49,10,46,0,49,-,-13,13
35,36,36,3,87,0,93,-,-1,1
34,21,78,4,53,90,72,+,-44,44
33,47,47,2,13,0,0,-,-14,14
32,41,43,17,11,0,29.5,-,-11,11
31,28,33,8,90,0,98,-,-2,2
30,22,51,5,25,0,46,+,-21,21
29,23,49,5,0,0,0,+,-20,20
28,13,71,3,30,0,53,+,-43,43
27,15,61,2,0,0,0,+,-34,34
26,0,77,1,0,0,36.5,-,-51,51
25,19,41,9,95,0,97.5,+,-16,16
24,48,83,10,94,62,94.5,-,-59,59
23,14,66,4,0,0,0,+,-43,43
22,29,91,19,78,88,81.5,-,-69,69
21,16,23,2,0,0,0,+,-2,2
20,0,98,2,0,0,0,+,-78,78
19,9,44,2,0,0,0,-,-25,25
18,12,30,3,0,0,0,+,-12,12
17,33,33,11,8,0,69,-,-16,16
16,0,44,1,0,0,0,+,-28,28
15,17,34,11,86,0,95.5,-,-19,19
14,0,14,1,0,0,0,-,0,0
13,0,59,1,36,0,72.5,+,-46,46
12,10,37,9,0,0,0,-,-25,25
11,0,36,4,0,0,0,-,-25,25
10,0,51,1,60,0,73.5,+,-41,41
9,3,37,2,0,0,0,+,-28,28
8,0,20,1,0,0,0,+,-12,12
7,0,66,1,0,0,0,+,-59,59
6,6,30,18,0,0,0,+,-24,24
5,0,100,1,0,0,0,+,-95,95
4,20,100,2,0,0,0,+,-96,96
3,5,36,5,78,88,81.5,-,-33,33
2,2,45,18,0,0,0,-,-43,43
1,0,33,1,0,0,0,+,-32,32
100,97,100,4,0,0,0,+,0,0
99,100,100,14,99,100,99.5,+,-1,1
98,99,99,22,94,0,97,+,-1,1
97,98,100,17,99,100,99.5,+,-3,3
96,96,97,15,85,0,88.5,+,-1,1
95,94,100,3,88,94,0,+,-5,5
94,95,100,17,100,68,100,-,-6,6
93,93,94,16,0,0,0,+,-1,1
92,92,95,18,0,0,0,-,-3,3
91,90,92,18,61,0,71.5,+,-1,1
90,89,94,11,92,86,91.5,+,-4,4
89,86,89,12,81,14,86,-,0,0
88,91,97,39,80,78,85,-,-9,9
87,81,87,13,100,68,100,-,0,0
86,87,89,15,96,64,97.5,-,-3,3
85,84,88,21,90,0,94,-,-3,3
84,83,96,23,92,86,91.5,-,-12,12
83,80,88,12,0,0,0,+,-5,5
82,85,99,29,97,76,82,-,-17,17
81,66,99,5,50,0,0,+,-18,18
80,82,96,29,60,0,72,-,-16,16
79,0,100,56,0,0,0,-,-21,21
78,79,89,22,0,0,84.5,-,-11,11
77,68,97,5,41,0,62.5,+,-20,20
76,78,100,25,99,100,99.5,+,-24,24
75,77,78,22,44,0,49,+,-3,3
74,76,100,39,96,64,97.5,+,-26,26
73,88,88,15,91,0,93.5,-,-15,15
72,74,93,33,0,0,0,-,-21,21
71,72,78,18,30,0,0,+,-7,7
70,75,95,3,97,76,82,-,-25,25
69,59,100,37,96,64,97.5,-,-31,31
68,65,91,33,56,0,73.5,-,-23,23
67,70,97,34,0,0,0,+,-30,30
66,71,80,22,66,0,80.5,-,-14,14
65,69,85,24,45,0,60.5,-,-20,20
64,73,81,14,0,0,0,-,-17,17
63,26,85,9,63,0,89,+,-22,22
62,67,87,24,22,0,0,-,-25,25
61,57,84,7,83,0,95,+,-23,23
60,64,64,14,65,0,72.5,+,-4,4
59,46,59,7,69,0,80,-,0,0
58,62,75,17,90,0,94,+,-17,17
57,56,100,50,0,0,0,-,-43,43
56,53,82,7,48,0,69.5,+,-26,26
55,63,96,26,95,96,96.5,+,-41,41
54,61,72,20,84,0,93,-,-18,18
53,60,88,22,76,46,74.5,-,-35,35
52,55,97,46,0,0,0,+,-45,45
51,51,81,10,74,62,87.5,+,-30,30
50,48,56,13,40,22,33,+,-6,6
49,58,63,13,0,0,0,-,-14,14
48,50,83,9,95,96,96.5,-,-35,35
47,0,47,1,36,0,0,-,0,0
46,47,70,10,33,0,0,+,-24,24
45,44,57,7,0,0,0,+,-12,12
44,52,52,11,8,0,0,-,-8,8
43,45,49,9,51,0,53.5,-,-6,6
42,49,83,2,0,0,0,+,-41,41
41,43,43,16,20,0,21.5,-,-2,2
40,42,66,6,27,0,41,+,-26,26
39,35,58,4,76,46,74.5,+,-19,19
38,36,51,4,7,0,38,+,-13,13
37,41,49,13,34,0,44.5,+,-12,12
36,32,36,2,89,0,90.5,-,0,0
35,40,47,8,16,0,0,+,-12,12
34,39,55,9,83,0,95,+,-21,21
33,8,33,10,39,16,78.5,-,0,0
32,33,48,8,46,0,50.5,+,-16,16
31,28,81,5,0,0,0,+,-50,50
30,29,41,9,0,0,0,+,-11,11
29,38,91,18,71,70,82.5,-,-62,62
28,25,33,7,87,0,98,+,-5,5
27,17,94,3,98,80,99,+,-67,67
26,31,80,20,59,90,61,-,-54,54
25,30,55,20,0,0,29,-,-30,30
24,0,24,1,100,68,100,-,0,0
23,22,49,4,0,0,0,+,-26,26
22,19,51,4,5,0,35.5,+,-29,29
21,13,78,3,11,40,65.5,+,-57,57
20,0,100,1,0,0,0,-,-80,80
19,6,41,8,96,64,97.5,+,-22,22
18,0,88,1,0,0,0,+,-70,70
17,21,34,10,90,0,94,-,-17,17
16,0,23,1,0,0,0,+,-7,7
15,0,61,1,0,0,0,+,-46,46
14,1,66,3,0,0,0,+,-52,52
13,0,71,2,13,0,49.5,+,-58,58
12,2,30,2,0,0,0,+,-18,18
11,14,39,10,10,0,18,-,-28,28
10,24,37,8,0,0,0,+,-27,27
9,0,44,1,0,0,0,+,-35,35
8,20,25,6,0,0,0,-,-17,17
7,15,53,14,57,0,65,-,-46,46
6,12,30,17,0,0,0,+,-24,24
5,5,36,4,71,70,82.5,-,-31,31
4,10,56,15,0,0,0,-,-52,52
3,0,37,1,0,0,0,+,-34,34
2,11,45,17,0,0,0,+,-43,43
1,3,33,11,0,0,0,-,-32,32
100,99,100,13,100,100,98,-,0,0
99,97,99,21,93,0,96,-,0,0
98,98,100,16,100,100,98,-,-2,2
97,94,100,3,0,0,0,+,-3,3
96,93,97,14,86,0,91,+,-1,1
95,96,100,16,99,54,99.5,-,-5,5
94,100,100,2,88,98,0,+,-6,6
93,91,94,15,0,0,0,+,-1,1
92,92,95,17,0,0,0,+,-3,3
91,90,97,38,82,88,86.5,-,-6,6
90,87,92,17,61,0,69,+,-2,2
89,88,94,10,92,90,92.5,+,-5,5
88,65,88,14,97,32,98.5,-,0,0
87,85,89,14,94,36,94.5,-,-2,2
86,84,89,11,81,4,90,+,-3,3
85,83,99,28,95,82,81,-,-14,14
84,82,88,20,87,0,94,+,-4,4
83,86,96,22,92,90,92.5,+,-13,13
82,89,96,28,66,0,73.5,-,-14,14
81,72,87,12,99,54,99.5,+,-6,6
80,62,88,11,0,0,0,+,-8,8
79,79,89,21,0,0,88.5,-,-10,10
78,80,100,24,100,100,98,-,-22,22
77,76,78,21,50,0,49,-,-1,1
76,78,100,38,94,36,94.5,-,-24,24
75,95,95,2,95,82,81,-,-20,20
74,81,93,32,0,0,0,-,-19,19
73,75,81,13,0,0,0,-,-8,8
72,74,78,17,41,0,0,-,-6,6
71,71,80,21,70,0,83.5,-,-9,9
70,70,97,33,0,0,0,-,-27,27
69,73,85,23,47,0,62,-,-16,16
68,53,97,4,39,0,56,+,-29,29
67,77,87,23,33,0,0,-,-20,20
66,58,99,4,43,0,0,+,-33,33
65,69,91,32,49,0,65.5,+,-26,26
64,64,64,13,68,0,74.5,-,0,0
63,66,96,25,91,74,90.5,-,-33,33
62,57,75,16,87,0,94,-,-13,13
61,68,72,19,75,0,89,-,-11,11
60,67,88,21,79,58,71,-,-28,28
59,59,100,36,94,36,94.5,+,-41,41
58,61,63,12,0,0,0,-,-5,5
57,55,84,6,83,0,95.5,+,-27,27
56,56,100,49,0,0,0,+,-44,44
55,60,97,45,0,0,0,-,-42,42
54,63,98,51,0,0,0,-,-44,44
53,48,82,6,48,0,67,+,-29,29
52,46,52,10,22,0,0,-,0,0
51,50,81,9,74,56,88,+,-30,30
50,52,83,8,91,74,90.5,-,-33,33
49,0,83,1,0,0,0,-,-34,34
48,49,56,12,65,0,89.5,+,-8,8
47,44,70,9,37,0,0,-,-23,23
46,43,59,6,56,0,74,+,-13,13
45,45,49,8,58,0,53.5,-,-4,4
44,41,57,6,0,0,0,+,-13,13
43,35,43,15,21,0,11.5,-,0,0
42,40,66,5,35,0,36,-,-24,24
41,38,49,12,36,0,39.5,-,-8,8
40,39,47,7,24,0,0,-,-7,7
39,42,55,8,83,0,95.5,-,-16,16
38,47,91,17,77,70,86,-,-53,53
37,33,76,2,97,32,98.5,-,-39,39
36,30,51,3,6,0,28.5,+,-15,15
35,31,58,3,79,58,71,+,-23,23
34,0,34,1,98,42,100,-,0,0
33,32,48,7,45,0,43,-,-15,15
32,0,36,1,89,0,91.5,+,-4,4
31,34,80,19,52,86,55.5,-,-49,49
30,36,55,19,13,0,42,-,-25,25
29,29,41,8,0,0,0,+,-12,12
28,22,81,4,0,0,0,+,-53,53
27,0,45,2,0,0,0,-,-18,18
26,21,85,8,0,0,51,+,-59,59
25,24,33,6,78,0,95,+,-8,8
24,27,37,7,0,0,0,-,-13,13
23,0,35,1,3,0,0,-,-12,12
22,20,49,3,0,0,0,+,-27,27
21,18,34,9,87,0,94,-,-13,13
20,25,25,5,0,0,0,-,-5,5
19,13,51,3,8,0,34.5,+,-32,32
18,0,18,1,7,0,0,+,0,0
17,10,94,2,96,80,99,+,-77,77
16,0,98,1,0,0,0,-,-82,82
15,37,53,13,60,0,66.5,-,-38,38
14,17,39,9,20,0,17,-,-25,25
13,16,78,2,14,52,69.5,+,-65,65
12,19,30,16,0,0,0,-,-18,18
11,26,45,16,0,0,0,-,-34,34
10,11,56,14,0,0,0,-,-46,46
9,6,79,14,0,0,0,-,-70,70
8,15,33,9,0,0,49.5,+,-25,25
7,0,7,1,0,0,0,-,0,0
6,3,41,7,94,36,94.5,+,-35,35
5,9,36,3,77,70,86,+,-31,31
4,14,39,20,0,0,0,-,-35,35
3,8,33,10,0,0,0,-,-30,30
2,0,30,1,0,0,0,+,-28,28
1,0,66,2,0,0,0,+,-65,65
100,0,100,1,95,98,0,-,0,0
99,100,100,12,100,100,98,+,-1,1
98,99,100,15,100,100,98,+,-2,2
97,98,99,20,94,0,97,+,-2,2
96,97,100,15,98,70,99,-,-4,4
95,0,95,1,97,64,81,-,0,0
94,92,100,2,0,0,0,+,-6,6
93,96,97,13,83,0,89.5,+,-4,4
92,95,95,16,0,0,0,+,-3,3
91,89,94,14,0,0,0,+,-3,3
90,90,97,37,86,96,88.5,+,-7,7
89,91,96,27,71,0,75.5,-,-7,7
88,94,94,9,90,92,93.5,+,-6,6
87,83,92,16,63,0,74.5,+,-5,5
86,93,96,21,90,92,93.5,-,-10,10
85,88,89,13,93,0,94.5,+,-4,4
84,79,89,10,91,30,97.5,+,-5,5
83,87,99,27,97,64,81,+,-16,16
82,85,88,19,88,38,96,+,-6,6
81,86,93,31,0,0,0,-,-12,12
80,84,100,23,100,100,98,-,-20,20
79,81,89,20,0,0,86.5,+,-10,10
78,80,100,37,93,0,94.5,-,-22,22
77,82,87,22,43,0,0,-,-10,10
76,77,78,20,49,0,57,+,-2,2
75,76,81,12,0,0,0,-,-6,6
74,74,78,16,56,0,0,-,-4,4
73,78,85,22,54,0,67.5,-,-12,12
72,72,87,11,98,70,99,+,-15,15
71,75,80,20,68,0,84,+,-9,9
70,73,97,32,0,0,0,+,-27,27
69,70,91,31,55,0,69,-,-22,22
68,71,72,18,75,0,87.5,-,-4,4
67,69,88,20,78,54,72.5,-,-21,21
66,67,96,24,89,74,89,-,-30,30
65,56,88,13,87,18,92.5,+,-23,23
64,64,64,12,70,0,80.5,+,0,0
63,62,98,50,12,0,0,-,-35,35
62,68,70,10,31,0,0,+,-8,8
61,63,63,11,0,0,0,-,-2,2
60,65,97,44,0,0,0,-,-37,37
59,66,100,35,93,0,94.5,+,-41,41
58,44,99,3,32,0,0,+,-41,41
57,61,75,15,88,38,96,+,-18,18
56,60,100,48,0,0,0,+,-44,44
55,34,84,5,96,0,99.5,+,-29,29
54,59,65,25,80,0,90,-,-11,11
53,42,97,3,19,0,43,+,-44,44
52,57,83,7,89,74,89,-,-31,31
51,55,68,26,85,0,91.5,-,-17,17
50,53,81,8,77,66,90.5,+,-31,31
49,52,56,11,42,36,0,-,-7,7
48,48,82,5,52,0,68,+,-34,34
47,58,91,16,82,88,91,-,-44,44
46,46,52,9,4,0,0,+,-6,6
45,49,49,7,61,0,64,+,-4,4
44,41,70,8,38,0,0,+,-26,26
43,43,59,5,59,0,74,+,-16,16
42,19,55,7,96,0,99.5,-,-13,13
41,47,57,5,0,0,0,+,-16,16
40,39,66,4,34,0,46.5,+,-26,26
39,40,47,6,16,0,0,+,-8,8
38,38,49,11,39,0,47.5,+,-11,11
37,50,53,12,65,0,76,-,-16,16
36,51,55,18,27,0,60,-,-19,19
35,35,43,14,7,0,0,+,-8,8
34,54,80,18,48,80,44.5,-,-46,46
33,0,76,1,87,18,92.5,+,-43,43
32,32,48,6,53,0,55,+,-16,16
31,20,58,2,78,54,72.5,+,-27,27
30,10,51,2,0,0,25,+,-21,21
29,29,41,7,0,0,0,+,-12,12
28,30,49,20,0,0,86.5,-,-21,21
27,37,37,6,0,0,0,-,-10,10
26,33,45,15,0,0,0,-,-19,19
25,22,25,4,0,0,0,-,0,0
24,25,33,5,74,0,96.5,+,-9,9
23,0,92,1,0,0,0,-,-69,69
22,13,81,3,0,0,0,+,-59,59
21,26,85,7,0,0,51.5,+,-64,64
20,14,49,2,0,0,0,+,-29,29
19,21,30,15,0,0,0,-,-11,11
18,24,34,8,88,38,96,+,-16,16
17,31,39,8,25,0,36,-,-22,22
16,0,78,1,37,72,77,-,-62,62
15,15,33,8,33,0,79.5,-,-18,18
14,27,39,19,0,0,0,-,-25,25
13,1,51,2,10,0,42,+,-38,38
12,36,36,3,0,0,0,-,-24,24
11,23,56,13,0,0,0,-,-45,45
10,0,94,1,99,78,100,+,-84,84
9,0,36,2,82,88,91,-,-27,27
8,11,33,9,0,0,0,-,-25,25
7,7,7,2,0,0,0,-,0,0
6,17,79,13,0,0,0,+,-73,73
5,18,54,18,0,0,0,-,-49,49
4,0,4,1,0,0,0,-,0,0
3,2,41,6,93,0,94.5,+,-38,38
2,0,45,3,92,0,98.5,-,-43,43
1,9,17,14,0,0,0,-,-16,16
100,99,100,11,100,100,99.5,-,0,0
99,100,100,14,100,100,99.5,-,-1,1
98,97,99,19,98,0,98.5,-,-1,1
97,98,100,14,99,36,100,-,-3,3
96,89,97,12,82,0,88.5,-,-1,1
95,93,95,15,0,0,0,-,0,0
94,80,94,8,94,78,95,-,0,0
93,94,96,20,94,78,95,-,-3,3
92,0,100,1,0,0,0,+,-8,8
91,96,96,26,74,0,78.5,-,-5,5
90,95,97,36,88,92,91.5,+,-7,7
89,85,94,13,0,0,0,+,-5,5
88,88,89,12,96,22,96.5,-,-1,1
87,92,99,26,97,76,81.5,-,-12,12
86,90,93,30,0,0,0,-,-7,7
85,86,88,18,91,28,95.5,-,-3,3
84,91,100,22,100,100,99.5,-,-16,16
83,79,92,15,57,0,73,+,-9,9
82,84,87,21,52,0,0,-,-5,5
81,87,89,19,0,0,87.5,-,-8,8
80,83,100,36,96,22,96.5,-,-20,20
79,75,89,9,70,40,0,+,-10,10
78,82,85,21,64,0,72.5,-,-7,7
77,71,78,19,50,0,64,-,-1,1
76,77,81,11,0,0,0,-,-5,5
75,76,80,19,69,0,85,-,-5,5
74,78,78,15,42,0,0,+,-4,4
73,81,97,31,0,0,0,-,-24,24
72,66,87,10,99,36,100,+,-15,15
71,68,72,17,76,0,90,-,-1,1
70,72,91,30,56,0,69.5,-,-21,21
69,74,88,19,78,56,76.5,-,-19,19
68,70,70,9,38,0,0,-,-2,2
67,67,96,23,93,84,89.5,-,-29,29
66,69,100,34,96,22,96.5,-,-34,34
65,65,97,43,0,0,0,-,-32,32
64,59,64,11,73,0,84,+,0,0
63,57,63,10,0,0,0,-,0,0
62,73,98,49,3,0,0,+,-36,36
61,62,75,14,91,28,95.5,-,-14,14
60,64,100,47,0,0,0,-,-40,40
59,60,65,24,79,24,88,-,-6,6
58,63,91,15,87,94,92,-,-33,33
57,51,83,6,93,84,89.5,-,-26,26
56,54,88,12,66,2,82,+,-32,32
55,58,68,25,89,0,94,-,-13,13
54,61,80,17,59,82,61.5,-,-26,26
53,52,81,7,80,72,90.5,-,-28,28
52,56,56,10,30,0,0,-,-4,4
51,55,55,17,44,0,72,-,-4,4
50,49,53,11,72,0,80.5,-,-3,3
49,47,49,6,61,0,59.5,-,0,0
48,46,82,4,48,0,66.5,-,-34,34
47,43,57,4,0,0,0,-,-10,10
46,44,52,8,0,0,0,+,-6,6
45,0,45,1,0,0,0,-,0,0
44,5,99,2,0,0,0,+,-55,55
43,41,59,4,58,0,74.5,+,-16,16
42,22,97,2,0,0,21,+,-55,55
41,31,70,7,25,0,0,+,-29,29
40,36,47,5,12,0,0,-,-7,7
39,32,66,3,37,0,50.5,+,-27,27
38,37,49,10,41,0,45.5,+,-11,11
37,13,37,5,0,0,0,-,0,0
36,19,36,2,4,0,52,-,0,0
35,30,43,13,0,0,9,+,-8,8
34,39,84,4,40,0,0,+,-50,50
33,45,45,14,0,0,0,-,-12,12
32,23,48,5,45,0,53.5,+,-16,16
31,18,39,7,34,0,50,-,-8,8
30,38,49,19,0,0,87.5,-,-19,19
29,11,41,6,0,0,0,+,-12,12
28,42,45,16,0,0,0,-,-17,17
27,35,39,18,0,0,0,-,-12,12
26,15,85,6,0,0,60,-,-59,59
25,21,33,4,81,0,97,-,-8,8
24,34,34,7,91,28,95.5,-,-10,10
23,48,56,12,0,0,0,-,-33,33
22,17,25,3,0,0,0,+,-3,3
21,28,30,14,0,0,0,-,-9,9
20,0,58,1,78,56,76.5,+,-38,38
19,25,55,6,40,0,0,+,-36,36
18,40,54,17,0,0,0,-,-36,36
17,24,79,12,0,0,0,-,-62,62
16,16,17,5,35,0,62.5,-,-1,1
15,20,33,7,0,0,0,+,-18,18
14,0,49,1,0,0,0,+,-35,35
13,6,81,2,0,0,0,+,-68,68
12,50,94,13,55,88,16,-,-82,82
11,33,33,8,0,0,0,-,-22,22
10,0,51,1,0,0,10.5,+,-41,41
9,10,17,13,0,0,0,-,-8,8
8,27,47,16,6,0,6,-,-39,39
7,0,7,1,0,0,0,+,0,0
6,0,71,1,26,0,70,-,-65,65
5,29,33,4,92,0,98,-,-28,28
4,0,4,1,0,0,0,-,0,0
3,0,66,1,0,0,0,-,-63,63
2,1,41,5,96,22,96.5,+,-39,39
1,0,51,1,2,0,39,+,-50,50
100,100,100,13,100,100,99,-,0,0
99,98,100,10,100,100,99,+,-1,1
98,99,100,13,99,40,99.5,-,-2,2
97,97,99,18,95,0,98,+,-2,2
96,95,96,25,77,0,79,-,0,0
95,93,97,35,90,96,90.5,-,-2,2
94,96,96,19,93,90,92.5,-,-2,2
93,90,95,14,0,0,0,+,-2,2
92,94,99,25,94,78,80,-,-7,7
91,91,100,21,100,100,99,-,-9,9
90,92,93,29,0,0,0,-,-3,3
89,78,97,11,83,0,86,+,-8,8
88,86,89,11,96,22,96,+,-1,1
87,89,89,18,0,0,89,-,-2,2
86,88,88,17,88,0,95.5,-,-2,2
85,82,94,12,0,0,0,+,-9,9
84,85,87,20,54,0,0,-,-3,3
83,87,100,35,96,22,96,-,-17,17
82,84,85,20,64,0,71.5,-,-3,3
81,83,97,30,0,0,0,-,-16,16
80,64,94,7,93,90,92.5,+,-14,14
79,79,92,14,52,0,66,+,-13,13
78,75,78,14,44,0,0,-,0,0
77,81,81,10,0,0,0,-,-4,4
76,77,80,18,72,0,84,-,-4,4
75,67,89,8,68,0,0,+,-14,14
74,80,88,18,80,62,75.5,-,-14,14
73,72,98,48,21,0,0,-,-25,25
72,76,91,29,59,0,72,-,-19,19
71,70,78,18,50,0,58.5,+,-7,7
70,65,70,8,41,0,0,-,0,0
69,74,100,33,96,22,96,-,-31,31
68,68,72,16,79,0,88.5,+,-4,4
67,73,96,22,92,76,90,+,-29,29
66,60,87,9,99,40,99.5,+,-21,21
65,69,97,42,0,0,0,+,-32,32
64,63,100,46,0,0,0,-,-36,36
63,66,91,14,87,82,91,-,-28,28
62,57,75,13,88,0,95.5,-,-13,13
61,71,80,16,67,88,67,-,-19,19
60,58,65,23,74,0,87,-,-5,5
59,55,64,10,75,0,84.5,+,-5,5
58,54,68,24,89,0,93.5,-,-10,10
57,53,63,9,0,0,0,+,-6,6
56,49,56,9,32,0,0,-,0,0
55,47,55,16,69,0,92,-,0,0
54,51,88,11,62,0,81,+,-34,34
53,52,95,27,0,0,0,-,-42,42
52,50,81,6,85,86,89.5,+,-29,29
51,46,83,5,92,76,90,+,-32,32
50,48,94,12,78,98,11,-,-44,44
49,44,53,10,73,0,78,+,-4,4
48,43,56,11,0,0,0,-,-8,8
47,39,49,5,60,0,50,+,-2,2
46,37,82,3,48,0,62.5,+,-36,36
45,42,45,13,0,0,0,-,0,0
44,36,52,7,0,0,0,+,-8,8
43,33,57,3,0,0,0,+,-14,14
42,45,45,15,11,0,0,-,-3,3
41,31,59,3,53,0,73.5,+,-18,18
40,41,54,16,0,0,0,-,-14,14
39,30,84,3,33,0,0,-,-45,45
38,38,49,18,0,0,89,-,-11,11
37,32,49,9,42,0,42,+,-12,12
36,29,47,4,18,0,0,+,-11,11
35,35,39,17,0,0,0,-,-4,4
34,27,34,6,88,0,95.5,-,0,0
33,22,33,7,0,0,0,-,0,0
32,7,66,2,34,0,51,+,-34,34
31,19,70,6,22,0,0,+,-39,39
30,26,43,12,0,0,12,+,-13,13
29,0,33,3,98,20,100,-,-4,4
28,24,30,13,0,0,0,-,-2,2
27,40,47,15,7,0,13,-,-20,20
26,34,82,12,100,100,99,-,-56,56
25,18,55,5,33,0,0,-,-30,30
24,28,79,11,0,0,0,-,-55,55
23,17,48,4,47,0,49,+,-25,25
22,0,97,1,0,0,0,+,-75,75
21,4,33,3,84,0,96.5,+,-12,12
20,11,33,6,0,0,14,-,-13,13
19,0,36,1,0,0,31.5,+,-17,17
18,20,39,6,35,0,41.5,+,-21,21
17,3,25,2,0,0,0,+,-8,8
16,15,17,4,39,0,64.5,+,-1,1
15,14,85,5,0,0,54,+,-70,70
14,25,41,17,15,0,82.5,-,-27,27
13,16,37,4,0,0,0,+,-24,24
12,0,12,1,98,20,100,-,0,0
11,8,41,5,0,0,0,+,-30,30
10,12,17,12,0,0,0,-,-7,7
9,0,9,1,98,20,100,-,0,0
8,13,53,16,0,0,0,-,-45,45
7,10,43,19,94,78,80,-,-36,36
6,0,81,1,0,0,0,+,-75,75
5,0,99,1,0,0,0,+,-94,94
4,5,45,19,4,0,53.5,-,-41,41
3,0,3,1,10,0,0,-,0,0
2,1,17,15,0,0,0,-,-15,15
1,0,41,4,96,22,96,+,-40,40
100,100,100,12,99,100,99,+,0,0
99,99,100,12,98,68,99.5,-,-1,1
98,98,100,9,99,100,99,+,-2,2
97,96,99,17,95,0,98,+,-2,2
96,95,96,18,94,94,95,-,0,0
95,92,96,24,81,0,83.5,+,-1,1
94,97,99,24,96,78,85.5,-,-5,5
93,94,97,34,89,86,94,+,-4,4
92,91,93,28,0,0,0,-,-1,1
91,93,100,20,99,100,99,+,-9,9
90,88,95,13,0,0,0,+,-5,5
89,89,89,17,0,0,92,-,0,0
88,84,88,16,90,0,96.5,-,0,0
87,90,100,34,97,48,97.5,-,-13,13
86,85,89,10,97,48,97.5,+,-3,3
85,87,87,19,62,0,0,-,-2,2
84,82,85,19,69,0,78,-,-1,1
83,83,97,29,0,0,0,-,-14,14
82,72,94,11,0,0,0,+,-12,12
81,79,81,9,0,0,0,-,0,0
80,86,88,17,82,38,83,-,-8,8
79,75,92,13,55,0,75,+,-13,13
78,69,97,10,71,0,81.5,+,-19,19
77,78,80,17,77,0,88,-,-3,3
76,81,91,28,65,0,79,-,-15,15
75,71,78,13,42,0,0,+,-3,3
74,77,100,32,97,48,97.5,-,-26,26
73,80,96,21,93,84,93,-,-23,23
72,74,98,47,19,0,0,+,-26,26
71,76,80,15,73,82,80.5,-,-9,9
70,68,78,17,49,0,67,+,-8,8
69,70,97,41,0,0,0,-,-28,28
68,67,72,15,83,0,90.5,+,-4,4
67,64,89,7,70,0,0,+,-22,22
66,73,91,13,91,92,94.5,-,-25,25
65,62,70,7,37,0,0,+,-5,5
64,59,94,6,94,94,95,+,-30,30
63,65,100,45,0,0,0,+,-37,37
62,66,99,52,92,0,95.5,-,-37,37
61,0,61,1,100,96,100,-,0,0
60,60,87,8,98,68,99.5,+,-27,27
59,0,86,15,100,96,100,-,-27,27
58,61,65,22,85,0,92.5,+,-7,7
57,57,75,12,90,0,96.5,+,-18,18
56,0,72,16,0,0,0,-,-16,16
55,63,64,9,84,0,91.5,+,-9,9
54,58,68,23,92,0,95.5,+,-14,14
53,50,63,8,0,0,0,+,-10,10
52,56,95,26,0,0,0,+,-43,43
51,49,88,10,72,0,89,+,-37,37
50,48,81,5,87,80,93.5,+,-31,31
49,41,56,8,31,0,0,+,-7,7
48,51,94,11,79,98,20,+,-46,46
47,46,55,15,16,0,0,+,-8,8
46,55,83,4,93,84,93,+,-37,37
45,43,45,14,27,0,11.5,-,0,0
44,53,53,9,74,0,82.5,+,-9,9
43,42,56,10,0,0,0,+,-13,13
42,44,45,12,7,0,0,+,-3,3
41,45,54,15,0,0,0,-,-13,13
40,47,47,14,28,0,35,-,-7,7
39,35,49,4,66,0,58,+,-10,10
38,38,49,17,0,0,92,+,-11,11
37,20,82,2,52,0,70.5,+,-45,45
36,32,52,6,0,0,0,+,-16,16
35,33,39,16,0,0,0,+,-4,4
34,34,82,11,99,100,99,-,-48,48
33,14,57,2,0,0,0,+,-24,24
32,30,49,8,47,0,54.5,+,-17,17
31,25,59,2,61,0,78.5,+,-28,28
30,8,84,2,29,0,0,+,-54,54
29,27,47,3,22,0,0,+,-18,18
28,36,79,10,0,0,0,-,-51,51
27,21,34,5,90,0,96.5,+,-7,7
26,26,43,11,3,0,13.5,+,-17,17
25,37,41,16,36,0,87,-,-16,16
24,24,30,12,0,0,0,+,-6,6
23,0,23,1,100,96,100,-,0,0
22,28,33,6,0,0,0,+,-11,11
21,40,49,9,0,0,0,-,-28,28
20,39,39,5,40,0,58.5,-,-19,19
19,3,70,5,13,0,0,+,-51,51
18,18,55,4,29,0,0,+,-37,37
17,10,48,3,53,0,57,+,-31,31
16,15,37,3,0,0,0,-,-21,21
15,17,17,3,44,0,73.5,+,-2,2
14,11,85,4,4,0,64.5,+,-71,71
13,19,53,15,0,0,0,-,-40,40
12,12,17,11,0,0,0,-,-5,5
11,13,33,5,1,0,12,+,-22,22
10,23,43,18,96,78,85.5,-,-33,33
9,29,47,18,50,0,79.5,-,-38,38
8,9,41,4,0,0,0,+,-33,33
7,0,66,1,17,0,41,+,-59,59
6,7,44,14,92,0,95.5,-,-38,38
5,16,45,18,8,0,62.5,-,-40,40
4,4,33,2,80,0,97,+,-29,29
3,0,25,1,0,0,0,+,-22,22
2,2,38,18,0,0,0,-,-36,36
1,5,17,14,0,0,0,+,-16,16
100,99,100,11,100,100,99.5,+,0,0
99,100,100,11,99,86,100,+,-1,1
98,98,100,8,100,100,99.5,+,-2,2
97,97,99,23,98,68,88.5,-,-2,2
96,92,99,16,96,0,99,+,-3,3
95,94,96,17,94,96,95,+,-1,1
94,95,97,33,92,98,93.5,-,-3,3
93,96,100,19,100,100,99.5,-,-7,7
92,93,96,23,78,0,82.5,+,-4,4
91,91,93,27,0,0,0,+,-2,2
90,90,100,33,97,50,98.5,-,-10,10
89,88,89,16,0,0,92,+,0,0
88,79,95,12,0,0,0,+,-7,7
87,86,87,18,63,0,0,-,0,0
86,85,88,16,85,76,89,-,-2,2
85,81,89,9,97,50,98.5,+,-4,4
84,80,88,15,89,0,96,+,-4,4
83,89,97,28,0,0,0,+,-14,14
82,84,85,18,68,0,77.5,+,-3,3
81,87,91,27,74,0,84.5,-,-10,10
80,83,96,20,95,92,95.5,-,-16,16
79,73,81,8,0,0,0,+,-2,2
78,76,80,16,76,0,86.5,-,-2,2
77,77,100,31,97,50,98.5,-,-23,23
76,78,80,14,83,94,83.5,-,-4,4
75,60,92,12,54,0,75,+,-17,17
74,82,98,46,27,0,0,-,-24,24
73,75,91,12,93,78,97.5,-,-18,18
72,66,94,10,0,0,0,+,-22,22
71,69,78,12,41,0,0,+,-7,7
70,68,97,40,0,0,0,-,-27,27
69,67,97,9,65,0,79.5,+,-28,28
68,70,78,16,44,0,66.5,+,-10,10
67,72,72,14,82,0,92.5,+,-5,5
66,74,99,51,91,0,96.5,-,-33,33
65,71,100,44,0,0,0,-,-35,35
64,65,89,6,66,0,0,+,-25,25
63,51,64,8,88,0,98,-,-1,1
62,53,70,6,26,0,0,+,-8,8
61,58,65,21,75,0,85,-,-4,4
60,54,87,7,99,86,100,+,-27,27
59,59,94,5,94,96,95,+,-35,35
58,63,68,22,91,0,96.5,-,-10,10
57,55,75,11,89,0,96,+,-18,18
56,61,95,25,0,0,0,-,-39,39
55,0,83,3,95,92,95.5,-,-28,28
54,56,73,25,0,0,0,-,-19,19
53,46,53,8,84,42,87,-,0,0
52,52,93,45,0,0,0,-,-41,41
51,62,94,10,67,90,26,-,-43,43
50,48,63,7,0,0,0,+,-13,13
49,47,88,9,73,0,90.5,+,-39,39
48,42,81,4,87,64,94.5,+,-33,33
47,45,47,13,33,0,41.5,-,0,0
46,40,55,14,0,0,0,+,-9,9
45,49,54,14,0,0,0,-,-9,9
44,36,45,11,3,0,0,-,-1,1
43,37,45,13,23,0,9,+,-2,2
42,50,56,9,0,0,0,+,-14,14
41,34,56,7,24,0,0,+,-15,15
40,33,49,8,0,0,0,-,-9,9
39,39,39,4,53,0,73,-,0,0
38,44,49,16,0,0,92,+,-11,11
37,41,41,15,48,0,85.5,-,-4,4
36,38,79,9,0,0,0,-,-43,43
35,31,49,3,70,0,60,+,-14,14
34,43,82,10,100,100,99.5,+,-48,48
33,32,39,15,0,0,0,+,-6,6
32,19,52,5,0,0,0,+,-20,20
31,29,89,20,0,0,0,-,-58,58
30,20,49,7,50,0,59,+,-19,19
29,26,47,17,55,0,78.5,-,-18,18
28,28,33,5,0,0,0,-,-5,5
27,7,47,2,22,0,0,+,-20,20
26,25,43,10,6,0,18,+,-17,17
25,0,59,1,71,0,81.5,+,-34,34
24,23,30,11,0,0,0,+,-6,6
23,35,43,17,98,68,88.5,-,-20,20
22,17,28,13,0,0,0,-,-6,6
21,24,34,4,89,0,96,+,-13,13
20,0,82,1,43,0,63,+,-62,62
19,13,53,14,0,0,0,-,-34,34
18,22,55,3,25,0,0,+,-37,37
17,9,17,2,46,0,73.5,-,0,0
16,30,45,17,28,0,72,-,-29,29
15,16,37,2,0,0,0,+,-22,22
14,0,57,1,0,0,0,+,-43,43
13,21,33,4,11,6,20.5,-,-20,20
12,1,17,10,0,0,0,+,-5,5
11,11,85,3,1,0,66,+,-74,74
10,2,48,2,49,0,55.5,+,-38,38
9,3,41,3,0,0,0,-,-32,32
8,0,84,1,25,0,0,+,-76,76
7,27,44,13,91,0,96.5,-,-37,37
6,14,58,19,71,0,81.5,-,-52,52
5,0,17,13,0,0,0,-,-12,12
4,0,33,1,81,0,97,+,-29,29
3,4,70,4,14,0,0,+,-67,67
2,18,38,17,0,0,0,+,-36,36
1,0,81,5,81,0,97,-,-80,80
100,100,100,10,100,78,100,-,0,0
99,99,100,10,99,100,99.5,+,-1,1
98,98,100,7,99,100,99.5,+,-2,2
97,97,99,22,98,84,86,+,-2,2
96,96,100,18,99,100,99.5,-,-4,4
95,93,97,32,91,96,95,-,-2,2
94,95,96,16,92,88,97,+,-2,2
93,94,96,22,77,0,82.5,-,-3,3
92,88,99,15,95,0,99,+,-7,7
91,91,93,26,0,0,0,+,-2,2
90,92,100,32,97,20,97.5,+,-10,10
89,87,97,27,0,0,0,-,-8,8
88,89,89,15,0,0,93.5,+,-1,1
87,78,91,26,71,0,81.5,-,-4,4
86,77,87,17,59,0,0,+,-1,1
85,84,88,15,86,60,84,+,-3,3
84,85,85,17,68,44,79,-,-1,1
83,79,96,19,96,94,96,-,-13,13
82,82,98,45,51,0,0,-,-16,16
81,86,89,8,97,20,97.5,+,-8,8
80,83,88,14,88,0,95.5,+,-8,8
79,81,95,11,0,0,0,+,-16,16
78,74,80,13,84,90,84.5,-,-2,2
77,80,100,30,97,20,97.5,+,-23,23
76,76,80,15,75,0,86.5,+,-4,4
75,70,91,11,94,86,98.5,-,-16,16
74,72,99,50,93,0,98,-,-25,25
73,68,81,7,0,0,0,+,-8,8
72,69,72,13,83,0,93,-,0,0
71,60,100,43,0,0,0,-,-29,29
70,59,78,15,40,0,65,-,-8,8
69,75,78,11,36,0,0,+,-9,9
68,73,97,39,0,0,0,+,-29,29
67,64,97,8,56,0,78,+,-30,30
66,65,94,9,0,0,0,+,-28,28
65,44,89,5,64,0,0,-,-24,24
64,67,86,20,37,0,0,-,-22,22
63,57,68,21,93,0,98,-,-5,5
62,66,94,9,82,92,42,-,-32,32
61,55,95,24,0,0,0,-,-34,34
60,58,92,11,28,0,54.5,+,-32,32
59,62,94,4,92,88,97,+,-35,35
58,61,65,20,73,0,85.5,+,-7,7
57,51,72,25,50,0,73.5,-,-15,15
56,56,73,24,0,0,0,-,-17,17
55,50,75,10,88,0,95.5,+,-20,20
54,47,87,6,100,78,100,+,-33,33
53,49,70,5,16,0,0,+,-17,17
52,52,93,44,0,0,0,+,-41,41
51,35,64,7,63,0,16.5,+,-13,13
50,53,56,8,0,0,0,-,-6,6
49,45,54,13,0,0,0,-,-5,5
48,41,63,6,0,0,0,+,-15,15
47,46,88,8,69,0,90.5,+,-41,41
46,33,53,7,85,0,87.5,+,-7,7
45,36,47,12,42,0,41.5,+,-2,2
44,40,49,15,0,0,93.5,-,-5,5
43,42,82,9,99,100,99.5,-,-39,39
42,48,81,3,89,68,96.5,+,-39,39
41,30,41,14,58,0,88.5,-,0,0
40,37,55,13,0,0,0,+,-15,15
39,18,39,3,48,0,67,+,0,0
38,43,79,8,0,0,0,-,-41,41
37,32,45,12,7,0,0,+,-8,8
36,31,45,10,0,0,0,+,-9,9
35,22,43,16,98,84,86,-,-8,8
34,38,56,6,21,0,0,+,-22,22
33,34,49,7,0,0,0,+,-16,16
32,39,39,14,0,0,0,+,-7,7
31,1,49,2,67,0,50.5,+,-18,18
30,25,45,16,55,0,77,-,-15,15
29,19,89,19,0,0,0,+,-60,60
28,26,33,4,0,0,0,+,-5,5
27,15,44,12,93,0,98,-,-17,17
26,27,47,16,49,0,76.5,+,-21,21
25,4,43,9,8,0,19.5,+,-18,18
24,11,34,3,88,0,95.5,-,-10,10
23,28,30,10,0,0,0,+,-7,7
22,7,55,2,20,0,0,-,-33,33
21,5,33,3,4,0,20.5,-,-12,12
20,9,49,6,45,0,50,+,-29,29
19,13,52,4,0,0,0,+,-33,33
18,14,38,16,0,0,0,-,-20,20
17,16,28,12,0,0,0,+,-11,11
16,0,37,1,0,0,0,-,-21,21
15,6,58,7,99,100,99.5,-,-43,43
14,0,58,18,74,0,83.5,-,-44,44
13,23,53,13,0,0,0,+,-40,40
12,24,41,17,89,68,96.5,-,-29,29
11,3,85,2,0,0,54,+,-74,74
10,2,10,2,90,4,91.5,-,0,0
9,0,17,1,41,0,72,+,-8,8
8,17,70,7,0,0,0,-,-62,62
7,0,47,1,14,0,0,+,-40,40
6,21,21,2,89,68,96.5,-,-15,15
5,0,15,6,0,0,0,-,-10,10
4,29,70,3,6,0,0,-,-66,66
3,0,41,2,0,0,0,+,-38,38
2,0,48,1,54,0,55.5,+,-46,46
1,8,17,9,0,0,0,+,-16,16
100,100,100,9,100,88,100,+,0,0
99,99,100,9,99,100,99.5,+,-1,1
98,97,100,6,99,100,99.5,+,-2,2
97,98,99,21,97,80,69.5,+,-2,2
96,96,100,17,99,100,99.5,+,-4,4
95,95,96,15,93,90,93,-,-1,1
94,93,96,21,80,0,66,-,-2,2
93,92,97,31,87,82,86,+,-4,4
92,94,100,31,98,76,96,-,-8,8
91,91,93,25,0,0,0,+,-2,2
90,83,90,14,78,16,78,-,0,0
89,88,89,14,0,0,79.5,-,0,0
88,82,99,14,90,0,95,+,-11,11
87,90,97,26,0,0,0,+,-10,10
86,89,89,7,98,76,96,-,-3,3
85,85,85,16,65,0,54.5,-,0,0
84,87,88,14,83,28,71.5,+,-4,4
83,81,88,13,85,0,84,-,-5,5
82,74,98,44,42,0,0,+,-16,16
81,75,95,10,0,0,0,-,-14,14
80,86,100,29,98,76,96,-,-20,20
79,78,96,18,95,96,96.5,+,-17,17
78,84,91,25,68,0,67.5,+,-13,13
77,79,87,16,60,0,0,+,-10,10
76,80,80,14,79,0,89,+,-4,4
75,73,78,10,46,0,0,-,-3,3
74,71,80,12,77,78,73,+,-6,6
73,76,97,38,0,0,0,-,-24,24
72,70,99,49,91,0,90,+,-27,27
71,63,87,15,39,0,0,-,-16,16
70,69,91,10,92,94,97.5,+,-21,21
69,67,72,12,84,0,91,+,-3,3
68,55,81,6,0,0,0,+,-13,13
67,49,86,19,24,0,0,-,-19,19
66,68,94,8,89,98,83.5,-,-28,28
65,61,94,8,0,0,0,+,-29,29
64,50,97,7,58,0,35.5,+,-33,33
63,0,63,7,50,0,46.5,-,0,0
62,39,94,3,93,90,93,-,-32,32
61,65,65,19,70,0,72.5,-,-4,4
60,59,100,42,0,0,0,+,-40,40
59,60,78,14,45,0,0,+,-19,19
58,54,92,10,37,0,0,+,-34,34
57,56,68,20,91,0,90,+,-11,11
56,66,73,23,0,0,0,+,-17,17
55,64,95,23,0,0,0,+,-40,40
54,0,66,16,8,0,0,-,-12,12
53,33,56,7,0,0,0,-,-3,3
52,62,93,43,0,0,0,+,-41,41
51,72,72,24,62,0,82.5,+,-21,21
50,53,75,9,85,0,84,+,-25,25
49,44,70,4,3,0,0,+,-21,21
48,37,81,2,96,92,99,-,-33,33
47,46,87,5,100,88,100,+,-40,40
46,57,88,7,69,0,94.5,+,-42,42
45,48,54,12,0,0,0,+,-9,9
44,41,89,4,59,0,0,+,-45,45
43,47,79,7,0,0,0,-,-36,36
42,42,82,8,99,100,99.5,+,-40,40
41,40,63,5,0,0,0,+,-22,22
40,31,49,14,0,0,79.5,+,-9,9
39,36,39,13,0,0,0,-,0,0
38,23,56,5,5,0,0,-,-18,18
37,43,55,12,0,0,0,+,-18,18
36,35,47,11,20,0,39,+,-11,11
35,24,64,6,53,0,0,+,-29,29
34,34,49,6,0,0,0,-,-15,15
33,22,53,6,72,0,66.5,+,-20,20
32,30,45,11,0,0,0,+,-13,13
31,28,45,9,0,0,0,+,-14,14
30,21,41,13,29,0,75,+,-11,11
29,32,70,2,33,0,0,-,-41,41
28,20,30,9,0,0,0,-,-2,2
27,38,47,15,64,0,85.5,-,-20,20
26,9,33,3,0,0,0,+,-7,7
25,17,45,15,17,0,26.5,+,-20,20
24,0,41,16,96,92,99,-,-17,17
23,26,53,12,0,0,0,-,-30,30
22,7,43,15,97,80,69.5,+,-21,21
21,0,21,1,96,92,99,-,0,0
20,0,20,1,0,0,0,-,0,0
19,12,89,18,0,0,0,+,-70,70
18,15,39,2,26,0,16.5,+,-21,21
17,19,70,6,0,0,0,-,-53,53
16,25,28,11,0,0,51,+,-12,12
15,0,44,11,91,0,90,+,-29,29
14,18,38,15,0,0,0,+,-24,24
13,10,52,3,0,0,0,+,-39,39
12,0,17,12,0,0,0,-,-5,5
11,6,34,2,85,0,84,+,-23,23
10,0,10,1,96,92,99,-,0,0
9,5,49,5,30,0,50.5,+,-40,40
8,8,17,8,0,0,0,-,-9,9
7,0,55,1,0,0,0,+,-48,48
6,1,58,6,99,100,99.5,+,-52,52
5,3,33,2,0,0,0,+,-28,28
4,14,43,8,0,0,0,+,-39,39
3,0,85,1,0,0,14,+,-82,82
2,0,10,1,88,0,77.5,+,-8,8
1,0,49,1,61,0,0,+,-48,48
100,100,100,8,100,66,100,+,0,0
99,99,100,8,99,100,99.5,+,-1,1
98,98,99,20,97,74,74,-,-1,1
97,96,100,5,99,100,99.5,+,-3,3
96,97,100,16,99,100,99.5,+,-4,4
95,92,96,14,94,94,92,+,-1,1
94,95,100,30,98,64,98,-,-6,6
93,93,96,20,77,0,69,+,-3,3
92,94,97,30,88,82,85,+,-5,5
91,91,93,24,0,0,0,+,-2,2
90,90,97,25,0,0,0,-,-7,7
89,82,89,6,98,64,98,-,0,0
88,87,89,13,0,0,81.5,+,-1,1
87,88,88,13,84,62,78,-,-1,1
86,86,100,28,98,64,98,-,-14,14
85,85,85,15,61,12,62,+,0,0
84,89,91,24,66,0,72.5,-,-7,7
83,79,90,13,64,0,79.5,+,-7,7
82,73,99,13,87,0,94,+,-17,17
81,81,88,12,82,0,88,+,-7,7
80,76,80,13,79,0,87,-,0,0
79,78,87,15,57,0,0,-,-8,8
78,83,96,17,93,92,96,+,-18,18
77,0,77,1,95,0,95,-,0,0
76,84,97,37,0,0,0,-,-21,21
75,72,95,9,0,0,0,+,-20,20
74,75,98,43,16,0,0,+,-24,24
73,71,78,9,43,0,0,+,-5,5
72,54,72,23,76,0,94.5,-,0,0
71,70,80,11,78,90,69.5,+,-9,9
70,74,99,48,91,0,89,+,-29,29
69,69,91,9,92,86,98.5,+,-22,22
68,77,94,7,86,98,0,-,-26,26
67,67,72,11,81,0,91,+,-5,5
66,66,73,22,0,0,0,-,-7,7
65,64,65,18,67,0,74.5,-,0,0
64,68,95,22,0,0,0,-,-31,31
63,57,87,14,11,0,0,+,-24,24
62,63,93,42,0,0,0,-,-31,31
61,65,94,7,0,0,0,+,-33,33
60,53,78,13,34,0,0,-,-18,18
59,60,100,41,0,0,0,+,-41,41
58,61,96,26,0,0,0,-,-38,38
57,62,88,6,83,0,97,-,-31,31
56,59,68,19,91,0,89,+,-12,12
55,49,81,5,0,0,0,+,-26,26
54,38,92,9,22,0,11.5,+,-38,38
53,48,75,8,82,0,88,-,-22,22
52,58,100,35,0,0,0,-,-48,48
51,55,98,20,92,86,98.5,-,-47,47
50,46,97,6,45,0,35.5,+,-47,47
49,56,86,18,0,0,0,+,-37,37
48,52,54,11,0,0,0,-,-6,6
47,44,79,6,0,0,0,-,-32,32
46,23,87,4,100,66,100,+,-41,41
45,0,45,1,74,0,79,+,0,0
44,33,70,3,0,0,0,+,-26,26
43,42,55,11,0,0,0,-,-12,12
42,50,82,7,99,100,99.5,+,-40,40
41,26,89,3,52,0,0,+,-48,48
40,34,63,4,0,0,0,+,-23,23
39,24,94,2,94,94,92,+,-55,55
38,47,47,14,73,0,86,-,-9,9
37,0,81,1,89,96,0,+,-44,44
36,39,39,12,0,0,0,+,-3,3
35,36,47,10,23,0,26,+,-12,12
34,45,49,5,20,0,0,+,-15,15
33,41,56,6,0,0,0,+,-23,23
32,0,70,1,51,0,0,-,-38,38
31,37,49,13,0,0,81.5,+,-18,18
30,30,45,10,0,0,0,+,-15,15
29,0,29,1,95,0,95,-,0,0
28,27,45,8,0,0,0,+,-17,17
27,35,80,20,97,74,74,-,-53,53
26,43,53,11,0,0,0,-,-27,27
25,28,28,10,7,0,37,-,-3,3
24,40,64,5,48,0,0,+,-40,40
23,29,56,4,0,0,0,+,-33,33
22,17,53,5,63,0,67,+,-31,31
21,19,41,12,28,0,76.5,+,-20,20
20,14,30,8,0,0,0,+,-10,10
19,31,70,5,0,0,0,-,-51,51
18,20,38,14,0,0,0,-,-20,20
17,22,45,14,8,0,31,+,-28,28
16,32,50,19,0,0,0,-,-34,34
15,0,39,1,31,0,34.5,+,-24,24
14,15,43,7,0,0,0,-,-29,29
13,21,71,20,75,0,89.5,-,-58,58
12,25,89,17,0,0,0,+,-77,77
11,0,11,1,0,0,0,-,0,0
10,8,52,2,0,0,0,+,-42,42
9,12,33,2,0,0,0,+,-24,24
8,9,17,7,0,0,0,+,-9,9
7,13,43,14,97,74,74,+,-36,36
6,0,34,1,82,0,88,+,-28,28
5,1,49,4,30,0,56,+,-44,44
4,18,58,17,62,0,90,-,-54,54
3,0,33,1,0,24,0,+,-30,30
2,80,80,2,95,0,95,-,-78,78
1,16,58,5,99,100,99.5,+,-57,57
100,100,100,7,100,82,100,+,0,0
99,99,100,7,99,100,99,+,-1,1
98,98,99,19,97,74,72.5,+,-1,1
97,97,100,15,99,100,99,-,-3,3
96,94,100,4,99,100,99,+,-4,4
95,96,100,29,98,76,95.5,-,-5,5
94,95,97,29,88,96,86.5,-,-3,3
93,93,96,19,82,0,71.5,+,-3,3
92,91,96,13,94,98,94,+,-4,4
91,92,93,23,0,0,0,+,-2,2
90,90,97,24,0,0,0,+,-7,7
89,89,91,23,75,0,74.5,-,-2,2
88,88,88,12,85,56,78,-,0,0
87,86,89,12,0,0,88,+,-2,2
86,85,100,27,98,76,95.5,+,-14,14
85,82,85,14,60,0,57.5,+,0,0
84,81,97,36,0,0,0,-,-13,13
83,87,96,16,92,92,94.5,-,-13,13
82,64,89,5,98,76,95.5,+,-7,7
81,77,88,11,84,0,89.5,+,-7,7
80,0,80,1,87,0,0,-,0,0
79,75,90,12,65,0,79,+,-11,11
78,79,87,14,55,0,0,+,-9,9
77,84,94,6,78,84,2.5,-,-17,17
76,78,80,12,76,0,87,+,-4,4
75,83,98,42,30,0,0,-,-23,23
74,73,99,47,90,0,92,-,-25,25
73,56,99,12,80,0,93,+,-26,26
72,65,95,8,0,0,0,+,-23,23
71,71,78,8,41,0,0,+,-7,7
70,80,80,10,79,90,69,+,-10,10
69,74,91,8,91,94,96.5,+,-22,22
68,76,95,21,0,0,0,-,-27,27
67,69,72,10,77,0,88.5,+,-5,5
66,72,73,21,0,0,0,+,-7,7
65,35,94,6,0,0,0,-,-29,29
64,60,65,17,72,0,73,+,-1,1
63,70,93,41,0,0,0,-,-30,30
62,47,88,5,96,4,99.5,-,-26,26
61,63,96,25,0,0,0,-,-35,35
60,62,100,40,0,0,0,-,-40,40
59,59,68,18,90,0,92,-,-9,9
58,55,100,34,0,0,0,-,-42,42
57,0,87,13,8,0,0,+,-30,30
56,66,86,17,0,0,0,-,-30,30
55,68,98,19,91,94,96.5,-,-43,43
54,53,72,22,36,0,0,+,-18,18
53,48,78,12,33,0,0,+,-25,25
52,54,54,10,0,0,0,-,-2,2
51,61,84,35,40,0,22.5,-,-33,33
50,67,82,6,99,100,99,-,-32,32
49,37,81,4,0,0,0,+,-32,32
48,41,75,7,84,0,89.5,+,-27,27
47,45,47,13,66,0,84,-,0,0
46,31,97,5,53,0,36.5,+,-51,51
45,49,49,4,38,12,0,-,-4,4
44,42,79,5,0,0,0,+,-35,35
43,52,53,10,0,0,0,-,-10,10
42,36,55,10,0,0,0,+,-13,13
41,43,56,5,0,0,0,-,-15,15
40,16,64,4,64,0,0,-,-24,24
39,38,39,11,0,0,0,-,0,0
38,29,92,8,0,0,0,+,-54,54
37,33,49,12,0,0,88,-,-12,12
36,39,47,9,25,0,18.5,-,-11,11
35,28,80,19,97,74,72.5,-,-45,45
34,17,63,3,0,0,0,+,-29,29
33,14,70,2,0,0,0,+,-37,37
32,50,50,18,0,0,0,-,-18,18
31,44,70,4,0,0,0,-,-39,39
30,24,45,9,0,0,0,+,-15,15
29,15,56,3,2,0,0,-,-27,27
28,23,28,9,5,0,30.5,-,0,0
27,22,45,7,0,0,0,+,-18,18
26,12,89,2,44,0,0,+,-63,63
25,34,89,16,0,0,0,-,-64,64
24,0,94,1,94,98,94,+,-70,70
23,32,87,3,100,82,100,+,-64,64
22,25,45,13,28,0,52,-,-23,23
21,26,71,19,73,0,89,-,-50,50
20,20,38,13,0,0,0,-,-18,18
19,5,41,11,31,0,75.5,+,-22,22
18,30,58,16,61,0,90.5,-,-40,40
17,6,53,4,62,0,61,+,-36,36
16,27,58,4,99,100,99,-,-42,42
15,10,43,6,0,0,0,-,-28,28
14,0,30,7,0,0,0,+,-16,16
13,8,43,13,97,74,72.5,-,-30,30
12,0,33,1,0,0,0,-,-21,21
11,21,59,4,99,100,99,-,-48,48
10,1,10,3,0,0,0,-,0,0
9,7,17,6,0,0,0,-,-8,8
8,0,52,1,0,0,0,+,-44,44
7,0,7,1,93,0,98,-,0,0
6,18,48,4,99,100,99,-,-42,42
5,13,52,4,0,0,0,-,-47,47
4,0,4,1,0,0,0,+,0,0
3,0,3,1,0,0,0,-,0,0
2,19,41,15,81,80,0,-,-39,39
1,0,49,3,24,0,45,+,-48,48
100,100,100,6,100,94,100,+,0,0
99,99,100,6,99,100,99.5,+,-1,1
98,98,99,18,98,76,82.5,+,-1,1
97,97,100,14,99,100,99.5,+,-3,3
96,96,100,28,97,68,97.5,-,-4,4
95,95,97,28,91,92,90,-,-2,2
94,94,100,3,99,100,99.5,+,-6,6
93,91,96,18,86,0,81.5,+,-3,3
92,93,93,22,0,0,0,-,-1,1
91,90,96,12,92,90,94.5,+,-5,5
90,92,97,23,0,0,0,+,-7,7
89,89,91,22,83,0,79,+,-2,2
88,86,88,11,87,4,80.5,+,0,0
87,88,96,15,96,98,98,-,-9,9
86,83,89,11,0,0,88.5,+,-3,3
85,84,100,26,97,68,97.5,+,-15,15
84,85,94,5,82,78,0,-,-10,10
83,87,98,41,41,0,0,-,-15,15
82,81,85,13,65,0,64,+,-3,3
81,82,97,35,0,0,0,+,-16,16
80,73,80,9,88,88,87.5,-,0,0
79,76,87,13,55,0,0,-,-8,8
78,72,80,11,77,0,86.5,-,-2,2
77,68,88,10,79,0,90.5,+,-11,11
76,77,95,20,0,0,0,-,-19,19
75,0,90,11,69,0,81,+,-15,15
74,74,91,7,95,96,98.5,-,-17,17
73,75,99,46,93,0,96.5,+,-26,26
72,67,73,20,0,0,0,-,-1,1
71,64,78,7,31,0,0,+,-7,7
70,69,93,40,0,0,0,-,-23,23
69,62,72,9,80,0,91,-,-3,3
68,71,98,18,95,96,98.5,-,-30,30
67,70,82,5,99,100,99.5,-,-15,15
66,78,86,16,12,0,0,-,-20,20
65,50,95,7,0,0,0,+,-30,30
64,47,89,4,97,68,97.5,+,-25,25
63,61,96,24,0,0,0,-,-33,33
62,65,100,39,0,0,0,-,-38,38
61,63,84,34,42,0,36.5,-,-23,23
60,57,65,16,71,0,74.5,+,-5,5
59,59,68,17,93,0,96.5,+,-9,9
58,66,94,22,0,0,0,-,-36,36
57,60,68,23,59,0,79.5,-,-11,11
56,44,99,11,72,0,87,+,-43,43
55,58,100,33,0,0,0,+,-45,45
54,54,54,9,0,0,0,-,0,0
53,52,72,21,27,0,0,+,-19,19
52,51,53,9,0,0,0,-,-1,1
51,53,91,30,84,34,85.5,-,-40,40
50,43,50,17,9,0,0,-,0,0
49,24,49,3,48,0,0,-,0,0
48,40,78,11,18,0,0,+,-30,30
47,48,88,4,70,32,0,+,-41,41
46,49,74,20,0,0,0,-,-28,28
45,38,47,12,75,0,94,+,-2,2
44,55,70,3,0,0,0,-,-26,26
43,56,56,4,0,0,0,-,-13,13
42,29,79,4,0,0,0,+,-37,37
41,30,75,6,79,0,90.5,+,-34,34
40,0,40,1,67,0,0,-,0,0
39,33,47,8,30,0,21.5,-,-8,8
38,35,39,10,0,0,0,+,-1,1
37,46,81,3,0,0,0,+,-44,44
36,32,55,9,0,0,0,+,-19,19
35,16,94,5,0,0,0,+,-59,59
34,45,89,15,0,0,0,-,-55,55
33,26,49,11,0,0,88.5,+,-16,16
32,79,87,2,100,94,100,-,-55,55
31,18,97,4,32,0,23.5,+,-66,66
30,42,58,15,78,0,97,-,-28,28
29,15,92,7,0,0,0,+,-63,63
28,34,80,18,98,76,82.5,+,-52,52
27,39,58,3,99,100,99.5,-,-31,31
26,36,71,18,81,0,88,-,-45,45
25,37,45,12,34,0,43.5,-,-20,20
24,20,45,8,0,0,0,+,-21,21
23,19,28,8,10,0,55.5,+,-5,5
22,13,45,6,0,0,0,+,-23,23
21,41,59,3,99,100,99.5,-,-38,38
20,25,38,12,0,0,0,+,-18,18
19,17,41,14,85,72,0,-,-22,22
18,28,48,3,99,100,99.5,-,-30,30
17,4,63,2,0,0,0,+,-46,46
16,10,64,3,62,0,0,+,-48,48
15,3,56,2,4,0,0,+,-41,41
14,0,70,1,0,0,0,+,-56,56
13,27,52,3,0,0,0,-,-39,39
12,0,89,1,46,0,0,+,-77,77
11,23,47,3,0,0,0,-,-36,36
10,7,43,5,0,0,0,+,-33,33
9,0,9,1,15,0,0,-,0,0
8,9,43,12,98,76,82.5,+,-35,35
7,2,17,5,0,0,0,+,-10,10
6,0,53,3,73,0,72.5,+,-47,47
5,0,41,10,47,0,82,+,-36,36
4,0,4,1,0,0,0,-,0,0
3,0,3,1,20,0,0,-,0,0
2,11,42,18,0,0,0,-,-40,40
1,0,10,2,0,0,0,+,-9,9
100,100,100,5,100,96,100,+,0,0
99,99,100,5,99,100,99.5,+,-1,1
98,98,99,17,98,80,80.5,+,-1,1
97,96,100,13,99,100,99.5,+,-3,3
96,95,100,27,97,62,98,+,-4,4
95,94,97,27,92,82,94,+,-2,2
94,97,100,2,99,100,99.5,+,-6,6
93,90,93,21,0,0,0,-,0,0
92,93,97,22,0,0,0,-,-5,5
91,91,96,17,84,0,84.5,+,-5,5
90,88,96,11,93,90,92,+,-6,6
89,89,91,21,87,0,83,+,-2,2
88,92,96,14,95,70,95,-,-8,8
87,83,98,40,67,0,0,-,-11,11
86,86,88,10,88,36,82,+,-2,2
85,87,94,4,89,94,14,-,-9,9
84,84,100,25,97,62,98,+,-16,16
83,85,89,10,0,0,87,+,-6,6
82,80,97,34,0,0,0,-,-15,15
81,78,85,12,71,0,71.5,+,-4,4
80,77,100,55,0,0,0,-,-20,20
79,0,87,1,100,96,100,-,-8,8
78,74,86,15,46,0,0,-,-8,8
77,81,95,19,0,0,0,-,-18,18
76,73,87,12,61,0,0,+,-11,11
75,72,99,45,94,0,95.5,-,-24,24
74,64,91,6,96,98,99,+,-17,17
73,65,80,8,86,88,81,+,-7,7
72,76,80,10,79,0,85.5,+,-8,8
71,61,98,17,96,98,99,-,-27,27
70,82,82,4,99,100,99.5,-,-12,12
69,67,93,39,0,0,0,+,-24,24
68,63,88,9,77,0,86,+,-20,20
67,66,73,19,0,0,0,+,-6,6
66,62,94,21,0,0,0,-,-28,28
65,60,100,38,0,0,0,-,-35,35
64,50,78,6,42,0,0,+,-14,14
63,75,84,33,56,0,54,-,-21,21
62,57,72,8,83,0,91,+,-10,10
61,69,96,23,0,0,0,+,-35,35
60,68,68,22,69,0,87.5,-,-8,8
59,56,68,16,94,0,95.5,+,-9,9
58,54,100,32,25,0,0,-,-42,42
57,49,65,15,74,10,77.5,+,-8,8
56,42,56,3,0,0,0,-,0,0
55,70,70,2,0,0,0,-,-15,15
54,46,54,8,0,0,0,+,0,0
53,55,91,29,85,58,85,-,-38,38
52,43,72,20,36,0,0,+,-20,20
51,51,53,8,0,0,0,+,-2,2
50,39,95,6,0,0,0,+,-45,45
49,53,74,19,0,0,0,-,-25,25
48,29,88,3,63,34,0,-,-40,40
47,15,89,3,97,62,98,+,-42,42
46,4,81,2,0,0,0,-,-35,35
45,44,89,14,0,0,0,-,-44,44
44,32,99,10,68,0,82.5,+,-55,55
43,41,50,16,17,0,0,+,-7,7
42,45,58,14,75,0,93.5,-,-16,16
41,59,59,2,99,100,99.5,-,-18,18
40,26,78,10,15,0,5,+,-38,38
39,58,58,2,99,100,99.5,-,-19,19
38,40,47,11,70,0,83.5,+,-9,9
37,36,45,11,52,0,63,-,-8,8
36,31,71,17,80,0,84,-,-35,35
35,30,39,9,0,0,0,+,-4,4
34,33,80,17,98,80,80.5,-,-46,46
33,28,47,7,39,0,40,+,-14,14
32,24,55,8,4,0,0,+,-23,23
31,0,75,1,100,96,100,-,-44,44
30,23,75,5,77,0,86,+,-45,45
29,79,79,3,0,0,0,+,-50,50
28,48,48,2,99,100,99.5,-,-20,20
27,52,52,2,0,0,0,-,-25,25
26,25,49,10,0,0,87,+,-23,23
25,38,38,11,0,0,0,-,-13,13
24,0,49,2,19,0,0,+,-25,25
23,47,47,2,0,0,0,-,-24,24
22,0,93,1,100,96,100,-,-71,71
21,35,81,4,78,0,97,-,-60,60
20,19,45,7,1,0,0,+,-25,25
19,16,28,7,20,0,70.5,+,-9,9
18,2,97,3,29,0,41.5,+,-79,79
17,22,41,13,81,84,0,+,-24,24
16,12,94,4,0,0,0,+,-78,78
15,8,92,6,0,0,0,+,-77,77
14,0,14,1,100,96,100,-,0,0
13,9,45,5,0,0,0,+,-32,32
12,34,34,2,99,100,99.5,-,-22,22
11,21,42,17,0,0,0,-,-31,31
10,0,64,2,62,0,0,+,-54,54
9,10,43,11,98,80,80.5,-,-34,34
8,17,71,16,0,0,0,-,-63,63
7,0,43,4,0,0,0,+,-36,36
6,0,17,11,0,0,0,-,-11,11
5,6,44,10,94,0,95.5,-,-39,39
4,0,63,1,0,0,0,+,-59,59
3,0,56,1,6,0,0,+,-53,53
2,0,17,4,0,0,0,+,-15,15
1,0,1,1,91,0,80,-,0,0
100,100,100,4,98,84,88,+,0,0
99,98,100,4,100,100,100,+,-1,1
98,99,99,16,97,78,79.5,+,-1,1
97,0,100,1,100,100,100,-,-3,3
96,95,100,12,100,100,100,+,-4,4
95,97,100,26,96,66,96.5,+,-5,5
94,96,97,26,93,96,84,+,-3,3
93,94,97,21,0,0,0,-,-4,4
92,93,96,13,95,82,91.5,-,-4,4
91,90,96,16,86,0,96,+,-5,5
90,92,93,20,0,0,0,+,-3,3
89,91,91,20,80,0,78,+,-2,2
88,87,96,10,89,88,88.5,+,-8,8
87,88,94,3,82,94,14,-,-7,7
86,86,88,9,84,50,91,+,-2,2
85,85,89,9,0,0,92,-,-4,4
84,89,100,24,96,66,96.5,+,-16,16
83,83,98,39,45,0,0,+,-15,15
82,74,82,3,100,100,100,-,0,0
81,84,95,18,0,0,0,-,-14,14
80,82,97,33,0,0,0,+,-17,17
79,10,79,2,0,0,0,-,0,0
78,77,85,11,66,0,75,+,-7,7
77,65,100,54,0,0,0,+,-23,23
76,76,80,9,78,0,89.5,-,-4,4
75,80,84,32,62,0,66.5,-,-9,9
74,78,86,14,36,0,0,+,-12,12
73,73,87,11,53,0,0,+,-14,14
72,79,99,44,92,0,95,+,-27,27
71,0,71,1,81,0,0,-,0,0
70,0,70,1,0,0,0,-,0,0
69,75,96,22,0,0,0,-,-27,27
68,57,68,21,88,0,98,-,0,0
67,52,93,38,0,0,0,+,-26,26
66,70,73,18,0,0,0,+,-7,7
65,69,80,7,75,86,77,+,-15,15
64,61,91,5,99,98,99.5,+,-27,27
63,59,88,8,70,0,90.5,+,-25,25
62,66,94,20,0,0,0,+,-32,32
61,72,98,16,99,98,99.5,+,-37,37
60,68,100,37,0,0,0,+,-40,40
59,0,59,1,100,100,100,-,0,0
58,0,58,1,100,100,100,-,0,0
57,58,72,7,79,0,90,+,-15,15
56,60,68,15,92,0,95,+,-12,12
55,64,91,28,87,48,93,-,-36,36
54,67,100,31,20,0,7,+,-46,46
53,63,74,18,0,0,0,-,-21,21
52,0,52,1,0,0,0,-,0,0
51,53,53,7,0,0,0,+,-2,2
50,44,78,5,18,0,0,+,-28,28
49,51,65,14,63,0,77.5,+,-16,16
48,0,48,1,100,100,100,-,0,0
47,0,47,1,0,0,0,-,0,0
46,47,54,7,0,0,0,+,-8,8
45,55,58,13,69,0,87.5,-,-13,13
44,71,89,13,0,0,0,+,-45,45
43,50,72,19,27,0,1,+,-29,29
42,40,56,2,0,0,0,+,-14,14
41,39,50,15,14,0,0,+,-9,9
40,42,47,10,67,0,83.5,-,-7,7
39,37,95,5,0,0,0,+,-56,56
38,38,38,10,0,0,0,-,0,0
37,48,57,20,28,0,72.5,-,-20,20
36,43,45,10,49,0,71,+,-9,9
35,81,81,3,83,0,97.5,-,-46,46
34,0,34,1,100,100,100,-,0,0
33,45,80,16,97,78,79.5,+,-47,47
32,32,99,9,61,0,85.5,+,-67,67
31,49,71,16,76,0,86,+,-40,40
30,35,39,8,0,0,0,+,-9,9
29,46,88,2,35,18,0,+,-59,59
28,27,47,6,41,0,39.5,+,-19,19
27,0,27,1,100,100,100,-,0,0
26,30,78,9,2,0,10.5,+,-52,52
25,31,49,9,0,0,92,+,-24,24
24,29,55,7,1,0,0,+,-31,31
23,25,75,4,70,0,90.5,+,-52,52
22,33,41,12,72,72,0,-,-19,19
21,41,42,16,26,0,2.5,-,-21,21
20,0,20,1,100,100,100,-,0,0
19,24,45,6,3,0,12.5,+,-26,26
18,0,18,1,99,98,99.5,-,0,0
17,34,71,15,0,0,72,-,-54,54
16,21,28,6,42,0,80.5,+,-12,12
15,0,89,2,96,66,96.5,+,-74,74
14,0,14,1,99,98,99.5,-,0,0
13,0,13,1,0,0,0,-,0,0
12,12,94,3,0,0,0,+,-82,82
11,0,11,1,100,100,100,-,0,0
10,23,43,10,97,78,79.5,-,-33,33
9,11,45,4,0,0,0,+,-36,36
8,15,92,5,0,0,0,+,-84,84
7,0,7,1,99,98,99.5,-,0,0
6,17,44,9,92,0,95,-,-38,38
5,0,5,1,99,98,99.5,-,0,0
4,0,81,1,0,0,0,+,-77,77
3,0,3,1,100,100,100,-,0,0
2,5,97,2,7,0,37,+,-95,95
1,0,1,1,99,98,99.5,-,0,0
100,100,100,3,99,94,88.5,+,0,0
99,99,99,15,98,80,83.5,-,0,0
98,97,100,3,100,100,0,+,-2,2
97,98,100,25,96,60,98.5,-,-3,3
96,95,97,25,89,92,86.5,-,-1,1
95,96,100,11,100,100,0,+,-5,5
94,92,97,20,0,0,0,-,-3,3
93,93,96,12,94,86,93.5,-,-3,3
92,91,93,19,0,0,0,-,-1,1
91,89,91,19,78,0,83,-,0,0
90,88,96,15,73,0,73.5,+,-6,6
89,87,100,23,96,60,98.5,-,-11,11
88,94,94,2,80,96,29.5,-,-6,6
87,84,96,9,88,90,91.5,+,-9,9
86,83,88,8,93,48,99,+,-2,2
85,85,89,8,0,0,94.5,+,-4,4
84,90,95,17,0,0,0,-,-11,11
83,86,98,38,46,0,0,+,-15,15
82,82,97,32,0,0,0,-,-15,15
81,78,81,2,97,0,100,-,0,0
80,81,84,31,62,0,68,-,-4,4
79,77,99,43,92,0,96.5,-,-20,20
78,79,86,13,35,0,0,-,-8,8
77,74,85,10,52,0,77.5,+,-8,8
76,73,80,8,79,0,92,+,-4,4
75,76,96,21,0,0,0,-,-21,21
74,50,82,2,100,100,0,+,-8,8
73,65,87,10,38,0,0,+,-14,14
72,75,98,15,95,98,17.5,-,-26,26
71,80,89,12,0,0,0,-,-18,18
70,71,73,17,0,0,0,-,-3,3
69,69,80,6,75,84,82,-,-11,11
68,67,100,36,0,0,0,-,-32,32
67,70,100,30,33,0,35.5,-,-33,33
66,66,94,19,0,0,0,-,-28,28
65,64,100,53,0,0,0,+,-35,35
64,68,91,27,84,56,88,-,-27,27
63,72,74,17,0,0,0,-,-11,11
62,63,97,53,30,0,21,-,-35,35
61,57,91,4,95,98,17.5,+,-30,30
60,62,68,14,92,0,96.5,-,-8,8
59,48,88,7,69,0,90,+,-29,29
58,59,72,6,85,0,93,-,-14,14
57,54,68,20,37,0,0,+,-11,11
56,60,99,58,84,56,88,-,-43,43
55,52,58,12,82,0,96,-,-3,3
54,61,95,31,50,0,0,-,-41,41
53,42,53,6,0,0,0,-,0,0
52,55,93,37,0,0,0,+,-41,41
51,45,65,13,65,0,79.5,-,-14,14
50,46,72,18,24,0,32,-,-22,22
49,58,71,15,81,0,89.5,-,-22,22
48,53,57,19,72,0,92.5,-,-9,9
47,47,54,6,0,0,0,-,-7,7
46,0,88,1,54,0,0,-,-42,42
45,49,80,15,98,80,83.5,-,-35,35
44,37,78,4,0,0,0,+,-34,34
43,43,45,9,48,0,70,-,-2,2
42,38,47,9,74,0,89,-,-5,5
41,40,42,15,60,0,79,-,-1,1
40,0,56,1,0,0,0,+,-16,16
39,39,50,14,7,0,0,+,-11,11
38,35,38,9,0,0,0,+,0,0
37,33,95,4,0,0,0,+,-58,58
36,0,36,1,95,98,17.5,-,0,0
35,32,39,7,0,0,0,-,-4,4
34,41,71,14,0,0,0,-,-37,37
33,34,41,11,68,72,0,-,-8,8
32,30,99,8,63,0,87,+,-67,67
31,31,49,8,0,0,94.5,-,-18,18
30,25,78,8,0,0,19.5,-,-48,48
29,28,55,6,0,0,0,-,-26,26
28,0,30,2,86,46,95,-,-2,2
27,22,47,5,45,0,44,+,-20,20
26,0,45,2,61,0,61.5,-,-19,19
25,15,75,3,69,0,90,-,-50,50
24,23,45,5,4,0,24.5,-,-21,21
23,27,43,9,98,80,83.5,-,-20,20
22,36,46,18,59,0,65,-,-24,24
21,19,28,5,83,0,98,-,-7,7
20,29,90,20,75,84,82,-,-70,70
19,24,47,15,0,0,0,-,-28,28
18,26,47,17,14,0,6.5,-,-29,29
17,20,44,8,92,0,96.5,-,-27,27
16,21,48,8,0,0,94.5,-,-32,32
15,16,92,4,0,0,0,-,-77,77
14,0,14,1,97,0,100,-,0,0
13,0,13,1,17,0,0,-,0,0
12,18,94,2,0,0,0,+,-82,82
11,13,45,3,0,0,0,-,-34,34
10,0,79,1,0,0,0,+,-69,69
9,11,43,3,3,0,34.5,-,-34,34
8,12,30,6,0,0,0,-,-22,22
7,0,64,1,50,0,0,-,-57,57
6,14,15,6,0,0,10,-,-9,9
5,0,97,1,0,0,33,-,-92,92
4,10,17,10,0,0,0,-,-13,13
3,8,17,3,0,0,0,-,-14,14
2,17,57,12,6,12,0,-,-55,55
1,6,49,2,56,0,69.5,-,-48,48
100,100,100,2,100,74,91,+,0,0
99,98,99,14,97,82,84.5,+,0,0
98,97,100,24,96,70,98,-,-2,2
97,99,100,2,98,100,0,+,-3,3
96,96,100,10,98,100,0,-,-4,4
95,95,97,24,88,88,88,+,-2,2
94,0,94,1,89,92,40,-,0,0
93,94,96,11,95,80,95,+,-3,3
92,93,97,19,0,0,0,+,-5,5
91,88,93,18,0,0,0,+,-2,2
90,92,95,16,0,0,0,-,-5,5
89,89,91,18,77,0,83,+,-2,2
88,86,96,14,76,0,75.5,+,-8,8
87,91,100,22,96,70,98,+,-13,13
86,90,98,37,59,0,0,-,-12,12
85,87,89,7,0,0,96,+,-4,4
84,83,96,8,86,86,93,+,-12,12
83,82,88,7,82,66,0,+,-5,5
82,84,97,31,0,0,0,+,-15,15
81,81,84,30,70,0,73,-,-3,3
80,85,89,11,0,0,0,-,-9,9
79,79,86,12,44,0,0,-,-7,7
78,0,81,1,99,4,100,+,-3,3
77,78,99,42,92,0,97.5,+,-22,22
76,80,96,20,0,0,0,-,-20,20
75,77,98,14,90,98,13,-,-23,23
74,69,85,9,50,0,77.5,+,-11,11
73,68,80,7,80,0,92.5,+,-7,7
72,74,74,16,0,0,0,-,-2,2
71,70,73,16,0,0,0,-,-2,2
70,76,100,29,39,0,46,-,-30,30
69,66,80,5,81,96,88.5,+,-11,11
68,75,91,26,84,44,86,-,-23,23
67,71,100,35,0,0,0,+,-33,33
66,73,94,18,0,0,0,+,-28,28
65,64,87,9,33,0,0,+,-22,22
64,67,100,52,0,0,0,+,-36,36
63,65,97,52,32,0,28,-,-34,34
62,59,68,13,92,0,97.5,-,-6,6
61,63,95,30,52,0,12,-,-34,34
60,61,99,57,84,44,86,-,-39,39
59,49,72,5,87,0,94.5,-,-13,13
58,62,71,14,83,0,92,-,-13,13
57,72,91,3,90,98,13,+,-34,34
56,0,97,17,69,0,78,-,-41,41
55,60,93,36,0,0,0,-,-38,38
54,55,68,19,38,0,0,+,-14,14
53,57,57,18,26,0,0,-,-4,4
52,50,58,11,94,0,99.5,+,-6,6
51,54,96,35,37,0,2.5,-,-45,45
50,0,82,1,98,100,0,+,-32,32
49,58,80,14,97,82,84.5,-,-31,31
48,47,88,6,63,0,89,+,-40,40
47,43,54,5,0,0,0,+,-7,7
46,51,72,17,30,0,43.5,+,-26,26
45,48,65,12,68,0,80,+,-20,20
44,56,80,20,0,0,0,-,-36,36
43,45,45,8,48,0,69.5,+,-2,2
42,39,53,5,0,0,0,+,-11,11
41,53,71,13,0,0,0,-,-30,30
40,42,42,14,55,0,39,+,-2,2
39,38,50,13,5,0,0,+,-11,11
38,31,47,8,78,0,93.5,+,-9,9
37,29,78,3,0,0,0,+,-41,41
36,46,46,17,64,0,66.5,-,-10,10
35,35,38,8,0,0,0,+,-3,3
34,36,41,10,71,72,0,-,-7,7
33,30,95,3,0,0,0,+,-62,62
32,28,39,6,0,0,0,+,-7,7
31,37,49,7,0,0,96,+,-18,18
30,25,99,7,67,0,87,+,-69,69
29,44,90,19,81,96,88.5,-,-61,61
28,24,55,5,0,0,0,+,-27,27
27,34,43,8,97,82,84.5,-,-16,16
26,22,47,16,36,0,63,-,-21,21
25,21,78,7,0,0,32.5,+,-53,53
24,32,47,14,0,0,17.5,-,-23,23
23,20,45,4,3,0,35.5,+,-22,22
22,16,47,4,40,0,49.5,+,-25,25
21,26,48,7,0,0,96,-,-27,27
20,23,44,7,92,0,97.5,-,-24,24
19,12,28,4,0,0,0,+,-9,9
18,0,94,1,0,0,0,-,-76,76
17,41,57,11,17,14,0,-,-40,40
16,18,92,3,0,0,0,-,-76,76
15,3,75,2,63,0,89,+,-60,60
14,15,15,5,0,0,22,-,-1,1
13,4,45,2,0,0,0,-,-32,32
12,7,30,5,0,0,0,-,-18,18
11,8,43,2,9,0,55,-,-32,32
10,9,17,9,0,0,0,-,-7,7
9,14,41,9,13,0,81,-,-32,32
8,0,17,2,0,0,0,-,-9,9
7,6,32,7,0,0,96,-,-25,25
6,0,49,1,61,0,70,-,-43,43
5,0,10,1,0,0,0,-,-5,5
4,2,15,5,0,0,0,-,-11,11
3,33,33,2,8,0,0,-,-30,30
2,11,39,7,0,0,96,-,-37,37
1,0,41,1,0,0,0,-,-40,40
100,0,100,1,100,64,95,+,0,0
99,0,100,1,97,100,0,-,-1,1
98,99,99,13,96,82,88.5,+,-1,1
97,100,100,23,95,42,99,+,-3,3
96,98,100,9,97,100,0,+,-4,4
95,97,97,23,89,78,91,+,-2,2
94,96,96,10,94,92,97,-,-2,2
93,95,97,18,0,0,0,-,-4,4
92,93,95,15,0,0,0,-,-3,3
91,94,100,21,95,42,99,-,-9,9
90,92,98,36,61,0,0,-,-8,8
89,86,91,17,80,0,87.5,+,-2,2
88,83,93,17,0,0,0,+,-5,5
87,89,89,6,0,0,97.5,-,-2,2
86,81,96,13,72,0,79,+,-10,10
85,88,89,10,0,0,0,-,-4,4
84,90,97,30,0,0,0,-,-13,13
83,85,96,7,90,84,96,+,-13,13
82,82,88,6,82,52,0,+,-6,6
81,84,84,29,74,0,76.5,+,-3,3
80,87,96,19,0,0,0,-,-16,16
79,80,86,11,42,0,0,+,-7,7
78,78,99,41,93,0,98.5,-,-21,21
77,77,98,13,92,96,24.5,-,-21,21
76,79,100,28,48,0,61.5,-,-24,24
75,76,91,25,88,40,89.5,-,-16,16
74,72,74,15,0,0,0,-,0,0
73,75,94,17,0,0,0,-,-21,21
72,91,91,2,92,96,24.5,-,-19,19
71,74,100,34,0,0,0,-,-29,29
70,73,73,15,0,0,0,+,-3,3
69,66,85,8,50,0,82,+,-16,16
68,65,80,6,79,0,93.5,+,-12,12
67,71,100,51,0,0,0,-,-33,33
66,70,80,4,87,90,94,+,-14,14
65,68,97,51,44,0,44,-,-32,32
64,57,87,8,26,0,0,+,-23,23
63,67,95,29,55,0,28,-,-32,32
62,69,71,13,83,0,92.5,-,-9,9
61,62,99,56,88,40,89.5,-,-38,38
60,64,93,35,0,0,0,-,-33,33
59,60,68,12,93,0,98.5,+,-9,9
58,61,80,13,96,82,88.5,-,-22,22
57,54,57,17,34,0,0,-,0,0
56,58,80,19,0,0,0,-,-24,24
55,49,68,18,37,0,0,-,-13,13
54,56,96,34,41,0,4,-,-42,42
53,63,71,12,10,0,0,-,-18,18
52,55,99,42,77,18,75.5,-,-47,47
51,50,72,16,30,0,53.5,-,-21,21
50,45,58,10,98,0,99.5,+,-8,8
49,42,72,4,84,0,91.5,+,-23,23
48,48,65,11,70,0,84.5,-,-17,17
47,36,88,5,58,0,90,+,-41,41
46,46,46,16,62,0,62,-,0,0
45,43,45,7,51,0,76,-,0,0
44,59,90,18,87,90,94,-,-46,46
43,39,54,4,0,0,0,+,-11,11
42,40,42,13,32,0,42.5,-,0,0
41,53,57,10,45,8,0,-,-16,16
40,47,80,20,0,0,0,-,-40,40
39,27,53,4,0,0,0,+,-14,14
38,37,50,12,9,0,0,+,-12,12
37,44,49,6,0,0,97.5,-,-12,12
36,41,41,9,71,70,0,-,-5,5
35,31,38,7,0,0,0,+,-3,3
34,33,43,7,96,82,88.5,-,-9,9
33,0,33,1,49,0,0,-,0,0
32,38,47,13,0,0,13.5,-,-15,15
31,26,47,7,86,0,98,+,-16,16
30,6,95,2,0,0,0,+,-65,65
29,11,78,2,0,0,0,+,-49,49
28,25,39,5,0,0,0,+,-11,11
27,4,27,2,92,96,24.5,-,0,0
26,35,48,6,0,0,97.5,-,-22,22
25,20,99,6,75,66,88,+,-74,74
24,21,55,4,0,0,0,+,-31,31
23,32,44,6,93,0,98.5,-,-21,21
22,30,47,15,15,0,0,+,-25,25
21,16,78,6,0,0,2,+,-57,57
20,10,45,3,13,0,59,+,-25,25
19,0,19,1,11,0,0,-,0,0
18,22,92,2,0,0,61,-,-74,74
17,0,49,1,0,0,0,-,-32,32
16,9,47,3,39,0,43.5,+,-31,31
15,12,15,4,0,0,41.5,-,0,0
14,14,41,8,25,0,86.5,-,-27,27
13,28,34,12,0,0,27.5,-,-21,21
12,7,28,3,0,0,0,+,-16,16
11,24,39,6,0,0,97.5,-,-28,28
10,15,15,7,0,0,0,-,-5,5
9,17,17,8,0,0,0,+,-8,8
8,0,43,1,0,0,47,+,-35,35
7,1,30,4,0,0,0,+,-23,23
6,19,32,6,0,0,97.5,+,-26,26
5,18,18,6,0,0,0,-,-13,13
4,0,45,1,0,0,0,+,-41,41
3,0,75,1,58,0,90,+,-72,72
2,0,15,4,0,0,0,+,-13,13
1,13,19,10,0,0,0,-,-18,18
100,100,100,22,99,64,99,-,0,0
99,99,99,12,100,86,89,-,0,0
98,98,100,8,91,100,0,-,-2,2
97,96,97,22,86,74,91.5,-,0,0
96,95,96,9,97,84,96,-,0,0
95,97,97,17,0,0,0,-,-2,2
94,94,100,20,99,64,99,-,-6,6
93,93,95,14,0,0,0,-,-2,2
92,92,98,35,57,0,0,-,-6,6
91,0,91,1,95,90,38.5,-,0,0
90,90,97,29,0,0,0,-,-7,7
89,88,89,5,0,0,96.5,-,0,0
88,89,89,9,0,0,0,-,-1,1
87,91,96,18,0,0,0,-,-9,9
86,85,91,16,83,0,87.5,+,-5,5
85,83,96,6,92,78,97,-,-11,11
84,81,84,28,76,0,77,-,0,0
83,77,93,16,0,0,0,+,-10,10
82,79,88,5,81,52,0,+,-6,6
81,78,96,12,72,0,79.5,+,-15,15
80,86,86,10,43,0,0,-,-6,6
79,87,100,27,70,0,75,-,-21,21
78,82,99,40,94,0,98,+,-21,21
77,75,98,12,95,90,38.5,+,-21,21
76,84,91,24,87,60,91,-,-15,15
75,80,94,16,0,0,0,-,-19,19
74,76,100,33,0,0,0,-,-26,26
73,73,73,14,0,0,0,-,0,0
72,70,74,14,0,0,0,+,-2,2
71,74,100,50,0,0,0,-,-29,29
70,43,80,3,98,92,99.5,-,-10,10
69,71,71,12,88,0,93,-,-2,2
68,72,97,50,59,0,59,-,-29,29
67,69,95,28,66,0,39,-,-28,28
66,60,85,7,49,0,81.5,+,-19,19
65,51,80,5,84,0,94,+,-15,15
64,68,93,34,0,0,0,-,-29,29
63,67,71,11,27,0,0,-,-8,8
62,66,99,55,87,60,91,-,-37,37
61,63,80,12,100,86,89,-,-19,19
60,64,68,11,94,0,98,-,-8,8
59,61,90,17,98,92,99.5,-,-31,31
58,65,80,18,0,0,0,-,-22,22
57,55,87,7,16,0,0,+,-30,30
56,62,96,33,44,0,22,-,-40,40
55,58,99,41,77,0,78,-,-44,44
54,50,57,16,39,0,0.5,+,-3,3
53,56,57,9,64,0,0,-,-4,4
52,57,75,27,9,0,0,-,-23,23
51,54,89,36,0,0,0,-,-38,38
50,49,72,15,42,0,49,+,-22,22
49,48,68,17,26,0,0,+,-19,19
48,42,65,10,69,0,84.5,+,-17,17
47,59,80,19,0,0,0,-,-33,33
46,46,46,15,67,0,63,+,0,0
45,40,58,9,75,0,51,+,-13,13
44,47,49,5,0,0,96.5,-,-5,5
43,37,45,6,58,0,80.5,+,-2,2
42,25,72,3,82,0,92.5,+,-30,30
41,41,41,8,62,44,7.5,-,0,0
40,32,42,12,23,0,19.5,+,-2,2
39,23,54,3,0,0,0,+,-15,15
38,38,47,12,0,0,29,-,-9,9
37,30,50,11,0,0,0,+,-13,13
36,27,88,4,32,0,86.5,+,-52,52
35,35,48,5,0,0,96.5,-,-13,13
34,44,53,20,33,0,57.5,-,-19,19
33,29,43,6,100,86,89,+,-10,10
32,39,44,5,94,0,98,-,-12,12
31,26,38,6,0,0,0,+,-7,7
30,36,47,14,13,0,0,-,-17,17
29,24,52,20,58,0,80.5,-,-23,23
28,34,34,11,15,0,46,-,-6,6
27,14,53,3,0,0,0,+,-26,26
26,20,47,6,65,0,29.5,+,-21,21
25,28,39,4,0,0,0,+,-14,14
24,22,39,5,0,0,96.5,-,-15,15
23,31,61,20,7,0,0,-,-38,38
22,0,92,1,0,0,0,-,-70,70
21,13,55,3,0,0,0,+,-34,34
20,10,99,5,68,4,87,+,-79,79
19,21,32,5,0,0,96.5,-,-13,13
18,18,18,5,0,0,0,-,0,0
17,16,17,7,0,0,0,-,0,0
16,12,78,5,0,0,0,+,-62,62
15,15,15,6,0,0,0,-,0,0
14,11,41,7,51,0,89.5,+,-27,27
13,19,19,9,0,0,0,-,-6,6
12,7,15,3,0,0,37,+,-3,3
11,0,78,1,0,0,0,+,-67,67
10,9,45,2,19,0,66.5,+,-35,35
9,0,47,2,56,0,46.5,+,-38,38
8,8,27,5,0,0,96.5,-,-19,19
7,2,28,2,3,0,16,+,-21,21
6,0,95,1,0,0,0,+,-89,89
5,17,25,5,0,0,96.5,-,-20,20
4,0,27,1,95,90,38.5,+,-23,23
3,0,53,2,78,0,83,-,-50,50
2,0,2,1,96,40,100,-,0,0
1,3,30,3,0,0,0,+,-29,29
100,100,100,21,100,58,99,+,0,0
99,99,99,11,98,80,90.5,+,0,0
98,98,100,7,91,100,0,+,-2,2
97,96,97,16,0,0,0,-,0,0
96,93,97,21,90,84,94.5,+,-1,1
95,92,96,8,97,94,97.5,+,-1,1
94,95,100,19,100,58,99,+,-6,6
93,94,95,13,0,0,0,+,-2,2
92,97,98,34,66,0,0,+,-6,6
91,91,96,17,0,0,0,-,-5,5
90,90,97,28,0,0,0,+,-7,7
89,87,89,8,0,0,0,-,0,0
88,85,89,4,0,0,98,+,-1,1
87,88,100,26,65,0,0,-,-13,13
86,86,86,9,51,0,0,-,0,0
85,81,91,15,86,0,87,+,-6,6
84,89,91,23,92,42,95,-,-7,7
83,63,96,5,99,88,100,+,-13,13
82,84,99,39,95,0,98.5,-,-17,17
81,82,84,27,80,0,79.5,+,-3,3
80,83,94,15,0,0,0,-,-14,14
79,78,88,4,88,44,0,+,-9,9
78,72,96,11,73,0,82.5,+,-18,18
77,73,93,15,0,0,0,+,-16,16
76,79,100,32,0,0,0,-,-24,24
75,80,98,11,82,96,31.5,+,-23,23
74,76,100,49,0,0,0,-,-26,26
73,71,73,13,0,0,0,+,0,0
72,77,97,49,61,0,65,-,-25,25
71,67,71,11,94,0,97,-,0,0
70,68,74,13,0,0,0,+,-4,4
69,75,95,27,69,0,40,-,-26,26
68,74,93,33,0,0,0,-,-25,25
67,70,71,10,48,0,0,-,-4,4
66,64,99,54,92,42,95,-,-33,33
65,66,80,17,0,0,0,-,-15,15
64,62,68,10,95,0,98.5,-,-4,4
63,60,80,11,98,80,90.5,-,-17,17
62,59,96,32,49,0,31,-,-34,34
61,69,90,16,77,92,0,-,-29,29
60,50,85,6,47,0,85,+,-25,25
59,65,80,18,0,0,0,-,-21,21
58,56,99,40,81,0,82,-,-41,41
57,61,75,26,18,0,0,-,-18,18
56,57,57,8,64,0,0,-,-1,1
55,48,87,6,11,0,0,+,-32,32
54,51,89,35,0,0,0,-,-35,35
53,54,98,43,100,58,99,-,-45,45
52,55,100,25,0,0,0,-,-48,48
51,32,80,4,89,0,96,+,-29,29
50,47,57,15,35,0,2,+,-7,7
49,45,72,14,44,0,56.5,+,-23,23
48,41,68,16,25,0,0,+,-20,20
47,49,49,4,0,0,98,-,-2,2
46,40,46,14,70,0,70,+,0,0
45,43,45,30,0,0,0,-,0,0
44,53,53,19,53,0,66.5,-,-9,9
43,0,80,2,77,92,0,+,-37,37
42,35,65,9,72,0,86.5,+,-23,23
41,37,41,7,59,72,13,+,0,0
40,33,58,8,71,0,52.5,+,-18,18
39,34,44,4,95,0,98.5,-,-5,5
38,39,47,11,5,0,39,+,-9,9
37,23,45,5,52,0,80,+,-8,8
36,44,47,13,36,0,7.5,-,-11,11
35,46,48,4,0,0,98,+,-13,13
34,28,34,10,29,0,41,-,0,0
33,38,75,20,85,0,92,-,-42,42
32,27,42,11,22,0,14.5,+,-10,10
31,42,61,19,23,0,0,-,-30,30
30,25,50,10,0,0,0,+,-20,20
29,36,43,5,98,80,90.5,+,-14,14
28,7,39,3,0,0,0,-,-11,11
27,20,88,3,39,0,88.5,+,-61,61
26,21,38,5,0,0,0,+,-12,12
25,11,72,2,85,0,92,+,-47,47
24,24,52,19,52,0,80,+,-28,28
23,18,54,2,0,0,0,+,-31,31
22,30,39,4,0,0,98,+,-17,17
21,29,32,4,0,0,98,-,-11,11
20,16,47,5,67,0,34,+,-27,27
19,0,19,8,0,0,0,-,0,0
18,17,18,4,0,0,0,+,0,0
17,22,25,4,0,0,98,-,-8,8
16,13,17,6,0,0,0,+,-1,1
15,12,15,5,0,0,0,+,0,0
14,0,53,2,0,0,0,+,-39,39
13,2,55,2,0,0,0,+,-42,42
12,8,78,4,0,0,3,+,-66,66
11,9,41,6,60,0,94,+,-30,30
10,6,99,4,74,0,89.5,+,-89,89
9,0,45,1,79,0,95.5,+,-36,36
8,19,27,4,0,0,98,+,-19,19
7,0,15,2,0,0,45.5,+,-8,8
6,31,40,14,1,0,42.5,-,-34,34
5,15,19,3,0,0,98,-,-14,14
4,3,15,3,0,0,0,-,-11,11
3,0,30,2,0,0,0,-,-27,27
2,0,28,1,0,0,21.5,+,-26,26
1,0,1,1,7,0,4.5,-,0,0
100,100,100,20,99,54,99.5,+,0,0
99,98,99,10,100,80,90.5,+,0,0
98,99,100,6,95,100,0,+,-2,2
97,94,98,33,82,0,0,-,-1,1
96,96,97,15,0,0,0,+,-1,1
95,97,100,18,99,54,99.5,-,-5,5
94,95,95,12,0,0,0,-,-1,1
93,92,97,20,91,86,93,+,-4,4
92,93,96,7,98,92,97.5,+,-4,4
91,91,96,16,0,0,0,+,-5,5
90,89,97,27,0,0,0,+,-7,7
89,88,91,22,93,56,94.5,-,-2,2
88,90,100,25,71,0,0,-,-12,12
87,86,89,7,0,0,0,+,-2,2
86,84,86,8,47,0,0,+,0,0
85,80,89,3,0,0,99,+,-4,4
84,87,99,38,97,0,98.5,-,-15,15
83,85,94,14,0,0,0,-,-11,11
82,83,84,26,73,0,76.5,-,-2,2
81,79,91,14,79,0,85,+,-10,10
80,81,98,10,88,88,30,-,-18,18
79,78,100,31,0,0,0,-,-21,21
78,72,88,3,85,50,0,+,-10,10
77,76,97,48,56,0,55,-,-20,20
76,74,100,48,0,0,0,-,-24,24
75,75,95,26,65,0,43,-,-20,20
74,77,93,32,0,0,0,-,-19,19
73,68,93,14,0,0,0,+,-20,20
72,60,96,10,51,0,77,+,-24,24
71,69,73,12,0,0,0,+,-2,2
70,70,71,9,43,0,0,-,-1,1
69,82,90,15,83,90,0,-,-21,21
68,61,74,12,0,0,0,+,-6,6
67,67,71,10,90,0,96,+,-4,4
66,71,80,16,0,0,0,-,-14,14
65,73,80,17,0,0,0,-,-15,15
64,63,99,53,93,56,94.5,+,-35,35
63,53,96,4,92,96,0,+,-33,33
62,62,68,9,97,0,98.5,+,-6,6
61,66,75,25,30,0,0,-,-14,14
60,65,80,10,100,80,90.5,+,-20,20
59,59,96,31,46,0,27.5,+,-37,37
58,64,79,27,80,0,81,-,-21,21
57,55,57,7,62,0,0,-,0,0
56,56,99,39,81,0,75.5,+,-43,43
55,58,100,24,0,0,0,-,-45,45
54,57,98,42,99,54,99.5,-,-44,44
53,52,53,18,45,0,72,-,0,0
52,50,57,20,0,0,0,-,-5,5
51,54,89,34,0,0,0,+,-38,38
50,36,85,5,33,0,83.5,+,-35,35
49,49,49,3,0,0,99,-,0,0
48,33,87,5,0,0,0,+,-39,39
47,42,57,14,6,0,0,+,-10,10
46,48,48,3,0,0,99,-,-2,2
45,38,72,13,24,0,49.5,+,-27,27
44,47,47,12,23,0,8,-,-3,3
43,41,45,29,0,0,0,+,-2,2
42,51,61,18,22,0,0,-,-19,19
41,31,68,15,0,0,0,+,-27,27
40,34,46,13,61,0,66,+,-6,6
39,37,47,10,0,0,36,-,-8,8
38,46,75,19,84,0,91.5,-,-37,37
37,40,41,6,77,66,9,+,-4,4
36,43,43,4,100,80,90.5,-,-7,7
35,29,65,8,74,0,86,+,-30,30
34,44,44,3,97,0,98.5,+,-10,10
33,35,58,7,27,0,40.5,+,-25,25
32,18,80,3,89,0,97,+,-48,48
31,26,40,13,8,0,46,-,-9,9
30,39,39,3,0,0,99,-,-9,9
29,32,32,3,0,0,99,-,-3,3
28,20,34,9,0,0,35.5,+,-6,6
27,21,42,10,3,0,8.5,+,-15,15
26,28,60,20,0,0,0,-,-34,34
25,22,50,9,0,0,0,+,-25,25
24,24,52,18,58,0,76,+,-28,28
23,13,45,4,58,0,76,+,-22,22
22,25,25,3,0,0,99,-,-3,3
21,8,38,4,0,0,0,+,-17,17
20,17,88,2,39,0,90,+,-68,68
19,27,27,3,0,0,99,-,-8,8
18,0,54,1,0,0,0,+,-36,36
17,7,18,3,0,0,0,+,-1,1
16,4,47,4,53,0,28.5,+,-31,31
15,19,19,2,0,0,99,-,-4,4
14,23,23,2,0,0,99,-,-9,9
13,11,17,5,0,0,0,+,-4,4
12,3,15,4,0,0,0,+,-3,3
11,0,72,1,84,0,91.5,+,-61,61
10,14,14,2,94,18,93.5,-,-4,4
9,6,41,5,50,0,92.5,+,-32,32
8,1,78,3,0,0,0,+,-70,70
7,0,39,2,0,0,0,+,-32,32
6,0,99,3,66,0,89,+,-93,93
5,0,5,3,0,0,0,-,0,0
4,10,37,17,0,0,0,-,-33,33
3,15,15,2,0,0,0,+,-12,12
2,0,55,1,0,0,0,+,-53,53
1,0,2,2,0,0,0,-,-1,1
100,100,100,19,99,66,98,+,0,0
99,99,100,5,95,100,0,-,-1,1
98,97,99,9,100,76,90,+,-1,1
97,98,100,17,99,66,98,-,-3,3
96,95,97,14,0,0,0,+,-1,1
95,94,95,11,0,0,0,-,0,0
94,96,98,32,77,0,0,+,-4,4
93,91,96,6,97,92,97,-,-3,3
92,90,97,19,88,82,88.5,+,-5,5
91,93,96,15,0,0,0,+,-5,5
90,92,100,24,75,0,0,-,-10,10
89,89,97,26,0,0,0,+,-8,8
88,88,91,21,91,58,93.5,+,-3,3
87,83,99,37,98,0,100,-,-12,12
86,85,89,6,0,0,0,+,-3,3
85,86,94,13,0,0,0,-,-9,9
84,81,84,7,42,0,0,+,0,0
83,74,84,25,68,0,76,-,-1,1
82,84,90,14,85,94,0,-,-8,8
81,76,98,9,89,90,33.5,-,-17,17
80,49,89,2,0,0,99.5,+,-9,9
79,71,91,13,71,0,82.5,+,-12,12
78,78,100,30,0,0,0,+,-22,22
77,77,93,31,0,0,0,-,-16,16
76,75,97,47,52,0,55.5,+,-21,21
75,82,95,25,62,0,50,+,-20,20
74,87,100,47,0,0,0,+,-26,26
73,80,80,16,0,0,0,-,-7,7
72,79,88,2,83,44,0,+,-16,16
71,73,80,15,0,0,0,-,-9,9
70,70,71,8,39,0,0,+,-1,1
69,68,73,11,0,0,0,+,-4,4
68,60,93,13,0,0,0,+,-25,25
67,65,71,9,90,0,94,+,-4,4
66,69,75,24,33,0,0,-,-9,9
65,67,80,9,100,76,90,-,-15,15
64,72,79,26,80,0,80,-,-15,15
63,63,99,52,91,58,93.5,+,-36,36
62,57,68,8,98,0,100,+,-6,6
61,62,74,11,0,0,0,+,-13,13
60,54,96,9,38,0,70.5,+,-36,36
59,66,96,30,54,0,39.5,+,-37,37
58,64,100,23,0,0,0,-,-42,42
57,59,98,41,99,66,98,-,-41,41
56,56,99,38,81,22,75,+,-43,43
55,45,57,6,57,0,0,+,-2,2
54,58,89,33,0,0,0,-,-35,35
53,52,96,3,87,86,0,+,-43,43
52,48,53,17,49,0,78.5,+,-1,1
51,61,61,17,31,0,0,-,-10,10
50,51,57,19,0,0,0,+,-7,7
49,26,49,2,0,0,99.5,+,0,0
48,31,48,2,0,0,99.5,-,0,0
47,46,47,11,28,0,19,-,0,0
46,50,75,18,79,0,89,-,-29,29
45,0,45,1,72,0,58.5,-,0,0
44,40,44,2,98,0,100,-,0,0
43,42,43,3,100,76,90,-,0,0
42,37,57,13,7,0,18,+,-15,15
41,43,45,28,0,0,0,+,-4,4
40,24,41,5,67,50,12,-,-1,1
39,20,39,2,0,0,99.5,-,0,0
38,35,72,12,19,0,41.5,+,-34,34
37,41,47,9,0,0,40,+,-10,10
36,36,85,4,25,0,84,+,-49,49
35,38,58,6,34,0,44.5,-,-23,23
34,34,46,12,60,0,69,+,-12,12
33,28,87,4,0,0,0,+,-54,54
32,15,32,2,0,0,99.5,-,0,0
31,32,68,14,2,0,0,+,-37,37
30,0,30,1,86,52,85,-,0,0
29,27,65,7,74,0,84.5,+,-36,36
28,44,60,19,0,0,0,-,-32,32
27,16,27,2,0,0,99.5,-,0,0
26,29,40,12,4,0,37.5,+,-14,14
25,12,25,2,0,0,99.5,-,0,0
24,33,52,17,51,0,77,+,-28,28
23,0,23,1,0,0,99.5,-,0,0
22,21,50,8,0,0,0,+,-28,28
21,22,42,9,1,0,21,+,-21,21
20,19,34,8,0,0,30,+,-14,14
19,0,19,1,0,0,99.5,-,0,0
18,9,80,2,94,0,97.5,+,-62,62
17,0,88,1,66,0,95,+,-71,71
16,47,47,2,89,90,33.5,-,-31,31
15,0,15,1,0,0,0,-,0,0
14,0,14,1,96,0,92,-,0,0
13,8,45,3,51,0,77,+,-32,32
12,23,34,8,10,68,0,-,-22,22
11,7,17,4,0,0,0,+,-6,6
10,25,37,16,0,0,0,-,-27,27
9,13,13,2,100,76,90,-,-4,4
8,5,38,3,0,0,0,+,-30,30
7,6,18,2,0,0,0,+,-11,11
6,0,41,4,47,0,91,+,-35,35
5,0,53,1,0,0,0,-,-48,48
4,14,47,3,48,0,30.5,+,-43,43
3,10,15,3,0,0,0,+,-12,12
2,18,75,20,90,0,94,-,-73,73
1,0,78,2,0,0,0,+,-77,77
100,100,100,18,98,56,99,+,0,0
99,99,100,4,95,100,0,+,-1,1
98,98,100,16,98,56,99,-,-2,2
97,92,99,8,100,88,91.5,+,-2,2
96,97,98,31,80,0,0,-,-2,2
95,94,97,13,0,0,0,+,-2,2
94,95,95,10,0,0,0,+,-1,1
93,96,96,14,0,0,0,-,-3,3
92,93,100,23,79,0,0,-,-8,8
91,88,96,5,97,94,96.5,+,-5,5
90,89,97,18,86,86,90,+,-7,7
89,91,97,25,0,0,0,+,-8,8
88,90,91,20,92,64,94,+,-3,3
87,74,100,46,0,0,0,-,-13,13
86,86,94,12,0,0,0,-,-8,8
85,85,89,5,0,0,0,+,-4,4
84,87,90,13,85,90,0,-,-6,6
83,84,99,36,94,0,0,+,-16,16
82,83,95,24,71,0,60.5,-,-13,13
81,80,84,6,41,0,0,+,-3,3
80,79,80,15,0,0,0,-,0,0
79,0,88,1,84,58,0,-,-9,9
78,78,100,29,0,0,0,+,-22,22
77,82,93,30,0,0,0,+,-16,16
76,77,98,8,93,98,40,+,-22,22
75,81,97,46,57,0,60,+,-22,22
74,73,84,24,59,0,75,+,-10,10
73,75,80,14,0,0,0,-,-7,7
72,76,79,25,81,0,84,-,-7,7
71,67,91,12,60,0,80.5,+,-20,20
70,71,71,7,38,0,0,+,-1,1
69,70,75,23,40,0,0,-,-6,6
68,54,73,10,0,0,0,+,-5,5
67,68,80,8,100,88,91.5,-,-13,13
66,69,96,29,65,0,55.5,-,-30,30
65,61,71,8,91,0,96,+,-6,6
64,72,100,22,0,0,0,-,-36,36
63,64,99,51,92,64,94,+,-36,36
62,55,74,10,0,0,0,-,-12,12
61,60,61,16,45,0,0,-,0,0
60,56,93,12,0,0,0,+,-33,33
59,65,98,40,98,56,99,-,-39,39
58,66,89,32,0,0,0,-,-31,31
57,51,68,7,94,0,0,+,-11,11
56,52,99,37,77,16,74.5,+,-43,43
55,62,79,21,0,0,0,-,-24,24
54,46,96,8,26,0,73.5,+,-42,42
53,63,92,31,27,0,27,-,-39,39
52,58,96,2,89,92,0,+,-44,44
51,50,57,18,0,0,0,-,-6,6
50,57,75,17,78,0,90.5,-,-25,25
49,0,89,1,0,0,100,+,-40,40
48,49,53,16,54,0,86.5,+,-5,5
47,0,47,1,93,98,40,-,0,0
46,47,47,10,32,0,22,+,-1,1
45,45,57,5,53,0,0,+,-12,12
44,59,60,18,18,0,0,-,-16,16
43,44,45,27,0,0,0,-,-2,2
42,35,43,2,100,88,91.5,+,-1,1
41,43,47,8,7,0,59.5,-,-6,6
40,0,44,1,94,0,0,+,-4,4
39,48,65,20,68,0,0,-,-26,26
38,36,58,5,36,0,46.5,-,-20,20
37,39,57,12,11,0,17.5,+,-20,20
36,28,85,3,35,0,89.5,+,-49,49
35,41,72,11,17,0,43.5,+,-37,37
34,38,46,11,61,0,71.5,+,-12,12
33,42,52,16,49,0,75.5,-,-19,19
32,32,68,13,0,0,0,-,-36,36
31,0,48,1,0,0,100,+,-17,17
30,0,30,1,0,0,0,-,0,0
29,40,40,11,4,0,47.5,-,-11,11
28,30,87,3,0,0,0,+,-59,59
27,31,65,6,76,0,86,+,-38,38
26,0,49,1,0,0,100,+,-23,23
25,34,37,15,0,0,3,-,-12,12
24,23,41,4,74,68,11,+,-17,17
23,33,34,7,19,70,0,-,-11,11
22,27,42,8,8,0,23,-,-20,20
21,26,50,7,0,0,0,+,-29,29
20,0,39,1,0,0,100,+,-19,19
19,25,34,7,0,0,28,+,-15,15
18,29,75,19,91,0,96,-,-57,57
17,0,80,1,85,90,0,-,-63,63
16,0,27,1,0,0,100,+,-11,11
15,0,32,1,0,0,100,+,-17,17
14,15,47,2,50,0,32.5,-,-33,33
13,0,13,1,100,88,91.5,-,0,0
12,0,25,1,0,0,100,+,-13,13
11,0,11,1,0,0,0,-,0,0
10,14,15,2,0,0,0,-,-5,5
9,0,80,1,68,0,0,+,-71,71
8,1,45,2,49,0,75.5,+,-37,37
7,7,17,3,0,0,0,+,-10,10
6,0,18,1,0,0,0,+,-12,12
5,16,38,2,0,0,0,+,-33,33
4,37,58,14,0,0,0,-,-54,54
3,20,20,14,46,0,67.5,-,-17,17
2,0,2,1,0,0,0,-,0,0
1,17,61,13,0,0,0,-,-60,60
100,99,100,17,100,64,100,+,0,0
99,98,100,3,97,100,0,+,-1,1
98,100,100,15,100,64,100,+,-2,2
97,97,98,30,81,0,0,-,-1,1
96,94,96,13,0,0,0,-,0,0
95,92,95,9,0,0,0,-,0,0
94,93,97,12,0,0,0,+,-3,3
93,96,100,22,82,0,0,-,-7,7
92,85,99,7,99,84,92,+,-7,7
91,95,97,24,0,0,0,-,-6,6
90,91,91,19,95,62,96,-,-1,1
89,87,97,17,89,90,91.5,+,-8,8
88,89,96,4,98,96,98,+,-8,8
87,90,90,12,85,94,0,-,-3,3
86,86,94,11,0,0,0,+,-8,8
85,79,89,4,0,0,0,+,-4,4
84,83,99,35,96,0,0,-,-15,15
83,84,95,23,78,0,70.5,-,-12,12
82,88,93,29,0,0,0,-,-11,11
81,82,97,45,61,0,62.5,-,-16,16
80,81,84,5,45,0,0,+,-4,4
79,78,80,14,0,0,0,+,-1,1
78,80,100,28,0,0,0,+,-22,22
77,77,98,7,84,80,46.5,-,-21,21
76,75,79,24,86,0,87,-,-3,3
75,73,80,13,0,0,0,-,-5,5
74,74,100,45,0,0,0,+,-26,26
73,64,84,23,53,0,76,+,-11,11
72,76,100,21,0,0,0,-,-28,28
71,65,71,6,41,0,0,-,0,0
70,72,75,22,28,0,0,-,-5,5
69,70,96,28,68,0,66,-,-27,27
68,62,80,7,99,84,92,-,-12,12
67,55,91,11,59,0,82.5,+,-24,24
66,71,89,31,0,0,0,-,-23,23
65,67,98,39,100,64,100,-,-33,33
64,69,99,50,95,62,96,-,-35,35
63,63,92,30,40,0,50.5,-,-29,29
62,68,79,20,0,0,0,-,-17,17
61,52,71,7,94,0,97.5,+,-10,10
60,57,61,15,33,0,0,+,-1,1
59,59,60,17,24,0,0,-,-1,1
58,0,96,1,91,92,0,-,-38,38
57,66,75,16,80,0,93,-,-18,18
56,51,93,11,0,0,0,+,-37,37
55,56,74,9,0,0,0,+,-19,19
54,53,73,9,0,0,0,+,-19,19
53,61,88,37,0,0,0,-,-35,35
52,60,99,36,79,8,77,+,-47,47
51,54,68,6,96,0,0,+,-17,17
50,50,57,17,0,0,0,+,-7,7
49,49,53,15,92,0,99,-,-4,4
48,58,65,19,35,0,0,-,-17,17
47,46,47,9,23,0,31.5,-,0,0
46,43,96,7,16,0,71.5,+,-50,50
45,41,57,4,51,14,0,+,-12,12
44,45,45,26,0,0,0,-,-1,1
43,47,47,7,18,0,74.5,-,-4,4
42,48,52,15,49,0,80,-,-10,10
41,42,72,10,13,0,48.5,-,-31,31
40,39,40,10,17,0,64.5,-,0,0
39,34,57,11,3,0,21,-,-18,18
38,35,46,10,71,0,80.5,-,-8,8
37,44,58,13,0,0,0,-,-21,21
36,30,58,4,32,0,52,+,-22,22
35,0,43,1,99,84,92,+,-8,8
34,37,37,14,0,0,11,-,-3,3
33,32,34,6,0,40,0,-,-1,1
32,28,68,12,0,0,0,+,-36,36
31,25,65,5,77,0,87.5,-,-34,34
30,17,87,2,0,0,0,-,-57,57
29,38,75,18,94,0,97.5,-,-46,46
28,26,85,2,58,0,94,+,-57,57
27,23,42,7,6,0,40,-,-15,15
26,20,50,6,0,0,0,-,-24,24
25,15,34,6,0,0,42,-,-9,9
24,29,41,3,100,64,100,-,-17,17
23,14,41,3,75,82,32.5,+,-18,18
22,31,47,3,100,64,100,-,-25,25
21,36,46,16,0,0,0,-,-25,25
20,19,20,13,56,0,75,-,0,0
19,40,79,9,38,86,30.5,-,-60,60
18,11,18,3,26,0,60,-,0,0
17,13,61,12,0,0,0,-,-44,44
16,0,38,1,0,0,0,-,-22,22
15,0,47,1,55,0,38,-,-32,32
14,0,15,1,0,0,0,-,-1,1
13,0,15,1,25,0,88,-,-2,2
12,8,27,13,0,0,0,-,-15,15
11,9,19,7,0,0,0,-,-8,8
10,33,50,10,0,12,69.5,-,-40,40
9,0,9,1,0,0,0,-,0,0
8,12,61,17,64,0,82,-,-53,53
7,3,17,2,0,0,0,+,-10,10
6,4,41,3,57,0,94.5,-,-35,35
5,24,54,3,0,0,0,-,-49,49
4,0,78,1,0,0,0,-,-74,74
3,10,10,3,0,0,0,-,-7,7
2,0,5,2,0,0,0,-,-3,3
1,0,45,1,49,0,80,+,-44,44
100,99,100,14,100,70,100,-,0,0
99,98,100,16,100,70,100,+,-1,1
98,100,100,2,97,100,0,+,-2,2
97,97,98,29,87,0,0,+,-1,1
96,96,100,21,85,0,0,-,-4,4
95,95,97,23,0,0,0,-,-2,2
94,94,96,12,0,0,0,+,-2,2
93,93,97,11,0,0,0,+,-4,4
92,92,95,8,0,0,0,+,-3,3
91,89,91,18,92,54,96,-,0,0
90,90,90,11,82,90,0,-,0,0
89,86,96,3,99,98,97,-,-7,7
88,91,93,28,0,0,0,-,-5,5
87,82,97,16,89,88,92,+,-10,10
86,85,94,10,0,0,0,+,-8,8
85,79,99,6,96,76,91.5,+,-14,14
84,88,95,22,76,0,77,-,-11,11
83,87,99,34,94,0,0,+,-16,16
82,84,97,44,67,0,73,-,-15,15
81,77,81,4,43,0,0,-,0,0
80,81,100,27,0,0,0,-,-20,20
79,83,89,3,0,0,0,+,-10,10
78,75,80,13,0,0,0,+,-2,2
77,78,98,6,83,82,54.5,+,-21,21
76,80,100,20,0,0,0,-,-24,24
75,74,79,23,86,0,89,+,-4,4
74,76,100,44,0,0,0,+,-26,26
73,73,80,12,0,0,0,+,-7,7
72,70,75,21,32,0,0,-,-3,3
71,72,89,30,0,0,0,-,-18,18
70,69,96,27,75,0,74,-,-26,26
69,67,99,49,92,54,96,-,-30,30
68,71,79,19,0,0,0,-,-11,11
67,64,98,38,100,70,100,-,-31,31
66,68,75,15,81,0,94,-,-9,9
65,57,71,5,31,0,0,+,-6,6
64,61,84,22,40,0,75,+,-20,20
63,66,92,29,35,0,54,+,-29,29
62,62,80,6,96,76,91.5,+,-18,18
61,63,88,36,0,0,0,-,-27,27
60,65,99,35,79,0,80,-,-39,39
59,56,60,16,25,0,0,+,-1,1
58,55,65,18,45,0,0,-,-7,7
57,60,61,14,37,0,0,+,-4,4
56,46,74,8,0,0,0,-,-18,18
55,51,91,10,48,0,82,+,-36,36
54,59,68,5,94,0,0,-,-14,14
53,49,73,8,0,0,0,+,-20,20
52,53,71,6,93,0,97.5,+,-19,19
51,48,93,10,0,0,0,+,-42,42
50,52,57,16,0,0,0,+,-7,7
49,42,53,14,38,0,0,+,-4,4
48,45,52,14,56,0,80.5,-,-4,4
47,33,47,6,49,0,90.5,-,0,0
46,38,47,8,30,0,40.5,+,-1,1
45,36,45,25,0,0,0,-,0,0
44,44,58,12,0,0,0,-,-14,14
43,35,96,6,11,0,73.5,+,-53,53
42,34,72,9,7,0,50,-,-30,30
41,31,57,3,41,0,2,+,-16,16
40,43,79,8,53,84,46.5,-,-39,39
39,32,40,9,27,0,79,+,-1,1
38,37,75,17,93,0,97.5,-,-37,37
37,29,37,13,0,0,16.5,-,0,0
36,40,46,15,0,0,0,-,-10,10
35,28,46,9,68,0,78.5,+,-11,11
34,26,57,10,0,0,18.5,+,-23,23
33,50,50,9,23,0,85.5,-,-17,17
32,27,34,5,15,66,0,+,-2,2
31,47,47,2,100,70,100,-,-16,16
30,25,58,3,20,0,59.5,+,-28,28
29,41,41,2,100,70,100,-,-12,12
28,23,68,11,0,0,0,+,-40,40
27,30,37,14,0,0,0,-,-10,10
26,0,85,1,95,0,99,+,-59,59
25,9,65,4,77,0,88.5,+,-40,40
24,54,54,2,0,0,0,-,-30,30
23,13,42,6,13,0,43,+,-19,19
22,39,39,2,100,70,100,-,-17,17
21,21,63,6,0,0,0,-,-42,42
20,7,50,5,0,0,0,+,-30,30
19,17,20,12,55,0,77.5,+,-1,1
18,0,18,1,0,0,0,-,0,0
17,0,87,1,0,0,0,+,-70,70
16,15,30,11,0,0,0,-,-14,14
15,5,34,5,0,0,42.5,+,-19,19
14,0,41,2,66,80,12,+,-27,27
13,14,61,11,0,0,0,+,-48,48
12,18,61,16,64,0,82.5,-,-49,49
11,0,18,2,24,0,62,+,-7,7
10,8,10,2,0,0,0,-,0,0
9,10,19,6,0,0,0,+,-10,10
8,2,27,12,0,0,0,+,-19,19
7,19,19,10,0,0,0,-,-12,12
6,20,35,7,75,0,74,-,-29,29
5,12,37,6,0,0,0,-,-32,32
4,4,41,2,78,0,96.5,+,-37,37
3,0,17,1,0,0,0,+,-14,14
2,22,22,2,100,70,100,-,-20,20
1,3,70,17,71,64,86,-,-69,69
100,0,100,1,99,100,0,-,0,0
99,100,100,13,100,76,100,+,-1,1
98,97,100,15,100,76,100,+,-2,2
97,98,98,28,91,0,0,+,-1,1
96,99,100,20,90,0,0,+,-4,4
95,96,97,22,0,0,0,+,-2,2
94,95,96,11,0,0,0,+,-2,2
93,94,97,10,0,0,0,+,-4,4
92,93,95,7,0,0,0,+,-3,3
91,88,93,27,0,0,0,-,-2,2
90,84,90,10,92,92,0,+,0,0
89,89,91,17,93,54,97.5,+,-2,2
88,91,95,21,78,0,79,-,-7,7
87,92,99,33,94,0,0,-,-12,12
86,0,96,2,98,98,98.5,+,-10,10
85,90,94,9,0,0,0,+,-9,9
84,85,97,43,71,0,75.5,-,-13,13
83,7,89,2,0,0,0,-,-6,6
82,81,97,15,86,78,91.5,+,-15,15
81,86,100,26,0,0,0,-,-19,19
80,83,100,19,0,0,0,-,-20,20
79,72,99,5,96,60,93.5,+,-20,20
78,87,98,5,88,84,52,-,-20,20
77,78,81,3,30,0,0,+,-4,4
76,82,100,43,0,0,0,-,-24,24
75,75,80,12,0,0,0,+,-5,5
74,79,79,22,89,0,90.5,+,-5,5
73,70,80,11,0,0,0,+,-7,7
72,80,89,29,0,0,0,-,-17,17
71,76,79,18,0,0,0,-,-8,8
70,71,75,20,35,0,0,+,-5,5
69,77,96,26,76,0,78,+,-27,27
68,73,75,14,87,0,94.5,-,-7,7
67,67,99,48,93,54,97.5,+,-32,32
66,74,92,28,45,0,51.5,-,-26,26
65,68,99,34,83,4,84,-,-34,34
64,64,98,37,100,76,100,+,-34,34
63,69,88,35,0,0,0,-,-25,25
62,62,80,5,96,60,93.5,+,-18,18
61,65,84,21,37,0,70.5,+,-23,23
60,59,61,13,40,0,0,-,-1,1
59,63,68,4,94,0,0,-,-9,9
58,66,93,24,0,0,0,-,-35,35
57,49,71,4,25,0,0,+,-14,14
56,60,60,15,27,0,0,+,-4,4
55,61,65,17,36,0,0,+,-10,10
54,0,54,1,0,0,0,-,0,0
53,48,71,5,95,0,99,-,-18,18
52,57,57,15,0,0,0,-,-5,5
51,44,91,9,38,0,79.5,+,-40,40
50,26,50,8,63,0,92,-,0,0
49,42,73,7,0,0,0,+,-24,24
48,50,93,9,0,0,0,+,-45,45
47,0,47,1,100,76,100,-,0,0
46,45,74,7,0,0,0,+,-28,28
45,52,52,13,48,0,80.5,+,-7,7
44,55,58,11,0,0,0,+,-14,14
43,54,79,7,84,94,45,-,-36,36
42,47,53,13,20,0,0,+,-11,11
41,0,41,1,100,76,100,-,0,0
40,46,46,14,12,0,0,-,-6,6
39,0,39,1,100,76,100,-,0,0
38,41,47,7,39,0,54,+,-9,9
37,51,75,16,95,0,99,+,-38,38
36,33,36,24,0,0,0,-,0,0
35,39,96,5,31,0,85,+,-61,61
34,38,72,8,9,0,49.5,+,-38,38
33,32,47,5,0,0,0,+,-14,14
32,24,40,8,75,0,97,+,-8,8
31,14,57,2,46,0,11.5,+,-26,26
30,37,37,13,0,0,0,-,-7,7
29,27,37,12,0,0,22,+,-8,8
28,28,46,8,70,0,82.5,+,-18,18
27,34,34,4,10,50,0,+,-7,7
26,25,57,9,0,0,23,+,-31,31
25,58,58,2,33,0,56,+,-33,33
24,0,24,1,77,0,65,-,0,0
23,21,68,10,0,0,0,+,-45,45
22,0,22,1,100,76,100,-,0,0
21,35,63,5,0,0,0,+,-42,42
20,23,35,6,76,0,78,-,-15,15
19,11,19,9,0,0,0,-,0,0
18,31,61,15,69,0,87,-,-43,43
17,12,20,11,62,0,83.5,+,-3,3
16,0,16,1,0,0,0,-,0,0
15,19,30,10,0,0,0,+,-15,15
14,22,61,10,0,0,0,-,-47,47
13,17,42,5,16,0,44,+,-29,29
12,18,37,5,0,0,0,-,-25,25
11,30,46,15,0,0,0,-,-35,35
10,8,19,5,0,0,0,-,-9,9
9,10,65,3,74,0,89,+,-56,56
8,0,10,1,0,0,0,+,-2,2
7,13,50,4,0,0,0,+,-43,43
6,0,6,1,84,94,45,-,0,0
5,9,34,4,0,0,42.5,+,-29,29
4,0,41,1,97,0,99.5,+,-37,37
3,0,70,16,85,88,88.5,-,-67,67
2,15,27,11,0,0,0,+,-25,25
1,0,89,1,100,76,100,-,-88,88
100,99,100,12,100,82,69.5,-,0,0
99,100,100,19,90,0,0,-,-1,1
98,98,98,27,87,0,0,-,0,0
97,96,100,14,100,82,69.5,+,-3,3
96,97,97,21,0,0,0,-,-1,1
95,95,96,10,0,0,0,-,-1,1
94,93,97,9,0,0,0,-,-3,3
93,85,95,6,0,0,0,-,-2,2
92,92,99,32,95,0,0,-,-7,7
91,94,95,20,76,0,77.5,-,-4,4
90,90,94,8,0,0,0,-,-4,4
89,86,91,16,94,64,98,+,-2,2
88,87,93,26,0,0,0,+,-5,5
87,70,98,4,91,84,60,-,-11,11
86,88,100,25,0,0,0,-,-14,14
85,91,97,42,73,0,76.5,-,-12,12
84,84,90,9,80,88,0,+,-6,6
83,89,100,18,0,0,0,-,-17,17
82,83,100,42,0,0,0,-,-18,18
81,69,97,14,84,80,88.5,+,-16,16
80,82,89,28,0,0,0,-,-9,9
79,78,79,21,89,0,90.5,-,0,0
78,60,81,2,31,0,0,-,-3,3
77,81,96,25,77,0,79.5,-,-19,19
76,79,79,17,0,0,0,-,-3,3
75,76,80,11,0,0,0,+,-5,5
74,80,92,27,48,0,66.5,-,-18,18
73,75,75,13,88,0,95,-,-2,2
72,67,99,4,97,54,93.5,+,-27,27
71,73,75,19,41,0,0,-,-4,4
70,54,80,10,0,0,0,+,-10,10
69,77,88,34,0,0,0,-,-19,19
68,72,99,33,82,0,83,-,-31,31
67,71,99,47,94,64,98,+,-32,32
66,74,93,23,0,0,0,-,-27,27
65,64,84,20,45,0,79,-,-19,19
64,68,98,36,100,82,69.5,+,-34,34
63,61,68,3,95,0,0,-,-5,5
62,66,80,4,97,54,93.5,+,-18,18
61,65,65,16,42,0,0,-,-4,4
60,57,60,14,25,0,0,-,0,0
59,53,61,12,35,0,0,+,-2,2
58,0,58,1,64,0,55.5,-,0,0
57,50,57,14,0,0,0,-,0,0
56,56,86,23,52,70,0,-,-30,30
55,58,58,10,0,0,0,-,-3,3
54,59,79,6,85,98,49,-,-25,25
53,55,98,34,34,10,0,-,-45,45
52,48,52,12,47,0,80,-,0,0
51,62,75,15,99,0,99.5,-,-24,24
50,44,93,8,0,0,0,-,-43,43
49,27,71,3,10,0,0,+,-22,22
48,39,71,4,99,0,99.5,+,-23,23
47,43,53,12,20,0,0,-,-6,6
46,42,46,13,0,0,0,-,0,0
45,40,74,6,0,0,0,+,-29,29
44,34,91,8,28,0,72.5,+,-47,47
43,49,92,20,0,0,0,-,-49,49
42,16,73,6,0,0,0,+,-31,31
41,32,47,6,38,0,51.5,-,-6,6
40,63,63,2,86,0,96,-,-23,23
39,22,96,4,8,0,63.5,-,-57,57
38,31,72,7,0,0,46.5,-,-34,34
37,35,37,12,0,0,0,-,0,0
36,51,51,2,0,0,21,-,-15,15
35,41,63,4,0,0,0,-,-28,28
34,33,34,3,14,68,0,-,0,0
33,29,36,23,0,0,0,+,-3,3
32,30,47,4,0,0,0,+,-15,15
31,46,61,14,75,0,90,-,-30,30
30,45,46,14,0,0,0,-,-16,16
29,38,58,20,0,0,0,-,-29,29
28,23,46,7,69,0,82.5,+,-18,18
27,24,37,11,0,0,22.5,+,-10,10
26,37,50,7,15,0,74,+,-24,24
25,20,57,8,0,0,26.5,+,-32,32
24,26,40,7,0,0,0,+,-16,16
23,28,35,5,77,0,79.5,-,-12,12
22,21,61,9,0,0,0,-,-39,39
21,17,68,9,0,0,0,+,-47,47
20,19,63,20,46,0,44,-,-43,43
19,14,30,9,0,0,0,-,-11,11
18,18,37,4,0,0,0,-,-19,19
17,11,42,4,3,0,43.5,-,-25,25
16,25,46,14,0,0,41,-,-30,30
15,13,27,10,0,0,0,+,-12,12
14,0,57,1,39,0,0,+,-43,43
13,6,50,3,0,0,0,-,-37,37
12,7,20,10,60,0,80.5,+,-8,8
11,9,19,8,0,0,0,+,-8,8
10,0,65,2,71,0,87,-,-55,55
9,4,34,3,0,0,42.5,-,-25,25
8,3,19,4,0,0,0,+,-11,11
7,0,89,1,0,0,0,+,-82,82
6,10,57,18,9,0,70.5,-,-51,51
5,0,41,1,59,74,11,-,-36,36
4,36,50,3,33,2,70,-,-46,46
3,0,18,1,27,0,56,-,-15,15
2,0,5,1,0,0,0,-,-3,3
1,0,1,1,81,0,98.5,-,0,0
100,100,100,18,92,0,0,-,0,0
99,99,100,11,98,70,57,+,-1,1
98,98,98,26,83,0,0,+,0,0
97,97,97,20,0,0,0,-,0,0
96,96,100,13,98,70,57,+,-4,4
95,91,96,9,0,0,0,+,-1,1
94,95,95,19,81,0,85,-,-1,1
93,88,97,8,0,0,0,+,-4,4
92,94,99,31,95,0,0,+,-7,7
91,87,97,41,75,0,78.5,-,-6,6
90,93,94,7,0,0,0,+,-4,4
89,92,100,17,0,0,0,-,-11,11
88,90,100,24,0,0,0,-,-12,12
87,89,93,25,0,0,0,+,-6,6
86,86,91,15,100,30,99.5,+,-5,5
85,76,95,5,0,0,0,+,-10,10
84,85,90,8,86,92,0,+,-6,6
83,84,100,41,0,0,0,-,-17,17
82,83,89,27,0,0,0,-,-7,7
81,81,96,24,85,0,87,-,-15,15
80,82,92,26,58,0,72,-,-12,12
79,78,79,16,0,0,0,-,0,0
78,77,79,20,91,0,91.5,+,-1,1
77,80,88,33,0,0,0,-,-11,11
76,71,80,10,0,0,0,-,-4,4
75,73,75,12,90,0,95.5,-,0,0
74,79,93,22,0,0,0,-,-19,19
73,72,75,18,48,0,0,-,-2,2
72,74,99,32,87,0,86.5,-,-27,27
71,70,99,46,100,30,99.5,-,-28,28
70,75,98,3,88,96,52.5,+,-28,28
69,66,97,13,80,84,91,+,-28,28
68,67,98,35,98,70,57,-,-30,30
67,44,99,3,96,58,93.5,+,-32,32
66,69,80,3,96,58,93.5,-,-14,14
65,62,65,15,42,0,0,-,0,0
64,56,84,19,40,0,75.5,+,-20,20
63,0,63,1,94,0,98.5,-,0,0
62,64,75,14,99,0,100,-,-13,13
61,68,68,2,95,0,0,+,-7,7
60,0,81,1,0,0,0,+,-21,21
59,60,79,5,82,90,50,-,-20,20
58,51,58,9,0,0,0,-,0,0
57,54,60,13,20,0,0,+,-3,3
56,65,86,22,55,60,0,+,-30,30
55,63,98,33,39,16,0,-,-43,43
54,59,80,9,0,0,0,+,-26,26
53,52,61,11,29,0,0,+,-8,8
52,57,89,30,37,0,53.5,-,-37,37
51,0,51,1,44,0,84.5,-,0,0
50,49,57,13,0,0,0,+,-7,7
49,55,92,19,0,0,0,-,-43,43
48,47,52,11,52,0,79.5,+,-4,4
47,48,50,22,60,0,86,-,-3,3
46,61,61,13,76,0,89,-,-15,15
45,46,46,13,0,0,0,-,-1,1
44,39,93,7,0,0,0,+,-49,49
43,40,53,11,7,0,0,+,-10,10
42,45,46,12,1,0,0,+,-4,4
41,53,63,3,0,0,0,-,-22,22
40,41,74,5,0,0,0,+,-34,34
39,38,71,3,99,0,100,+,-32,32
38,42,58,19,0,0,0,-,-20,20
37,37,50,6,22,0,76.5,-,-13,13
36,50,50,2,46,42,63.5,-,-14,14
35,31,37,11,0,0,0,+,-2,2
34,30,91,7,15,0,68,+,-57,57
33,2,34,2,21,72,0,+,-1,1
32,32,47,5,36,0,49.5,+,-15,15
31,36,72,6,0,0,44,+,-41,41
30,19,47,3,0,0,0,+,-17,17
29,28,36,22,0,0,0,+,-7,7
28,35,35,4,85,0,87,-,-7,7
27,5,71,2,0,0,0,+,-44,44
26,34,40,6,0,0,0,-,-14,14
25,43,46,13,0,0,54.5,-,-21,21
24,26,37,10,0,0,22.5,+,-13,13
23,24,46,6,67,0,80.5,+,-23,23
22,16,96,3,0,0,0,+,-74,74
21,33,61,8,0,0,0,+,-40,40
20,21,57,7,0,0,26.5,+,-37,37
19,29,63,19,51,0,47,+,-44,44
18,13,37,3,0,0,0,+,-19,19
17,20,68,8,0,0,0,+,-51,51
16,14,73,5,0,0,0,+,-57,57
15,0,39,1,0,0,0,-,-24,24
14,23,30,8,0,0,0,+,-16,16
13,17,27,9,0,0,0,+,-14,14
12,15,40,20,66,0,88,-,-28,28
11,8,42,3,3,0,42,+,-31,31
10,25,57,17,11,0,67.5,-,-47,47
9,9,19,7,0,0,0,+,-10,10
8,22,55,18,41,0,65.5,-,-47,47
7,12,20,9,64,0,84,+,-13,13
6,4,50,2,0,0,0,+,-44,44
5,27,61,15,0,0,0,-,-56,56
4,3,34,2,0,0,45.5,+,-30,30
3,11,19,3,0,0,0,+,-16,16
2,10,33,15,0,0,0,-,-31,31
1,0,1,1,82,90,50,-,0,0
100,99,100,17,93,0,0,+,0,0
99,100,100,10,98,44,55.5,+,-1,1
98,97,98,25,90,0,0,+,0,0
97,96,97,19,0,0,0,+,0,0
96,90,100,12,98,44,55.5,+,-4,4
95,94,95,18,82,0,83,-,0,0
94,92,99,30,96,0,0,-,-5,5
93,91,94,6,0,0,0,-,-1,1
92,95,100,16,0,0,0,-,-8,8
91,88,96,8,0,0,0,+,-5,5
90,93,100,23,0,0,0,-,-10,10
89,89,93,24,0,0,0,-,-4,4
88,84,97,7,0,0,0,+,-9,9
87,87,97,40,76,0,76.5,+,-10,10
86,82,91,14,94,64,97.5,+,-5,5
85,81,90,7,81,86,0,-,-5,5
84,85,100,40,0,0,0,-,-16,16
83,86,89,26,0,0,0,-,-6,6
82,83,92,25,67,0,81,-,-10,10
81,76,96,23,87,0,89,+,-15,15
80,78,88,32,0,0,0,-,-8,8
79,79,93,21,0,0,0,-,-14,14
78,77,79,15,0,0,0,+,-1,1
77,75,79,19,92,6,93.5,+,-2,2
76,66,95,4,0,0,0,+,-19,19
75,98,98,2,88,84,62.5,-,-23,23
74,74,99,31,89,0,87.5,-,-25,25
73,70,75,11,91,0,96,+,-2,2
72,72,75,17,42,0,0,+,-3,3
71,73,80,9,0,0,0,+,-9,9
70,71,99,45,94,64,97.5,+,-29,29
69,80,80,2,95,62,95.5,-,-11,11
68,0,68,1,96,0,0,-,0,0
67,69,98,34,98,44,55.5,+,-31,31
66,59,97,12,79,88,92,+,-31,31
65,68,86,21,55,58,0,-,-21,21
64,64,75,13,100,36,100,-,-11,11
63,65,98,32,46,0,0,-,-35,35
62,60,65,14,43,0,0,+,-3,3
61,57,61,12,80,0,92.5,-,0,0
60,67,79,4,75,94,49.5,-,-19,19
59,58,80,8,0,0,0,-,-21,21
58,61,88,21,0,0,0,-,-30,30
57,62,89,29,41,0,61,-,-32,32
56,48,84,18,33,0,74,+,-28,28
55,55,92,18,0,0,0,-,-37,37
54,53,60,12,26,0,0,+,-6,6
53,63,63,2,0,0,0,-,-10,10
52,51,61,10,45,0,0,+,-9,9
51,54,58,8,0,0,0,+,-7,7
50,0,50,1,57,42,62,-,0,0
49,47,57,12,0,0,0,+,-8,8
48,50,50,21,59,0,88.5,-,-2,2
47,49,52,10,53,0,80,+,-5,5
46,43,46,12,6,0,0,-,0,0
45,40,46,11,8,0,0,-,-1,1
44,35,99,2,95,62,95.5,+,-55,55
43,45,46,12,44,0,90,-,-3,3
42,46,58,18,0,0,0,-,-16,16
41,32,74,4,0,0,0,-,-33,33
40,42,53,10,16,0,0,+,-13,13
39,36,93,6,0,0,0,+,-54,54
38,0,71,2,100,36,100,+,-33,33
37,34,50,5,28,8,77,+,-13,13
36,25,72,5,4,0,43.5,-,-36,36
35,21,35,3,87,0,89,-,0,0
34,24,40,5,0,0,0,-,-6,6
33,44,61,7,0,0,0,-,-28,28
32,22,47,4,34,0,53,+,-15,15
31,27,37,10,0,0,0,+,-6,6
30,33,91,6,13,0,65.5,+,-61,61
29,31,63,18,52,0,51.5,-,-34,34
28,26,36,21,0,0,0,+,-8,8
27,38,61,14,0,0,0,-,-34,34
26,29,37,9,0,0,27,-,-11,11
25,41,57,16,27,0,72,-,-32,32
24,14,46,5,70,0,80.5,-,-22,22
23,30,30,7,0,0,0,-,-7,7
22,39,55,17,47,0,73,-,-33,33
21,16,57,6,0,0,21.5,-,-36,36
20,20,68,7,0,0,0,-,-48,48
19,10,47,2,0,0,0,+,-28,28
18,28,70,15,84,92,85,-,-52,52
17,18,27,8,0,0,0,-,-10,10
16,6,96,2,0,0,0,+,-80,80
15,19,40,19,73,0,90.5,-,-25,25
14,12,73,4,0,0,0,+,-59,59
13,37,37,2,0,0,0,+,-24,24
12,9,20,8,74,0,86,-,-8,8
11,11,19,2,0,0,0,-,-8,8
10,13,33,14,0,0,0,-,-23,23
9,5,19,6,0,0,0,+,-10,10
8,7,42,2,10,0,45,+,-34,34
7,2,7,2,0,0,0,-,0,0
6,15,46,20,85,0,97,-,-40,40
5,0,71,1,0,0,0,+,-66,66
4,0,50,1,0,0,0,+,-46,46
3,0,34,1,0,0,49,+,-31,31
2,0,34,1,0,74,0,+,-32,32
1,0,1,1,0,0,0,-,0,0
100,99,100,9,100,36,54,-,0,0
99,100,100,16,93,0,0,+,-1,1
98,0,98,1,97,88,76,-,0,0
97,98,98,24,87,0,0,+,-1,1
96,95,97,18,0,0,0,+,-1,1
95,97,100,15,0,0,0,-,-5,5
94,92,95,17,82,0,87,+,-1,1
93,96,100,22,0,0,0,-,-7,7
92,94,99,29,95,0,0,+,-7,7
91,93,94,5,0,0,0,+,-3,3
90,90,100,11,100,36,54,+,-10,10
89,89,93,23,0,0,0,+,-4,4
88,88,96,7,0,0,0,+,-8,8
87,91,97,39,80,0,82.5,+,-10,10
86,86,89,25,0,0,0,-,-3,3
85,84,100,39,0,0,0,-,-15,15
84,85,97,6,0,0,0,+,-13,13
83,87,92,24,64,0,80.5,-,-9,9
82,81,91,13,94,60,98.5,+,-9,9
81,82,90,6,74,78,0,+,-9,9
80,0,80,1,99,84,95.5,-,0,0
79,83,93,20,0,0,0,+,-14,14
78,79,88,31,0,0,0,+,-10,10
77,77,79,14,0,0,0,+,-2,2
76,78,96,22,79,0,73,+,-20,20
75,75,79,18,90,0,92.5,+,-4,4
74,76,99,30,91,0,89,+,-25,25
73,65,80,8,0,0,0,-,-7,7
72,74,75,16,38,0,0,+,-3,3
71,73,99,44,94,60,98.5,-,-28,28
70,69,75,10,89,0,97.5,+,-5,5
69,71,98,33,100,36,54,-,-29,29
68,70,86,20,76,90,0,-,-18,18
67,47,79,3,75,92,48,-,-12,12
66,41,95,3,0,0,0,+,-29,29
65,68,98,31,45,2,0,-,-33,33
64,72,75,12,88,0,69.5,+,-11,11
63,0,63,1,0,0,0,-,0,0
62,66,89,28,46,0,63,-,-27,27
61,67,88,20,0,0,0,-,-27,27
60,58,65,13,40,0,3,+,-5,5
59,60,97,11,69,82,86.5,+,-38,38
58,80,80,7,0,0,0,+,-22,22
57,52,61,11,85,0,90.5,+,-4,4
56,64,81,32,89,0,97.5,-,-25,25
55,63,92,17,0,0,0,+,-37,37
54,55,58,7,0,0,0,-,-4,4
53,53,60,11,15,0,0,+,-7,7
52,62,75,26,34,0,61.5,-,-23,23
51,45,61,9,33,0,0,+,-10,10
50,49,50,20,65,0,87.5,-,0,0
49,48,52,9,49,0,79,-,-3,3
48,54,84,17,29,0,71,+,-36,36
47,43,57,11,0,0,0,+,-10,10
46,56,58,17,0,0,0,-,-12,12
45,46,46,11,10,0,0,-,-1,1
44,61,61,6,0,0,0,-,-17,17
43,40,46,11,8,0,0,+,-3,3
42,35,53,9,25,0,0,-,-11,11
41,50,57,15,43,0,73.5,-,-16,16
40,37,46,10,0,0,0,+,-6,6
39,42,55,16,58,0,78.5,-,-16,16
38,44,61,13,0,0,0,-,-23,23
37,0,37,1,0,0,0,-,0,0
36,33,93,5,0,0,0,+,-57,57
35,0,99,1,99,84,95.5,+,-64,64
34,29,50,4,12,0,69,+,-16,16
33,24,91,5,24,0,75,-,-58,58
32,19,74,3,0,0,0,+,-42,42
31,36,63,17,60,0,67.5,-,-32,32
30,26,30,6,0,0,0,-,0,0
29,34,37,8,0,0,34.5,-,-8,8
28,39,70,14,84,94,85.5,-,-42,42
27,17,37,9,0,0,0,+,-10,10
26,25,36,20,0,0,0,+,-10,10
25,22,72,4,0,0,30.5,+,-47,47
24,21,40,4,0,0,0,+,-16,16
23,0,23,1,99,84,95.5,-,0,0
22,10,47,3,52,0,60,+,-25,25
21,11,35,2,79,0,73,+,-14,14
20,8,68,6,0,0,0,+,-48,48
19,31,40,18,68,0,88,-,-21,21
18,27,27,7,0,0,0,-,-9,9
17,32,55,20,0,0,8,-,-38,38
16,12,57,5,0,0,23,+,-41,41
15,30,46,19,92,0,99.5,-,-31,31
14,6,46,4,67,0,81.5,+,-32,32
13,16,33,13,0,0,0,-,-20,20
12,20,73,3,0,0,0,+,-61,61
11,0,19,1,0,0,0,+,-8,8
10,0,47,1,0,0,0,+,-37,37
9,7,20,7,70,0,77.5,+,-11,11
8,28,78,13,91,0,89,-,-70,70
7,0,42,1,6,0,47.5,+,-35,35
6,0,96,1,0,0,0,+,-90,90
5,1,19,5,0,0,0,+,-14,14
4,15,35,15,0,0,0,-,-31,31
3,13,31,19,0,0,0,-,-28,28
2,0,7,1,0,0,0,+,-5,5
1,18,26,8,0,0,0,-,-25,25
100,100,100,15,96,0,0,-,0,0
99,99,100,8,100,62,51,+,-1,1
98,98,98,23,85,0,0,-,0,0
97,97,100,14,0,0,0,-,-3,3
96,96,100,21,0,0,0,-,-4,4
95,91,97,17,0,0,0,+,-2,2
94,95,99,28,98,0,0,-,-5,5
93,94,94,4,0,0,0,-,-1,1
92,93,95,16,84,0,85,+,-3,3
91,92,97,38,81,0,84.5,-,-6,6
90,90,100,10,100,62,51,+,-10,10
89,88,93,22,0,0,0,+,-4,4
88,85,96,6,0,0,0,+,-8,8
87,87,92,23,82,0,88.5,-,-5,5
86,89,89,24,0,0,0,+,-3,3
85,83,97,5,0,0,0,-,-12,12
84,84,100,38,0,0,0,+,-16,16
83,86,93,19,0,0,0,-,-10,10
82,77,90,5,74,72,0,-,-8,8
81,81,91,12,97,22,97.5,+,-10,10
80,71,80,6,0,0,0,-,0,0
79,80,88,30,0,0,0,-,-9,9
78,82,96,21,75,0,73,-,-18,18
77,76,79,13,0,0,0,+,-2,2
76,78,99,29,91,0,91.5,-,-23,23
75,70,79,17,89,2,91,+,-4,4
74,72,75,15,33,0,0,-,-1,1
73,74,99,43,97,22,97.5,-,-26,26
72,69,75,11,87,0,69,-,-3,3
71,75,98,32,100,62,51,-,-27,27
70,73,86,19,55,60,0,-,-16,16
69,62,75,9,90,0,96,+,-6,6
68,68,98,30,41,40,0,-,-30,30
67,66,88,19,0,0,0,-,-21,21
66,67,89,27,42,0,65.5,-,-23,23
65,53,80,7,0,0,0,+,-15,15
64,63,81,31,90,0,96,-,-17,17
63,64,92,16,0,0,0,-,-29,29
62,61,75,25,25,0,65,-,-13,13
61,55,61,5,0,0,0,-,0,0
60,47,97,10,70,80,89,-,-37,37
59,65,83,24,58,0,83.5,-,-24,24
58,56,65,12,35,0,0,+,-7,7
57,60,84,30,48,0,78.5,-,-27,27
56,58,58,16,0,0,0,-,-2,2
55,45,58,6,0,0,0,-,-3,3
54,51,84,16,39,0,79.5,-,-30,30
53,48,60,10,21,0,0,+,-7,7
52,50,61,10,78,0,87.5,+,-9,9
51,54,100,50,99,96,98.5,-,-49,49
50,57,57,14,49,0,76,-,-7,7
49,49,50,19,64,0,86,+,-1,1
48,40,52,8,46,0,79,+,-4,4
47,79,79,2,59,86,43,+,-32,32
46,42,46,10,6,0,0,-,0,0
45,44,61,8,28,0,0,+,-16,16
44,59,61,12,0,0,0,-,-17,17
43,46,57,10,0,0,0,+,-14,14
42,52,55,15,53,0,70.5,-,-13,13
41,16,95,2,0,0,0,+,-54,54
40,36,46,10,0,0,0,+,-6,6
39,38,70,13,88,98,88,-,-31,31
38,0,38,2,0,0,0,-,0,0
37,35,46,9,0,0,0,+,-9,9
36,43,63,16,57,0,49,-,-27,27
35,32,53,8,18,0,0,+,-18,18
34,30,37,7,13,0,51.5,-,-3,3
33,24,93,4,0,0,0,+,-60,60
32,39,55,19,0,0,21.5,-,-23,23
31,29,40,17,63,0,86.5,-,-9,9
30,28,46,18,94,4,99.5,-,-16,16
29,18,50,3,3,0,64,+,-21,21
28,37,78,12,91,0,91.5,-,-50,50
27,27,27,6,0,0,0,-,0,0
26,23,30,5,0,0,0,+,-4,4
25,31,36,19,0,0,0,+,-11,11
24,15,91,4,8,0,63,+,-67,67
23,0,23,1,80,50,97,-,0,0
22,13,72,3,0,0,20,+,-50,50
21,12,40,3,0,0,0,+,-19,19
20,33,73,2,0,0,0,-,-53,53
19,41,74,2,0,0,0,+,-55,55
18,26,26,7,0,0,0,-,-8,8
17,17,37,8,0,0,0,+,-20,20
16,22,33,12,0,0,0,-,-17,17
15,34,35,14,0,0,0,-,-20,20
14,25,56,18,0,0,28,-,-42,42
13,19,31,18,0,0,0,-,-18,18
12,8,57,4,0,0,19,+,-45,45
11,0,35,1,75,0,73,+,-24,24
10,2,47,2,29,0,46,+,-37,37
9,21,61,20,0,0,35.5,-,-52,52
8,10,68,5,0,0,0,+,-60,60
7,11,20,6,69,0,74.5,+,-13,13
6,3,46,3,65,0,81,+,-40,40
5,0,21,2,0,0,0,-,-16,16
4,14,22,6,0,0,0,-,-18,18
3,0,9,2,0,0,0,-,-6,6
2,0,2,2,76,36,93,-,0,0
1,4,19,4,0,0,0,+,-18,18
100,100,100,14,95,0,0,+,0,0
99,99,100,7,98,20,54.5,+,-1,1
98,96,98,22,86,0,0,+,0,0
97,97,100,13,0,0,0,+,-3,3
96,98,100,20,0,0,0,+,-4,4
95,95,99,27,97,0,0,-,-4,4
94,14,94,3,0,0,0,-,0,0
93,93,95,15,83,0,89.5,-,-2,2
92,94,97,37,79,0,83,-,-5,5
91,92,97,16,0,0,0,+,-6,6
90,91,100,9,98,20,54.5,+,-10,10
89,87,89,23,0,0,0,-,0,0
88,89,93,21,0,0,0,+,-5,5
87,88,92,22,78,0,85,+,-5,5
86,90,93,18,0,0,0,-,-7,7
85,85,96,5,0,0,0,+,-11,11
84,86,100,37,0,0,0,+,-16,16
83,83,97,4,0,0,0,+,-14,14
82,84,96,20,74,0,75,-,-14,14
81,80,91,11,96,66,96.5,+,-10,10
80,82,88,29,0,0,0,-,-8,8
79,0,79,1,88,90,60.5,-,0,0
78,81,99,28,93,0,92.5,-,-21,21
77,70,90,4,72,86,0,+,-13,13
76,74,79,12,0,0,0,+,-3,3
75,79,98,31,98,20,54.5,-,-23,23
74,77,99,42,96,66,96.5,-,-25,25
73,78,86,18,62,68,0,-,-13,13
72,72,75,14,38,0,0,+,-3,3
71,73,80,5,0,0,0,+,-9,9
70,65,79,16,85,0,93,+,-9,9
69,64,75,10,92,0,70,+,-6,6
68,69,98,29,45,18,0,+,-30,30
67,75,89,26,48,0,65.5,-,-22,22
66,71,88,18,0,0,0,+,-22,22
65,76,83,23,68,0,89,-,-18,18
64,67,92,15,4,0,0,-,-28,28
63,63,81,30,90,0,96,+,-18,18
62,62,75,8,90,0,96,+,-13,13
61,66,75,24,32,0,67.5,+,-14,14
60,68,84,29,52,0,78.5,-,-24,24
59,61,61,11,0,0,0,-,-2,2
58,57,58,15,0,0,0,-,0,0
57,51,57,13,42,0,77,-,0,0
56,52,65,11,34,0,0,+,-9,9
55,56,61,4,0,0,0,+,-6,6
54,54,100,49,99,94,99.5,-,-46,46
53,46,80,6,0,0,0,+,-27,27
52,55,55,14,55,0,73.5,-,-3,3
51,43,84,15,33,0,79.5,+,-33,33
50,45,61,9,73,0,91,+,-11,11
49,49,50,18,60,0,88,+,-1,1
48,48,60,9,17,0,0,+,-12,12
47,44,97,9,54,70,90,+,-50,50
46,42,57,9,0,0,0,-,-11,11
45,40,58,5,0,0,0,+,-13,13
44,39,61,7,28,0,0,+,-17,17
43,59,63,15,57,0,57.5,-,-20,20
42,41,46,9,0,0,0,+,-4,4
41,0,74,1,0,0,0,-,-33,33
40,38,52,7,53,0,88.5,+,-12,12
39,50,55,18,10,0,39.5,-,-16,16
38,47,70,12,89,98,91.5,+,-32,32
37,60,78,11,93,0,92.5,-,-41,41
36,36,46,9,0,0,0,+,-10,10
35,33,46,8,0,0,0,+,-11,11
34,35,35,13,0,0,0,-,-1,1
33,0,73,1,0,0,0,-,-40,40
32,32,53,7,2,0,0,+,-21,21
31,25,36,18,0,0,0,-,-5,5
30,27,37,6,1,0,50.5,+,-7,7
29,31,40,16,46,0,86,+,-11,11
28,37,46,17,100,26,100,+,-18,18
27,22,27,5,0,0,0,+,0,0
26,23,26,6,0,0,0,-,0,0
25,28,56,17,0,0,34,-,-31,31
24,30,93,3,0,0,0,+,-69,69
23,20,30,4,0,0,0,+,-7,7
22,24,33,11,0,0,0,-,-11,11
21,34,61,19,0,0,42,-,-40,40
20,0,71,1,92,0,70,-,-51,51
19,26,31,17,0,0,0,-,-12,12
18,11,50,2,7,0,69,+,-32,32
17,18,37,7,0,0,0,+,-20,20
16,0,95,1,0,0,0,+,-79,79
15,10,91,3,0,0,56,+,-76,76
14,17,22,5,0,0,0,-,-8,8
13,7,72,2,0,0,8,+,-59,59
12,9,40,2,0,0,0,+,-28,28
11,13,20,5,75,0,80,-,-9,9
10,4,68,4,0,0,0,-,-58,58
9,29,45,16,0,0,32.5,-,-36,36
8,12,57,3,0,0,2.5,+,-49,49
7,16,61,20,64,0,81.5,-,-54,54
6,0,6,1,100,26,100,-,0,0
5,6,19,8,50,0,92,-,-14,14
4,1,19,3,0,0,0,-,-15,15
3,0,46,2,64,0,81.5,+,-43,43
2,0,47,1,29,0,51,+,-45,45
1,0,1,1,0,0,0,-,0,0
100,100,100,13,95,0,0,+,0,0
99,98,100,6,100,42,60.5,+,-1,1
98,99,100,19,0,0,0,-,-2,2
97,97,100,12,0,0,0,+,-3,3
96,96,98,21,85,0,0,+,-2,2
95,95,99,26,93,0,0,+,-4,4
94,94,97,36,87,0,86.5,-,-3,3
93,93,95,14,89,0,90.5,+,-2,2
92,84,97,15,0,0,0,-,-5,5
91,89,100,8,100,42,60.5,-,-9,9
90,91,93,17,0,0,0,-,-3,3
89,92,93,20,0,0,0,-,-4,4
88,90,92,21,80,0,83.5,-,-4,4
87,87,89,22,0,0,0,+,-2,2
86,88,100,36,0,0,0,-,-14,14
85,86,96,4,0,0,0,+,-11,11
84,85,96,19,81,0,79.5,-,-12,12
83,82,97,3,0,0,0,+,-14,14
82,80,88,28,0,0,0,-,-6,6
81,81,99,27,94,0,95.5,-,-18,18
80,77,91,10,96,48,98,+,-11,11
79,83,98,30,100,42,60.5,-,-19,19
78,79,86,17,70,76,0,-,-8,8
77,75,99,41,96,48,98,-,-22,22
76,74,83,22,78,0,91,-,-7,7
75,78,89,25,61,0,71.5,-,-14,14
74,71,79,11,0,0,0,+,-5,5
73,72,80,4,0,0,0,-,-7,7
72,70,75,13,39,0,0,+,-3,3
71,76,88,17,0,0,0,-,-17,17
70,73,90,3,69,88,0,+,-20,20
69,68,98,28,49,26,0,-,-29,29
68,66,84,28,62,0,77.5,-,-16,16
67,65,92,14,5,0,0,-,-25,25
66,63,75,23,40,0,69,-,-9,9
65,62,79,15,88,0,93.5,+,-14,14
64,67,75,9,84,0,66,+,-11,11
63,64,81,29,92,0,97,+,-18,18
62,60,75,7,92,0,97,+,-13,13
61,59,61,10,0,0,0,-,0,0
60,69,78,10,94,0,95.5,-,-18,18
59,61,63,14,71,0,63.5,-,-4,4
58,52,91,26,0,0,0,-,-33,33
57,56,58,14,0,0,0,+,-1,1
56,58,61,3,0,0,0,-,-5,5
55,48,55,13,56,0,70,-,0,0
54,51,100,48,99,90,99.5,+,-46,46
53,53,95,32,99,90,99.5,-,-42,42
52,50,65,10,35,0,0,+,-13,13
51,44,57,12,47,0,76.5,+,-6,6
50,55,55,17,23,0,51.5,-,-5,5
49,49,50,17,63,0,85,+,-1,1
48,47,60,8,8,0,0,+,-12,12
47,57,70,11,90,92,88,-,-23,23
46,40,80,5,0,0,0,+,-34,34
45,43,61,8,79,0,93,+,-16,16
44,46,97,8,68,84,89.5,+,-53,53
43,42,84,14,32,0,82,+,-41,41
42,37,57,8,0,0,0,+,-15,15
41,35,46,8,0,0,0,+,-5,5
40,45,58,4,0,0,0,+,-18,18
39,36,61,6,18,0,0,+,-22,22
38,31,52,6,42,0,73.5,+,-14,14
37,34,46,16,0,38,0,-,-9,9
36,25,46,8,0,0,0,+,-10,10
35,33,35,12,0,0,0,-,0,0
34,41,61,18,22,0,65,-,-27,27
33,29,46,7,0,0,0,+,-13,13
32,27,53,6,0,0,0,+,-21,21
31,32,40,15,46,0,80.5,-,-9,9
30,6,93,2,0,0,0,-,-63,63
29,38,45,15,2,0,58,-,-16,16
28,39,56,16,0,0,43,-,-28,28
27,21,37,5,0,0,53.5,+,-10,10
26,30,31,16,0,0,0,-,-5,5
25,12,36,17,0,0,0,+,-11,11
24,20,33,10,0,0,0,-,-9,9
23,17,26,5,0,0,0,+,-3,3
22,22,27,4,0,0,0,+,-5,5
21,0,21,1,0,0,0,-,0,0
20,24,30,3,0,0,0,+,-10,10
19,14,57,20,0,0,0,-,-38,38
18,11,37,6,0,0,0,-,-19,19
17,19,22,4,0,0,0,-,-5,5
16,16,61,19,64,0,79,-,-45,45
15,28,54,18,12,0,62,-,-39,39
14,0,94,2,0,0,0,+,-80,80
13,15,20,4,75,0,78.5,-,-7,7
12,2,57,2,0,0,22,-,-45,45
11,0,50,1,13,0,75.5,+,-39,39
10,5,91,2,0,0,52,+,-81,81
9,0,40,1,0,0,0,+,-31,31
8,9,62,20,0,0,0,-,-54,54
7,0,72,1,0,0,0,+,-65,65
6,4,19,7,54,0,92,-,-13,13
5,13,13,2,97,60,99,-,-8,8
4,1,68,3,0,0,0,+,-64,64
3,10,10,2,0,0,0,-,-7,7
2,8,11,7,0,0,0,-,-9,9
1,0,19,2,0,0,0,+,-18,18
100,99,100,12,95,0,0,+,0,0
99,100,100,18,0,0,0,-,-1,1
98,95,100,5,98,62,63.5,+,-2,2
97,97,100,11,0,0,0,+,-3,3
96,98,98,20,88,0,0,+,-2,2
95,96,99,25,94,0,0,+,-4,4
94,94,97,35,90,0,87,+,-3,3
93,91,95,13,86,0,90,+,-2,2
92,93,93,19,0,0,0,-,-1,1
91,92,93,16,0,0,0,-,-2,2
90,90,92,20,80,0,84,-,-2,2
89,82,100,7,98,62,63.5,+,-11,11
88,89,100,35,0,0,0,-,-12,12
87,87,89,21,0,0,0,+,-2,2
86,84,96,3,0,0,0,-,-10,10
85,88,96,18,82,0,73.5,-,-11,11
84,83,97,14,0,0,0,+,-13,13
83,85,98,29,98,62,63.5,-,-15,15
82,67,97,2,0,0,0,+,-15,15
81,80,99,26,96,0,95.5,+,-18,18
80,81,88,27,0,0,0,+,-8,8
79,86,86,16,77,78,0,-,-7,7
78,79,89,24,70,0,78.5,-,-11,11
77,76,91,9,97,76,98.5,+,-14,14
76,78,88,16,0,0,0,-,-12,12
75,77,99,40,97,76,98.5,+,-24,24
74,70,83,21,74,0,88.5,+,-9,9
73,65,90,2,75,96,0,-,-17,17
72,69,80,3,0,0,0,+,-8,8
71,75,79,10,0,0,0,+,-8,8
70,72,75,12,38,0,0,+,-5,5
69,74,78,9,96,0,95.5,-,-9,9
68,73,98,27,53,38,0,+,-30,30
67,63,75,8,84,0,66,-,-8,8
66,68,84,27,64,0,77.5,+,-18,18
65,71,92,13,16,0,0,+,-27,27
64,64,81,28,92,0,98,-,-17,17
63,66,75,22,44,0,73,+,-12,12
62,59,79,14,85,0,92,+,-17,17
61,62,63,13,72,0,72.5,-,-2,2
60,56,75,6,92,0,98,+,-15,15
59,61,61,9,0,0,0,+,-2,2
58,44,61,2,0,0,0,-,-3,3
57,60,70,10,93,94,88,-,-13,13
56,58,58,13,0,0,0,+,-2,2
55,50,55,16,31,0,65,-,0,0
54,54,93,35,0,0,0,-,-39,39
53,53,95,31,99,98,99.5,+,-42,42
52,57,91,25,0,0,0,+,-39,39
51,55,100,47,99,98,99.5,+,-49,49
50,48,65,9,30,0,0,+,-15,15
49,47,50,16,61,0,83,+,-1,1
48,49,55,12,56,0,69.5,+,-7,7
47,43,60,7,6,0,0,+,-13,13
46,39,97,7,48,74,85,-,-51,51
45,38,58,3,0,0,0,-,-13,13
44,41,57,11,41,0,77,+,-13,13
43,40,61,7,81,0,91.5,+,-18,18
42,32,84,13,63,0,96,+,-42,42
41,42,61,17,25,0,64,-,-20,20
40,29,80,4,0,0,0,+,-40,40
39,46,56,15,10,0,58.5,-,-17,17
38,45,45,14,55,0,93,-,-7,7
37,34,57,7,0,0,0,+,-20,20
36,28,61,5,15,0,0,+,-25,25
35,35,46,7,0,0,0,+,-11,11
34,37,46,15,0,0,0,+,-12,12
33,31,35,11,0,0,0,+,-2,2
32,33,40,14,46,0,82,-,-8,8
31,23,52,5,45,0,78,+,-21,21
30,30,31,15,0,0,0,-,-1,1
29,26,46,6,0,0,0,+,-17,17
28,36,54,17,24,0,68.5,-,-26,26
27,20,53,5,0,0,0,+,-26,26
26,0,26,1,0,0,0,-,0,0
25,25,46,7,0,0,0,+,-21,21
24,15,30,2,0,0,0,-,-6,6
23,5,23,2,0,0,0,-,0,0
22,13,27,3,0,0,0,+,-5,5
21,16,37,4,2,0,61.5,+,-16,16
20,21,33,9,0,0,0,+,-13,13
19,22,22,3,0,0,0,-,-3,3
18,27,46,17,0,0,0,-,-28,28
17,10,26,4,0,0,0,+,-9,9
16,24,61,18,66,0,75,+,-45,45
15,19,20,3,79,0,83.5,-,-5,5
14,18,57,19,0,0,19.5,+,-43,43
13,0,13,1,100,70,100,-,0,0
12,14,36,16,0,0,0,+,-24,24
11,4,37,5,0,0,0,+,-26,26
10,0,10,1,0,0,0,-,0,0
9,11,62,19,0,0,0,-,-53,53
8,8,11,6,0,0,0,-,-3,3
7,9,54,20,0,0,33,-,-47,47
6,0,93,1,0,0,0,+,-87,87
5,0,91,1,0,0,48,+,-86,86
4,2,19,6,50,0,90.5,+,-15,15
3,1,3,2,0,0,0,-,0,0
2,0,57,1,0,0,0.5,+,-55,55
1,0,68,2,0,0,0,+,-67,67
100,100,100,17,0,0,0,-,0,0
99,98,100,11,95,0,0,+,-1,1
98,94,98,19,89,0,0,-,0,0
97,99,100,10,0,0,0,+,-3,3
96,97,99,24,94,0,0,-,-3,3
95,95,100,4,98,34,58,+,-5,5
94,96,97,34,88,0,86,+,-3,3
93,84,93,18,0,0,0,-,0,0
92,91,93,15,0,0,0,-,-1,1
91,87,95,12,81,0,86.5,+,-4,4
90,90,92,19,77,0,83,+,-2,2
89,93,100,34,0,0,0,-,-11,11
88,89,96,17,80,0,72.5,-,-8,8
87,86,89,20,0,0,0,+,-2,2
86,73,86,15,86,92,0,-,0,0
85,85,98,28,98,34,58,-,-13,13
84,92,96,2,0,0,0,+,-12,12
83,88,97,13,0,0,0,+,-14,14
82,78,100,6,98,34,58,+,-18,18
81,81,88,26,0,0,0,-,-7,7
80,83,99,25,97,18,95,+,-19,19
79,80,89,23,74,0,76.5,-,-10,10
78,82,88,15,0,0,0,-,-10,10
77,79,99,39,96,72,98.5,-,-22,22
76,71,91,8,96,72,98.5,+,-15,15
75,67,79,9,0,0,0,-,-4,4
74,77,78,8,97,18,95,-,-4,4
73,75,98,26,51,32,0,-,-25,25
72,72,75,11,39,0,0,-,-3,3
71,76,92,12,20,0,0,-,-21,21
70,74,83,20,70,0,87.5,+,-13,13
69,20,80,2,0,0,0,+,-11,11
68,70,84,26,60,0,75.5,-,-16,16
67,0,97,1,0,0,0,+,-30,30
66,69,75,21,41,0,75,-,-9,9
65,0,90,1,82,96,0,+,-25,25
64,66,81,27,92,0,96.5,+,-17,17
63,64,75,7,84,0,66,+,-12,12
62,63,63,12,73,0,70.5,-,-1,1
61,61,61,8,0,0,0,-,0,0
60,68,70,9,93,94,88,-,-10,10
59,54,79,13,85,38,91,+,-20,20
58,58,58,12,0,0,0,-,0,0
57,59,91,24,0,0,0,-,-34,34
56,53,75,5,92,0,96.5,+,-19,19
55,62,100,46,99,100,99,-,-45,45
54,57,93,34,0,0,0,+,-39,39
53,60,95,30,99,100,99,+,-42,42
52,65,69,23,26,0,64,-,-17,17
51,56,100,36,99,100,99,-,-49,49
50,48,55,15,29,0,65.5,+,-5,5
49,49,55,11,53,0,69.5,-,-6,6
48,44,65,8,32,0,0,+,-17,17
47,47,50,15,59,0,82.5,+,-3,3
46,52,56,14,17,0,53,-,-10,10
45,43,45,13,57,0,94,-,0,0
44,0,61,1,0,0,0,+,-17,17
43,37,60,6,5,0,0,+,-17,17
42,50,61,16,25,0,60,-,-19,19
41,41,57,10,40,0,77,+,-16,16
40,39,61,6,79,0,91.5,+,-21,21
39,45,97,6,43,68,83.5,+,-58,58
38,27,58,2,0,0,0,+,-20,20
37,42,46,14,0,0,0,-,-9,9
36,51,54,16,28,0,67.5,-,-18,18
35,31,46,6,0,0,0,+,-11,11
34,35,57,6,0,0,0,+,-23,23
33,40,40,13,44,0,80.5,-,-7,7
32,36,84,12,63,0,97,+,-52,52
31,32,35,10,0,0,0,+,-4,4
30,30,31,14,0,0,0,+,-1,1
29,22,80,3,0,0,0,+,-51,51
28,25,61,4,19,0,0,+,-33,33
27,46,46,16,0,0,0,-,-19,19
26,23,46,5,0,0,0,+,-20,20
25,21,46,6,0,0,0,+,-21,21
24,33,61,17,64,0,74,-,-37,37
23,16,52,4,42,0,74.5,+,-29,29
22,8,22,2,0,0,0,-,0,0
21,26,33,8,0,0,0,-,-12,12
20,15,53,4,0,0,0,+,-33,33
19,0,20,2,78,0,84,-,-1,1
18,29,57,18,0,0,21,-,-39,39
17,0,17,1,0,0,0,-,0,0
16,24,37,3,1,0,63.5,+,-21,21
15,0,30,1,0,0,0,+,-15,15
14,18,36,15,0,0,0,-,-22,22
13,5,27,2,0,0,0,+,-14,14
12,0,23,3,87,0,99.5,-,-11,11
11,28,62,18,0,0,0,-,-51,51
10,11,26,3,0,0,0,+,-16,16
9,17,54,19,0,0,34.5,-,-45,45
8,10,11,5,0,0,0,+,-3,3
7,14,48,20,91,62,92.5,-,-41,41
6,13,40,7,0,24,0,-,-34,34
5,0,23,1,0,0,0,+,-18,18
4,7,37,4,0,0,0,+,-33,33
3,0,3,1,94,0,0,-,0,0
2,3,19,5,45,0,89.5,+,-17,17
1,0,3,1,0,0,0,+,-2,2
100,100,100,16,0,0,0,+,0,0
99,99,100,9,0,0,0,-,-1,1
98,97,100,10,93,0,0,+,-2,2
97,98,99,23,87,0,0,-,-2,2
96,96,97,33,90,0,88,-,-1,1
95,89,100,3,98,42,58,+,-5,5
94,90,98,18,72,0,0,+,-4,4
93,95,100,33,0,0,0,-,-7,7
92,0,96,1,0,0,0,-,-4,4
91,93,93,14,0,0,0,+,-2,2
90,92,92,18,79,0,85.5,+,-2,2
89,94,96,16,82,0,79,-,-7,7
88,84,97,12,0,0,0,-,-9,9
87,88,95,11,78,0,87.5,+,-8,8
86,87,89,19,0,0,0,+,-3,3
85,91,98,27,98,42,58,+,-13,13
84,86,93,17,0,0,0,+,-9,9
83,82,99,24,97,0,96,-,-16,16
82,83,88,14,0,0,0,-,-6,6
81,80,88,25,0,0,0,+,-7,7
80,85,89,22,74,0,81,-,-9,9
79,81,99,38,96,66,97,-,-20,20
78,79,100,5,98,42,58,+,-22,22
77,76,78,7,97,0,96,-,-1,1
76,78,92,11,27,0,0,-,-16,16
75,77,98,25,55,40,0,-,-23,23
74,74,83,19,73,0,92.5,-,-9,9
73,73,86,14,67,82,0,+,-13,13
72,75,75,10,38,0,0,+,-3,3
71,67,91,7,96,66,97,+,-20,20
70,71,84,25,60,0,77,-,-14,14
69,72,75,20,61,0,89,-,-6,6
68,70,70,8,94,94,90.5,-,-2,2
67,51,79,8,0,0,0,+,-12,12
66,69,81,26,89,0,96.5,-,-15,15
65,68,69,22,39,0,70.5,-,-4,4
64,65,75,6,85,0,69.5,-,-11,11
63,62,63,11,64,0,71,-,0,0
62,61,100,45,100,100,98.5,-,-38,38
61,57,61,7,0,0,0,+,0,0
60,63,95,29,100,100,98.5,-,-35,35
59,64,91,23,0,0,0,-,-32,32
58,58,58,11,0,0,0,+,0,0
57,60,93,33,0,0,0,-,-36,36
56,59,100,35,100,100,98.5,-,-44,44
55,66,87,24,83,0,95,-,-32,32
54,52,79,12,81,56,91,+,-25,25
53,49,75,4,89,0,96.5,+,-22,22
52,55,56,13,22,0,61.5,-,-4,4
51,54,54,15,40,0,72.5,-,-3,3
50,56,61,15,33,0,65,-,-11,11
49,50,55,10,53,0,75,+,-6,6
48,47,55,14,43,0,86,+,-7,7
47,48,50,14,57,0,83,+,-3,3
46,45,46,15,0,0,0,-,0,0
45,32,97,5,69,92,84.5,-,-52,52
44,44,65,7,26,0,0,+,-21,21
43,43,45,12,0,0,0,+,-2,2
42,46,46,13,0,0,0,-,-4,4
41,37,57,9,41,0,77.5,+,-16,16
40,40,40,12,45,0,79.5,-,0,0
39,38,61,5,76,0,93.5,+,-22,22
38,42,88,20,75,96,74.5,-,-50,50
37,39,60,5,0,0,0,+,-23,23
36,27,84,11,0,0,0,-,-48,48
35,30,57,5,0,0,0,-,-22,22
34,0,34,1,1,0,0,-,0,0
33,41,61,16,62,0,76.5,-,-28,28
32,29,35,9,0,0,0,-,-3,3
31,25,46,5,0,0,0,+,-15,15
30,31,31,13,0,0,0,+,-1,1
29,35,57,17,3,0,44.5,-,-28,28
28,36,62,17,0,0,0,-,-34,34
27,0,58,1,0,0,0,+,-31,31
26,33,33,7,0,0,0,-,-7,7
25,16,61,3,17,0,0,+,-36,36
24,28,37,2,31,0,81.5,-,-13,13
23,19,46,4,0,0,0,+,-23,23
22,14,80,2,0,0,0,+,-58,58
21,21,46,5,0,0,0,+,-25,25
20,0,80,1,0,0,0,+,-60,60
19,22,75,20,86,48,94.5,-,-56,56
18,18,36,14,0,0,0,-,-18,18
17,26,54,18,0,0,53,-,-37,37
16,11,52,3,42,0,73,+,-36,36
15,9,53,3,0,0,0,+,-38,38
14,15,48,19,86,48,94.5,-,-34,34
13,13,40,6,0,18,22.5,-,-27,27
12,34,45,15,0,0,0,-,-33,33
11,1,26,2,0,0,0,-,-15,15
10,10,11,4,0,0,0,-,-1,1
9,23,35,8,0,0,0,-,-26,26
8,0,22,1,0,0,0,+,-14,14
7,12,37,3,0,0,0,-,-30,30
6,17,17,2,0,0,0,-,-11,11
5,0,27,1,0,0,0,+,-22,22
4,20,72,8,0,0,0,-,-68,68
3,4,19,4,48,0,93,-,-16,16
2,0,2,1,77,46,94,-,0,0
1,0,1,1,0,0,0,-,0,0
100,100,100,15,0,0,0,+,0,0
99,99,100,8,0,0,0,+,-1,1
98,98,99,22,87,0,0,-,-1,1
97,94,100,9,92,0,0,+,-3,3
96,97,97,32,93,0,87.5,+,-1,1
95,95,100,32,0,0,0,-,-5,5
94,96,96,15,88,0,81,-,-2,2
93,92,93,13,0,0,0,-,0,0
92,91,92,17,83,0,87,-,0,0
91,93,98,26,99,38,55,-,-7,7
90,90,98,17,61,0,0,+,-8,8
89,77,100,2,99,38,55,+,-11,11
88,82,95,10,81,0,86.5,-,-7,7
87,86,89,18,0,0,0,-,-2,2
86,85,93,16,0,0,0,-,-7,7
85,87,89,21,79,0,80.5,-,-4,4
84,81,97,11,0,0,0,+,-13,13
83,88,88,13,0,0,0,-,-5,5
82,89,99,23,97,22,96,+,-17,17
81,80,99,37,96,74,98.5,-,-18,18
80,84,88,24,0,0,0,+,-8,8
79,78,100,4,99,38,55,-,-21,21
78,83,92,10,32,0,0,-,-14,14
77,79,98,24,58,18,0,-,-21,21
76,76,78,6,97,22,96,+,-2,2
75,74,75,9,38,0,0,-,0,0
74,73,83,18,75,0,90,+,-9,9
73,75,86,13,72,88,0,+,-13,13
72,72,75,19,46,0,0,-,-3,3
71,69,84,24,68,0,76.5,-,-13,13
70,66,70,7,95,92,88,-,0,0
69,68,81,25,90,0,97.5,-,-12,12
68,65,69,21,44,0,67,-,-1,1
67,60,91,6,96,74,98.5,+,-24,24
66,71,87,23,89,0,96.5,-,-21,21
65,64,75,5,91,0,68,-,-10,10
64,70,91,22,0,0,0,-,-27,27
63,67,95,28,100,98,99.5,-,-32,32
62,61,63,10,70,0,68.5,+,-1,1
61,62,100,44,100,98,99.5,+,-39,39
60,63,93,32,0,0,0,-,-33,33
59,59,100,34,100,98,99.5,-,-41,41
58,57,58,10,0,0,0,+,0,0
57,54,61,6,0,0,0,+,-4,4
56,58,61,14,42,0,65.5,-,-5,5
55,56,56,12,28,0,56.5,-,-1,1
54,53,54,14,40,0,71,-,0,0
53,55,73,20,0,0,0,-,-20,20
52,50,79,11,82,34,89.5,+,-27,27
51,41,79,7,0,0,0,+,-28,28
50,45,55,9,54,0,73.5,-,-5,5
49,36,75,3,90,0,97.5,+,-26,26
48,48,50,13,59,0,84,-,-2,2
47,43,55,13,3,0,0,+,-8,8
46,46,46,12,0,0,0,-,0,0
45,37,46,14,0,0,0,+,-1,1
44,40,65,6,26,0,0,+,-21,21
43,39,45,11,0,0,0,+,-2,2
42,49,88,19,76,96,70,-,-46,46
41,52,61,15,67,0,78,-,-20,20
40,33,40,11,48,0,79,+,0,0
39,34,60,4,0,0,0,-,-21,21
38,30,61,4,84,0,95,+,-23,23
37,32,57,8,41,0,79.5,+,-20,20
36,42,62,16,0,0,0,-,-26,26
35,35,57,16,14,0,60.5,-,-22,22
34,44,45,14,0,0,0,-,-11,11
33,27,33,6,0,0,0,-,0,0
32,22,97,4,57,84,78.5,+,-65,65
31,29,31,12,0,0,0,-,0,0
30,23,57,4,0,0,0,+,-27,27
29,24,35,8,0,0,0,+,-6,6
28,0,37,1,85,0,99,-,-9,9
27,14,84,10,0,0,0,+,-57,57
26,38,54,17,17,0,66,-,-28,28
25,20,46,4,0,0,0,+,-21,21
24,26,93,20,77,44,93,-,-69,69
23,28,35,7,0,0,0,-,-12,12
22,18,75,19,86,50,92.5,-,-53,53
21,16,46,4,0,0,0,+,-25,25
20,31,72,7,0,0,0,-,-52,52
19,12,46,3,0,0,0,+,-27,27
18,17,36,13,0,0,0,+,-18,18
17,0,17,1,0,0,0,-,0,0
16,15,61,2,9,0,0,+,-45,45
15,21,48,18,86,50,92.5,-,-33,33
14,0,80,1,0,0,0,+,-66,66
13,25,40,5,0,40,0,+,-27,27
12,0,37,2,0,0,0,-,-25,25
11,7,52,2,45,0,69,+,-41,41
10,11,11,3,0,0,0,+,-1,1
9,4,53,2,0,0,0,+,-44,44
8,0,8,1,71,10,98,-,0,0
7,10,70,15,74,0,95.5,-,-63,63
6,0,23,2,0,0,0,-,-17,17
5,5,11,9,0,0,0,-,-6,6
4,1,19,3,64,0,93.5,-,-15,15
3,0,7,4,0,0,0,-,-4,4
2,13,60,9,0,0,0,-,-58,58
1,0,26,1,0,0,0,+,-25,25
100,100,100,14,0,0,0,+,0,0
99,99,100,7,0,0,0,+,-1,1
98,98,99,21,87,0,0,+,-1,1
97,97,97,31,92,0,88,-,0,0
96,96,96,14,93,0,89,-,0,0
95,95,100,31,0,0,0,+,-5,5
94,90,100,8,81,0,0,+,-6,6
93,94,98,25,99,44,61.5,-,-5,5
92,93,93,12,0,0,0,+,-1,1
91,92,92,16,83,0,87.5,+,-1,1
90,86,98,16,58,0,0,+,-8,8
89,91,99,22,98,38,96,-,-10,10
88,87,88,12,0,0,0,-,0,0
87,89,89,20,80,0,82,-,-2,2
86,83,89,17,0,0,0,+,-3,3
85,82,85,15,0,0,0,+,0,0
84,85,88,23,0,0,0,-,-4,4
83,88,92,9,39,0,0,-,-9,9
82,76,95,9,76,0,85.5,+,-13,13
81,79,97,10,0,0,0,+,-16,16
80,81,99,36,96,62,97.5,+,-19,19
79,84,98,23,66,34,0,-,-19,19
78,80,100,3,99,44,61.5,+,-22,22
77,0,100,1,99,44,61.5,+,-23,23
76,78,78,5,98,38,96,+,-2,2
75,77,86,12,73,74,0,-,-11,11
74,71,75,8,36,0,0,+,-1,1
73,72,83,17,71,0,86.5,+,-10,10
72,74,75,18,44,0,0,+,-3,3
71,75,87,22,89,0,95.5,-,-16,16
70,73,91,21,0,0,0,-,-21,21
69,68,84,23,59,0,77.5,+,-15,15
68,66,81,24,88,0,97,+,-13,13
67,70,95,27,100,100,99.5,-,-28,28
66,65,70,6,91,90,88.5,+,-4,4
65,67,69,20,45,0,70,+,-4,4
64,60,75,4,90,0,69.5,+,-11,11
63,69,93,31,0,0,0,-,-30,30
62,63,100,43,100,100,99.5,-,-38,38
61,62,63,9,68,0,70.5,+,-2,2
60,59,91,5,96,62,97.5,+,-31,31
59,64,100,33,100,100,99.5,+,-41,41
58,61,61,13,47,0,68.5,-,-3,3
57,56,58,9,0,0,0,+,-1,1
56,48,56,11,33,0,65,-,0,0
55,55,73,19,0,0,0,-,-18,18
54,51,61,5,0,0,0,+,-7,7
53,46,54,13,46,0,74,+,-1,1
52,57,61,14,74,0,81,-,-9,9
51,53,92,27,0,0,0,-,-41,41
50,47,79,10,85,60,90,+,-29,29
49,50,88,18,79,96,73.5,-,-39,39
48,37,50,12,60,0,85,+,-2,2
47,58,88,20,42,0,60,-,-41,41
46,44,46,11,0,0,0,+,0,0
45,35,55,8,52,0,74.5,+,-10,10
44,45,45,13,0,0,0,-,-1,1
43,40,55,12,0,0,0,+,-12,12
42,41,62,15,0,0,0,-,-20,20
41,39,79,6,0,0,0,+,-38,38
40,34,65,5,27,0,0,+,-25,25
39,38,45,10,0,0,0,+,-6,6
38,42,54,16,51,0,90.5,-,-16,16
37,33,46,13,0,0,0,+,-9,9
36,16,75,2,88,0,97,+,-39,39
35,52,57,15,31,0,73,+,-22,22
34,20,60,3,0,0,0,+,-26,26
33,32,40,10,35,0,77,+,-7,7
32,31,57,7,48,0,81.5,+,-25,25
31,49,72,6,0,0,0,-,-41,41
30,26,61,3,82,0,94.5,+,-31,31
29,28,31,11,0,0,0,+,-2,2
28,30,35,6,0,0,0,-,-7,7
27,24,33,5,0,0,0,+,-6,6
26,29,93,19,77,26,91.5,-,-67,67
25,27,40,4,5,22,1.5,-,-15,15
24,22,35,7,0,0,0,+,-11,11
23,13,57,3,0,0,0,+,-34,34
22,23,97,3,41,66,78.5,+,-75,75
21,21,48,17,86,42,92.5,-,-27,27
20,14,46,3,0,0,0,+,-26,26
19,0,19,1,0,0,0,-,0,0
18,15,75,18,86,42,92.5,+,-57,57
17,18,36,12,0,0,0,+,-19,19
16,11,46,3,0,0,0,+,-30,30
15,0,61,1,23,0,0,+,-46,46
14,7,84,9,0,0,0,+,-70,70
13,19,60,8,0,0,0,-,-47,47
12,2,46,2,0,0,0,+,-34,34
11,5,11,2,0,0,0,-,0,0
10,12,70,14,56,0,91,-,-60,60
9,0,9,1,0,0,0,-,0,0
8,10,86,15,0,0,0,-,-78,78
7,0,52,1,43,0,72,+,-45,45
6,8,84,16,0,0,0,-,-78,78
5,6,11,8,0,0,0,+,-6,6
4,0,53,1,0,0,0,+,-49,49
3,17,39,3,62,0,96.5,-,-36,36
2,9,9,2,0,0,0,-,-7,7
1,0,19,2,65,0,94,+,-18,18
100,100,100,13,0,0,0,+,0,0
99,99,100,6,0,0,0,+,-1,1
98,98,99,20,89,0,0,+,-1,1
97,97,97,30,93,0,88.5,+,0,0
96,94,96,13,97,0,98.5,+,0,0
95,96,100,30,0,0,0,+,-5,5
94,95,98,24,96,8,56.5,-,-4,4
93,93,93,11,0,0,0,-,0,0
92,90,92,15,83,0,86.5,-,0,0
91,92,99,21,98,36,95.5,-,-8,8
90,85,100,7,77,0,0,+,-10,10
89,89,89,19,82,0,84,-,0,0
88,91,92,8,50,0,0,-,-4,4
87,86,88,11,0,0,0,+,-1,1
86,82,98,15,57,0,0,+,-12,12
85,87,88,22,0,0,0,-,-3,3
84,88,98,22,72,58,0,-,-14,14
83,83,89,16,0,0,0,+,-6,6
82,84,85,14,0,0,0,+,-3,3
81,79,99,35,95,68,98,-,-18,18
80,81,100,2,96,8,56.5,-,-20,20
79,77,97,9,0,0,0,+,-18,18
78,71,78,4,98,36,95.5,-,0,0
77,75,86,11,80,84,0,-,-9,9
76,65,95,8,61,0,78,+,-19,19
75,80,87,21,91,0,96.5,-,-12,12
74,72,75,17,48,0,0,-,-1,1
73,78,91,20,0,0,0,-,-18,18
72,76,83,16,74,0,87,+,-11,11
71,70,75,7,38,0,0,+,-4,4
70,74,95,26,100,98,99.5,-,-25,25
69,73,93,30,0,0,0,-,-24,24
68,67,84,22,65,0,81.5,+,-16,16
67,69,69,19,44,0,72,-,-2,2
66,64,81,23,84,0,94,+,-15,15
65,63,70,5,92,88,88,+,-5,5
64,66,100,32,100,98,99.5,-,-36,36
63,62,100,42,100,98,99.5,-,-37,37
62,61,63,8,68,0,73,-,-1,1
61,59,61,12,46,0,70.5,-,0,0
60,60,75,3,87,0,69.5,+,-15,15
59,49,91,4,95,68,98,+,-32,32
58,68,88,19,54,0,67.5,-,-30,30
57,57,61,13,70,0,77,-,-4,4
56,50,58,8,0,0,0,+,-2,2
55,58,73,18,0,0,0,+,-18,18
54,0,54,1,85,24,61.5,-,0,0
53,54,92,26,0,0,0,-,-39,39
52,51,57,14,69,0,93,-,-5,5
51,48,61,4,0,0,0,+,-10,10
50,55,88,17,76,100,76,-,-38,38
49,56,72,5,0,0,0,-,-23,23
48,44,56,10,23,0,64,+,-8,8
47,45,79,9,79,0,87.5,+,-32,32
46,42,54,12,39,0,71,+,-8,8
45,43,45,12,0,0,0,-,0,0
44,46,46,10,0,0,0,+,-2,2
43,0,43,1,0,0,0,-,0,0
42,53,54,15,2,0,0,-,-12,12
41,24,62,14,5,0,0,+,-21,21
40,37,55,11,0,0,0,+,-15,15
39,23,79,5,0,0,0,+,-40,40
38,36,45,9,0,0,0,+,-7,7
37,28,50,11,52,0,80,+,-13,13
36,41,87,20,0,0,0,-,-51,51
35,27,55,7,53,0,73.5,+,-20,20
34,25,65,4,19,0,0,+,-31,31
33,33,46,12,0,0,0,+,-13,13
32,31,40,9,41,0,79.5,+,-8,8
31,32,57,6,49,0,85,+,-26,26
30,35,35,5,0,0,0,-,-5,5
29,38,93,18,81,38,90.5,-,-64,64
28,30,31,10,0,0,0,+,-3,3
27,40,40,3,10,28,0,-,-13,13
26,11,61,2,86,0,96,+,-35,35
25,26,97,20,0,0,0,-,-72,72
24,20,33,4,0,0,0,+,-9,9
23,12,97,2,42,32,83,-,-74,74
22,18,35,6,0,0,0,+,-13,13
21,19,48,16,88,66,91,+,-27,27
20,9,60,2,0,0,0,+,-40,40
19,47,60,7,0,0,0,-,-41,41
18,17,36,11,0,0,0,-,-18,18
17,39,39,2,90,0,99,-,-22,22
16,0,75,1,84,0,94,+,-59,59
15,15,75,17,88,66,91,+,-60,60
14,7,46,2,0,0,0,+,-32,32
13,6,57,2,0,0,0,+,-44,44
12,14,70,13,62,0,91.5,-,-58,58
11,10,46,2,0,0,0,+,-35,35
10,22,86,14,0,0,0,-,-76,76
9,0,9,1,0,0,0,-,0,0
8,16,84,15,0,0,0,-,-76,76
7,4,84,8,0,0,0,+,-77,77
6,5,11,7,0,0,0,-,-5,5
5,0,11,1,0,0,0,+,-6,6
4,21,21,2,0,0,0,-,-17,17
3,8,8,2,0,0,0,-,-5,5
2,0,46,1,0,0,0,+,-44,44
1,0,40,9,0,0,0,-,-39,39
100,99,100,12,0,0,0,+,0,0
99,100,100,5,0,0,0,+,-1,1
98,98,99,19,86,0,0,+,-1,1
97,97,97,29,91,0,90,+,0,0
96,95,100,29,0,0,0,-,-4,4
95,96,98,23,97,0,56,-,-3,3
94,94,96,12,89,0,30.5,+,-2,2
93,93,93,10,0,0,0,+,0,0
92,92,99,20,98,56,95,-,-7,7
91,91,92,7,53,0,0,-,-1,1
90,89,92,14,81,0,88,+,-2,2
89,88,89,18,80,0,86.5,+,0,0
88,90,98,21,73,36,0,-,-10,10
87,86,88,21,0,0,0,-,-1,1
86,83,88,10,0,0,0,+,-2,2
85,74,100,6,62,0,0,+,-15,15
84,81,85,13,0,0,0,-,-1,1
83,84,89,15,0,0,0,+,-6,6
82,76,98,14,45,0,0,+,-16,16
81,0,100,1,97,0,56,-,-19,19
80,87,87,20,94,0,96.5,-,-7,7
79,85,99,34,96,70,97,+,-20,20
78,82,91,19,0,0,0,-,-13,13
77,68,97,8,0,0,0,+,-20,20
76,79,83,15,75,0,89.5,-,-7,7
75,77,86,10,77,86,0,+,-11,11
74,78,95,25,100,100,99.5,-,-21,21
73,80,93,29,0,0,0,-,-20,20
72,72,75,16,57,0,39.5,+,-3,3
71,70,78,3,98,56,95,+,-7,7
70,57,75,6,36,0,0,+,-5,5
69,66,69,18,47,0,75.5,-,0,0
68,73,88,18,65,0,77.5,-,-20,20
67,65,84,21,64,0,81.5,+,-17,17
66,69,100,31,100,100,99.5,-,-34,34
65,71,95,7,43,0,69.5,+,-30,30
64,60,81,22,82,0,94.5,+,-17,17
63,50,70,4,93,90,91,+,-7,7
62,67,100,41,100,100,99.5,+,-38,38
61,58,63,7,68,0,76.5,+,-2,2
60,75,75,2,87,0,71,+,-15,15
59,51,61,11,46,0,72,+,-2,2
58,56,73,17,0,0,0,-,-15,15
57,52,61,12,71,0,79.5,+,-4,4
56,63,72,4,0,0,0,-,-16,16
55,61,88,16,76,98,79,-,-33,33
54,55,92,25,0,0,0,-,-38,38
53,48,54,14,12,0,0,-,-1,1
52,54,100,47,94,0,96.5,-,-48,48
51,49,57,13,16,0,0,+,-6,6
50,44,58,7,0,0,0,+,-8,8
49,43,91,3,96,70,97,+,-42,42
48,47,61,3,0,0,0,+,-13,13
47,59,60,6,0,0,0,-,-13,13
46,40,46,9,0,0,0,-,0,0
45,31,79,8,79,0,90.5,+,-34,34
44,39,56,9,29,0,68,+,-12,12
43,37,45,11,0,0,0,+,-2,2
42,36,54,11,40,0,73.5,+,-12,12
41,46,87,19,0,0,0,-,-46,46
40,33,40,2,26,16,9,-,0,0
39,0,39,1,99,26,100,-,0,0
38,45,93,17,84,40,93,-,-55,55
37,29,55,10,0,0,0,+,-18,18
36,20,45,8,0,0,0,+,-9,9
35,28,35,4,0,0,0,-,0,0
34,34,66,20,83,0,92,-,-32,32
33,16,46,11,0,0,0,+,-13,13
32,24,57,5,67,0,91.5,-,-25,25
31,25,40,8,44,0,83,+,-9,9
30,23,31,9,0,0,0,-,-1,1
29,30,80,20,24,0,46.5,-,-51,51
28,26,50,10,50,0,80,+,-22,22
27,7,55,6,54,0,69,+,-28,28
26,35,97,19,0,0,0,-,-71,71
25,10,65,3,19,0,0,+,-40,40
24,21,62,13,0,0,0,+,-38,38
23,27,79,4,0,0,0,+,-56,56
22,41,86,13,0,0,0,-,-64,64
21,0,21,1,0,0,0,-,0,0
20,12,33,3,0,0,0,+,-13,13
19,22,48,15,90,66,92.5,+,-29,29
18,5,35,5,0,0,0,+,-17,17
17,14,36,10,0,0,0,+,-19,19
16,32,84,14,0,0,0,-,-68,68
15,19,75,16,90,66,92.5,+,-60,60
14,18,70,12,66,0,93.5,-,-56,56
13,15,58,14,0,0,34,-,-45,45
12,0,97,1,38,32,83.5,+,-85,85
11,0,61,1,83,0,92,+,-50,50
10,0,46,1,0,0,0,+,-36,36
9,0,60,1,0,0,0,+,-51,51
8,0,8,1,0,0,0,-,0,0
7,0,46,1,0,0,0,+,-39,39
6,0,57,1,0,0,0,+,-51,51
5,1,11,6,0,0,0,+,-6,6
4,3,84,7,0,0,0,+,-80,80
3,11,43,11,78,0,82.5,-,-40,40
2,17,45,14,0,0,0,-,-43,43
1,0,7,3,0,0,0,-,-6,6
100,48,100,4,0,0,0,-,0,0
99,100,100,11,0,0,0,+,-1,1
98,99,99,18,86,0,0,+,-1,1
97,97,97,28,91,0,87.5,+,0,0
96,98,98,22,90,0,33,-,-2,2
95,96,100,28,0,0,0,+,-5,5
94,95,96,11,88,0,28,+,-2,2
93,90,93,9,0,0,0,+,0,0
92,94,99,19,98,60,93.5,+,-7,7
91,92,92,6,59,0,0,+,-1,1
90,93,98,20,79,42,0,-,-8,8
89,89,92,13,81,0,88,+,-3,3
88,88,89,17,78,0,83,+,-1,1
87,84,87,19,97,44,98,-,0,0
86,86,88,20,0,0,0,+,-2,2
85,91,99,33,96,72,96.5,-,-14,14
84,82,89,14,0,0,0,-,-5,5
83,83,88,9,0,0,0,+,-5,5
82,85,91,18,0,0,0,-,-9,9
81,79,85,12,0,0,0,+,-4,4
80,87,93,28,0,0,0,-,-13,13
79,78,83,14,70,0,85.5,-,-4,4
78,81,95,24,100,100,99.5,-,-17,17
77,76,86,9,76,84,0,-,-9,9
76,74,98,13,26,0,0,+,-22,22
75,0,75,1,92,0,70,-,0,0
74,70,100,5,41,0,0,+,-26,26
73,80,88,17,67,0,74,-,-15,15
72,75,75,15,66,0,74.5,+,-3,3
71,73,95,6,44,0,69.5,-,-24,24
70,34,78,2,98,60,93.5,+,-8,8
69,72,100,30,100,100,99.5,-,-31,31
68,65,97,7,0,0,0,+,-29,29
67,67,100,40,100,100,99.5,-,-33,33
66,69,69,17,45,0,70.5,+,-3,3
65,59,84,20,62,0,81,+,-19,19
64,0,64,1,93,0,97.5,-,0,0
63,71,72,3,0,0,0,-,-9,9
62,0,62,20,0,0,0,-,0,0
61,77,88,15,80,98,80,-,-27,27
60,68,81,21,71,0,90.5,+,-21,21
59,60,60,5,0,0,0,-,-1,1
58,58,63,6,64,0,73,+,-5,5
57,39,75,5,21,0,0,+,-18,18
56,66,73,16,0,0,0,+,-17,17
55,64,92,24,0,0,0,-,-37,37
54,52,100,46,97,44,98,-,-46,46
53,62,99,41,46,0,84.5,-,-46,46
52,61,61,11,69,0,76.5,+,-9,9
51,56,61,10,42,0,65.5,+,-10,10
50,35,70,3,94,96,90,+,-20,20
49,53,57,12,18,0,0,+,-8,8
48,54,54,13,14,0,0,+,-6,6
47,24,61,2,0,0,0,+,-14,14
46,55,87,18,0,0,0,-,-41,41
45,63,93,16,85,64,92.5,-,-48,48
44,43,58,6,0,0,0,+,-14,14
43,9,91,2,96,72,96.5,+,-48,48
42,50,80,20,0,0,47.5,-,-38,38
41,46,86,12,0,0,0,-,-45,45
40,41,46,8,0,0,0,+,-6,6
39,32,56,8,49,0,85,+,-17,17
38,0,38,1,93,0,97.5,-,0,0
37,33,45,10,0,0,0,+,-8,8
36,37,54,10,32,0,68,+,-18,18
35,45,97,18,0,0,0,-,-62,62
34,42,66,19,82,0,94,+,-32,32
33,0,40,1,23,0,20,+,-7,7
32,29,84,13,0,0,0,-,-52,52
31,13,79,7,73,0,86.5,+,-48,48
30,40,80,19,28,0,53,-,-50,50
29,31,55,9,0,0,0,+,-26,26
28,17,35,3,0,0,0,+,-7,7
27,20,79,3,0,0,0,-,-52,52
26,22,50,9,51,0,79.5,+,-24,24
25,16,40,7,38,0,80.5,+,-15,15
24,11,57,4,83,0,97,+,-33,33
23,28,31,8,0,0,0,+,-8,8
22,26,48,14,89,68,91,-,-26,26
21,25,62,12,0,0,0,+,-41,41
20,12,45,7,0,0,0,+,-25,25
19,23,75,15,89,68,91,-,-56,56
18,38,70,11,75,0,94.5,-,-52,52
17,36,45,13,0,0,0,-,-28,28
16,19,46,10,0,0,0,+,-30,30
15,30,58,13,1,0,52.5,-,-43,43
14,15,36,9,0,0,0,+,-22,22
13,0,37,1,0,0,0,-,-24,24
12,27,33,2,0,0,0,+,-21,21
11,18,43,10,87,0,83.5,-,-32,32
10,0,65,2,0,0,0,+,-55,55
9,0,9,1,36,0,78,-,0,0
8,10,24,12,0,0,0,-,-16,16
7,4,55,5,53,0,71,+,-48,48
6,5,40,8,0,0,0,-,-34,34
5,1,35,4,0,0,0,+,-30,30
4,0,99,2,99,0,100,-,-95,95
3,6,84,6,0,0,0,+,-81,81
2,3,9,5,92,0,70,-,-7,7
1,2,11,5,0,0,0,+,-10,10
100,100,100,10,0,0,0,-,0,0
99,99,99,17,87,0,0,-,0,0
98,98,98,21,96,0,45.5,-,0,0
97,96,97,27,93,0,91.5,+,0,0
96,97,100,27,0,0,0,-,-4,4
95,93,96,10,86,0,18.5,-,-1,1
94,95,99,18,99,64,92.5,-,-5,5
93,94,98,19,84,54,1,-,-5,5
92,90,92,5,65,0,0,-,0,0
91,92,99,32,97,72,94,-,-8,8
90,88,90,8,0,0,0,+,0,0
89,83,92,12,83,0,91,+,-3,3
88,86,89,16,81,0,87.5,+,-1,1
87,91,93,27,0,0,0,-,-6,6
86,87,88,19,0,0,0,+,-2,2
85,89,91,17,0,0,0,-,-6,6
84,85,87,18,94,12,94.5,+,-3,3
83,79,88,8,0,0,0,+,-5,5
82,80,89,13,0,0,0,+,-7,7
81,84,95,23,100,100,96,-,-14,14
80,81,88,16,72,0,78.5,-,-8,8
79,77,85,11,0,0,0,+,-6,6
78,76,83,13,69,0,88.5,+,-5,5
77,82,88,14,85,98,85,-,-11,11
76,78,86,8,82,84,0,+,-10,10
75,74,75,14,49,0,14,-,0,0
74,68,98,12,24,0,0,+,-24,24
73,48,95,5,54,0,80,-,-22,22
72,75,100,29,100,100,96,-,-28,28
71,72,72,2,0,0,0,-,-1,1
70,54,100,4,29,0,0,+,-30,30
69,67,69,16,42,0,70.5,-,0,0
68,71,81,20,79,0,92,-,-13,13
67,66,100,39,100,100,96,+,-33,33
66,69,73,15,0,0,0,-,-7,7
65,49,97,6,0,0,0,+,-32,32
64,70,92,23,0,0,0,-,-28,28
63,73,93,15,91,44,95.5,-,-30,30
62,63,99,40,50,0,88,-,-37,37
61,61,61,10,73,0,82.5,-,0,0
60,41,60,4,0,0,0,-,0,0
59,60,84,19,58,0,79.5,+,-25,25
58,55,63,5,68,0,78,+,-5,5
57,65,71,20,0,0,0,-,-14,14
56,51,61,9,47,0,73,-,-5,5
55,64,87,17,0,0,0,-,-32,32
54,52,54,12,18,0,0,-,0,0
53,57,57,11,19,0,0,-,-4,4
52,58,100,45,94,12,94.5,+,-48,48
51,59,96,37,91,44,95.5,-,-45,45
50,62,80,19,0,0,55.5,-,-30,30
49,50,50,20,41,0,77.5,-,-1,1
48,0,100,3,0,0,0,+,-52,52
47,46,48,21,2,0,42.5,-,-1,1
46,42,86,11,0,0,0,-,-40,40
45,56,97,17,0,0,0,-,-52,52
44,0,68,1,34,0,0,-,-24,24
43,37,58,5,0,0,0,+,-15,15
42,44,66,18,89,0,97,-,-24,24
41,36,46,7,0,0,0,-,-5,5
40,43,80,18,20,0,43,-,-40,40
39,39,75,4,1,0,0,+,-36,36
38,47,70,10,95,0,99.5,-,-32,32
37,32,54,9,36,0,72,-,-17,17
36,45,45,12,0,0,0,-,-9,9
35,8,70,2,88,82,89,+,-35,35
34,0,78,1,99,64,92.5,+,-44,44
33,31,45,9,0,0,0,+,-12,12
32,28,56,7,0,0,0,+,-24,24
31,29,55,8,0,0,0,-,-24,24
30,40,58,12,28,10,68.5,-,-28,28
29,38,84,12,0,0,0,+,-55,55
28,27,31,7,0,0,0,-,-3,3
27,0,33,1,0,0,0,-,-6,6
26,33,48,13,92,50,93,-,-22,22
25,34,62,11,0,0,0,-,-37,37
24,0,61,1,0,0,0,+,-37,37
23,30,75,14,92,50,93,-,-52,52
22,24,50,8,57,0,82,+,-28,28
21,35,49,18,14,0,29,-,-28,28
20,12,79,2,0,0,0,+,-59,59
19,26,46,9,0,0,0,-,-27,27
18,21,43,9,63,0,87,-,-25,25
17,14,35,2,0,0,0,+,-18,18
16,19,40,6,35,0,81,+,-24,24
15,18,36,8,0,0,0,-,-21,21
14,7,24,4,0,0,0,-,-10,10
13,17,79,6,78,0,90,+,-66,66
12,22,45,6,0,0,0,+,-33,33
11,16,57,3,31,0,66,+,-46,46
10,20,24,11,0,0,0,-,-14,14
9,0,91,1,97,72,94,+,-82,82
8,0,8,1,0,0,0,-,0,0
7,0,7,1,61,0,0,-,0,0
6,25,84,5,0,0,0,-,-78,78
5,15,40,7,0,0,0,+,-35,35
4,13,55,4,59,0,76.5,+,-51,51
3,9,9,4,76,0,69.5,-,-6,6
2,10,11,4,0,0,0,-,-9,9
1,5,35,3,0,0,0,+,-34,34
100,100,100,9,0,0,0,+,0,0
99,99,99,16,88,0,0,+,0,0
98,97,98,20,93,0,44.5,+,0,0
97,98,100,26,0,0,0,-,-3,3
96,96,97,26,89,0,91,+,-1,1
95,95,99,17,96,34,93,-,-4,4
94,94,98,18,84,54,0,-,-4,4
93,93,96,9,86,0,13.5,+,-3,3
92,91,99,31,95,74,95.5,-,-7,7
91,90,93,26,0,0,0,-,-2,2
90,92,92,4,66,0,0,+,-2,2
89,89,91,16,0,0,0,-,-2,2
88,87,90,7,0,0,0,+,-2,2
87,88,88,18,0,0,0,-,-1,1
86,85,89,15,80,0,86,+,-3,3
85,83,87,17,91,6,94.5,-,-2,2
84,86,95,22,99,100,96,-,-11,11
83,84,92,11,68,0,83,+,-9,9
82,82,88,13,83,90,85,-,-6,6
81,81,88,15,76,0,80,-,-7,7
80,80,89,12,0,0,0,+,-9,9
79,75,88,7,0,0,0,+,-9,9
78,79,86,7,82,88,0,-,-8,8
77,71,85,10,0,0,0,+,-8,8
76,77,83,12,71,0,89.5,+,-7,7
75,76,100,28,99,100,96,-,-25,25
74,70,75,13,45,0,5,+,-1,1
73,78,93,14,90,50,96.5,-,-20,20
72,0,72,1,0,0,0,-,0,0
71,74,81,19,78,0,92.5,-,-10,10
70,72,92,22,0,0,0,-,-22,22
69,73,73,14,0,0,0,-,-4,4
68,63,98,11,1,0,0,+,-30,30
67,64,69,15,44,0,71.5,+,-2,2
66,67,100,38,99,100,96,+,-34,34
65,68,71,19,0,0,0,-,-6,6
64,69,87,16,0,0,0,-,-23,23
63,66,99,39,48,0,88.5,-,-36,36
62,62,80,18,0,0,53,-,-18,18
61,56,61,9,77,0,87,+,0,0
60,54,84,18,60,0,78.5,-,-24,24
59,60,96,36,90,50,96.5,-,-37,37
58,58,100,44,91,6,94.5,-,-42,42
57,53,57,10,19,0,0,-,0,0
56,65,97,16,0,0,0,-,-41,41
55,57,63,4,70,0,76.5,+,-8,8
54,38,100,3,7,0,0,+,-46,46
53,59,97,29,91,6,94.5,-,-44,44
52,46,54,11,15,0,0,+,-2,2
51,44,61,8,43,0,67,+,-10,10
50,49,50,19,51,0,87.5,-,0,0
49,42,97,5,0,0,0,+,-48,48
48,51,95,4,23,0,0,+,-47,47
47,22,70,9,100,0,100,-,-23,23
46,48,48,20,13,0,46,+,-2,2
45,45,45,11,0,0,0,-,0,0
44,61,66,17,94,0,98,-,-22,22
43,50,80,17,35,0,54,-,-37,37
42,43,86,10,0,0,0,+,-44,44
41,36,60,3,0,0,0,+,-19,19
40,40,58,11,63,36,92,-,-18,18
39,35,75,3,3,0,0,+,-36,36
38,55,84,11,0,0,0,-,-46,46
37,33,58,4,0,0,0,+,-21,21
36,37,46,6,0,0,0,+,-10,10
35,47,49,17,22,0,40.5,-,-14,14
34,26,62,10,0,0,0,-,-28,28
33,39,48,12,92,64,94,-,-15,15
32,31,54,8,36,0,73,+,-22,22
31,28,45,8,0,0,0,+,-14,14
30,34,75,13,92,64,94,-,-45,45
29,24,55,7,0,0,0,+,-26,26
28,21,56,6,0,0,0,+,-28,28
27,27,31,6,0,0,0,+,-4,4
26,25,46,8,0,0,0,-,-20,20
25,32,84,4,0,0,0,-,-59,59
24,23,50,7,59,0,82.5,-,-26,26
23,0,23,1,6,0,0,-,0,0
22,20,45,5,0,0,0,-,-23,23
21,29,43,8,52,0,86.5,-,-22,22
20,18,24,10,0,0,0,-,-4,4
19,13,40,5,33,0,79,-,-21,21
18,16,36,7,0,0,0,-,-18,18
17,8,79,5,73,0,90.5,-,-62,62
16,4,57,2,18,0,55.5,-,-41,41
15,17,40,6,0,0,0,-,-25,25
14,0,35,1,0,0,0,+,-21,21
13,5,55,3,62,0,77.5,-,-42,42
12,0,79,1,0,0,0,+,-67,67
11,15,58,19,12,0,57.5,-,-47,47
10,11,11,3,0,0,0,-,-1,1
9,2,9,3,72,0,75.5,-,0,0
8,0,70,1,87,84,89,+,-62,62
7,12,24,3,0,0,0,+,-17,17
6,41,41,11,0,0,0,-,-35,35
5,3,35,2,0,0,0,-,-30,30
4,10,23,4,82,88,0,-,-19,19
3,7,7,2,0,0,0,-,-4,4
2,0,2,1,38,0,0,-,0,0
1,9,43,13,92,64,94,-,-42,42
100,100,100,8,0,0,0,+,0,0
99,98,99,15,86,0,0,+,0,0
98,99,100,25,0,0,0,-,-2,2
97,97,98,19,93,0,47.5,+,-1,1
96,94,97,25,90,0,93.5,+,-1,1
95,96,99,16,96,40,94.5,+,-4,4
94,95,98,17,88,54,10,+,-4,4
93,91,96,8,87,0,28.5,+,-3,3
92,84,92,3,75,0,0,-,0,0
91,93,99,30,94,72,95,+,-8,8
90,92,93,25,0,0,0,+,-3,3
89,90,91,15,0,0,0,+,-2,2
88,88,88,17,0,0,0,-,0,0
87,82,90,6,0,0,0,+,-3,3
86,89,95,21,98,100,96,-,-9,9
85,85,89,14,77,0,81.5,+,-4,4
84,73,92,10,68,0,87.5,-,-8,8
83,81,87,16,92,10,95.5,+,-4,4
82,87,88,12,85,98,86,+,-6,6
81,86,88,14,80,0,84,+,-7,7
80,69,89,11,0,0,0,+,-9,9
79,79,86,6,83,86,0,-,-7,7
78,80,93,13,91,36,96.5,-,-15,15
77,83,83,11,69,0,92.5,-,-6,6
76,77,100,27,98,100,96,-,-24,24
75,62,88,6,0,0,0,+,-13,13
74,78,81,18,81,0,94,-,-7,7
73,72,73,13,0,0,0,-,0,0
72,76,92,21,0,0,0,-,-20,20
71,64,85,9,0,0,0,+,-14,14
70,66,75,12,52,0,21.5,+,-5,5
69,74,87,15,0,0,0,-,-18,18
68,71,71,18,0,0,0,-,-3,3
67,68,100,37,98,100,96,-,-33,33
66,70,99,38,53,0,88,-,-33,33
65,75,97,15,0,0,0,-,-32,32
64,59,69,14,48,0,73,+,-5,5
63,56,98,10,0,0,0,+,-35,35
62,65,80,17,0,0,64,+,-18,18
61,55,66,16,100,0,100,-,-5,5
60,63,96,35,91,36,96.5,-,-36,36
59,60,97,28,92,10,95.5,-,-38,38
58,58,100,43,92,10,95.5,+,-42,42
57,37,63,3,76,0,82,-,-6,6
56,57,61,8,78,0,85.5,+,-5,5
55,67,84,10,0,0,0,-,-29,29
54,50,84,17,57,0,79,+,-30,30
53,47,57,9,17,0,0,+,-4,4
52,54,91,34,73,0,90.5,-,-39,39
51,30,95,3,26,0,0,-,-44,44
50,52,80,16,51,0,62.5,-,-30,30
49,45,50,18,82,0,98.5,+,-1,1
48,42,48,19,12,0,43.5,-,0,0
47,49,49,16,35,0,52.5,-,-2,2
46,43,54,10,11,0,0,+,-8,8
45,44,45,10,0,0,0,+,0,0
44,41,61,7,49,0,67.5,+,-17,17
43,46,86,9,0,0,0,-,-43,43
42,29,42,4,0,0,0,+,0,0
41,34,41,10,13,0,0,-,0,0
40,38,58,10,7,24,0,+,-18,18
39,40,48,11,95,64,98,-,-9,9
38,6,100,2,0,0,0,+,-62,62
37,28,46,5,0,0,0,-,-9,9
36,18,60,2,0,0,0,+,-24,24
35,5,75,2,0,0,0,+,-40,40
34,33,75,12,95,64,98,-,-41,41
33,16,58,3,0,0,0,+,-25,25
32,8,84,3,0,0,0,-,-52,52
31,27,54,7,40,0,74.5,+,-23,23
30,0,30,1,44,0,0,-,0,0
29,35,43,7,59,0,91,-,-14,14
28,26,45,7,0,0,0,+,-17,17
27,20,31,5,0,0,0,+,-4,4
26,36,62,9,0,0,0,+,-36,36
25,21,46,7,0,0,0,+,-21,21
24,14,55,6,0,0,0,+,-31,31
23,13,50,6,63,0,83,+,-27,27
22,25,70,8,18,0,13,+,-48,48
21,19,56,5,0,0,0,+,-35,35
20,11,45,4,0,0,0,+,-25,25
19,0,19,1,0,0,0,-,0,0
18,15,24,9,0,0,0,+,-6,6
17,22,40,5,0,0,0,-,-23,23
16,9,36,6,0,0,0,+,-20,20
15,31,58,18,22,0,68,-,-43,43
14,0,99,1,29,0,44,-,-85,85
13,10,40,4,46,0,81,+,-27,27
12,24,24,2,0,0,0,-,-12,12
11,2,11,2,0,0,0,-,0,0
10,23,23,3,83,86,0,-,-13,13
9,12,43,12,95,64,98,-,-34,34
8,0,79,4,73,0,90.5,+,-71,71
7,0,7,1,0,0,0,-,0,0
6,7,49,12,95,64,98,-,-43,43
5,0,55,2,62,0,80,+,-50,50
4,0,57,1,16,0,60,+,-53,53
3,0,35,1,0,0,0,+,-32,32
2,0,9,2,72,0,76,+,-7,7
1,0,62,19,0,0,0,-,-61,61
100,100,100,7,0,0,0,+,0,0
99,99,100,24,0,0,0,-,-1,1
98,96,99,14,84,0,0,+,-1,1
97,98,98,18,93,0,49,+,-1,1
96,97,99,15,96,44,95,-,-3,3
95,95,98,16,91,38,7,-,-3,3
94,93,97,24,88,0,92.5,+,-3,3
93,94,99,29,95,70,96.5,-,-6,6
92,92,93,24,0,0,0,-,-1,1
91,90,96,7,83,0,8.5,+,-5,5
90,91,91,14,0,0,0,-,-1,1
89,89,95,20,100,100,97.5,-,-6,6
88,86,88,16,0,0,0,+,0,0
87,88,88,11,90,98,86.5,-,-1,1
86,87,88,13,79,0,87,-,-2,2
85,83,89,13,73,0,82.5,+,-4,4
84,58,92,2,51,0,0,+,-8,8
83,76,83,10,81,0,94.5,-,0,0
82,74,90,5,0,0,0,+,-8,8
81,77,87,15,92,2,95.5,+,-6,6
80,81,93,12,94,68,97,-,-13,13
79,84,86,5,87,94,0,+,-7,7
78,80,81,17,85,0,96,-,-3,3
77,78,100,26,100,100,97.5,-,-23,23
76,82,92,20,0,0,0,-,-16,16
75,85,97,14,0,0,0,-,-22,22
74,79,87,14,0,0,0,-,-13,13
73,70,92,9,49,0,74.5,+,-19,19
72,73,73,12,0,0,0,+,-1,1
71,68,71,17,0,0,0,-,0,0
70,75,99,37,58,0,88.5,-,-29,29
69,67,89,10,0,0,0,+,-20,20
68,69,100,36,100,100,97.5,-,-32,32
67,71,84,9,0,0,0,-,-17,17
66,63,75,11,46,0,20,+,-9,9
65,72,80,16,0,0,63,-,-15,15
64,61,85,8,0,0,0,+,-21,21
63,64,96,34,94,68,97,-,-33,33
62,46,88,5,0,0,0,+,-26,26
61,0,61,1,55,0,22.5,-,0,0
60,65,97,27,92,2,95.5,-,-37,37
59,56,69,13,37,0,73.5,+,-10,10
58,66,100,42,92,2,95.5,+,-42,42
57,48,61,7,80,0,90.5,-,-4,4
56,47,98,9,0,0,0,+,-42,42
55,60,66,15,61,0,56.5,+,-11,11
54,55,91,33,75,0,88,-,-37,37
53,54,90,23,0,0,0,-,-37,37
52,57,80,15,50,0,68,-,-28,28
51,59,71,44,26,0,64,-,-20,20
50,49,84,16,60,0,78.5,+,-34,34
49,43,49,15,43,0,70.5,-,0,0
48,45,48,22,41,0,58,-,0,0
47,41,57,8,10,0,0,+,-10,10
46,40,86,8,0,0,0,-,-40,40
45,42,50,17,1,0,0,+,-5,5
44,39,45,9,0,0,0,+,-1,1
43,35,54,9,0,0,0,+,-11,11
42,37,48,18,0,0,33.5,+,-6,6
41,31,61,6,31,0,65,+,-20,20
40,44,48,10,98,66,98.5,-,-8,8
39,50,72,20,0,0,0,-,-33,33
38,38,58,9,0,0,0,+,-20,20
37,8,63,2,71,6,76.5,+,-26,26
36,62,62,8,2,0,0,-,-26,26
35,33,43,6,64,0,93.5,-,-8,8
34,32,41,9,0,0,0,+,-7,7
33,34,75,11,98,66,98.5,+,-42,42
32,29,46,11,62,0,87.5,-,-14,14
31,36,58,17,40,0,77.5,-,-27,27
30,21,95,2,0,0,0,+,-65,65
29,14,42,3,0,0,0,+,-13,13
28,25,46,4,0,0,0,+,-18,18
27,26,54,6,33,0,75.5,+,-27,27
26,28,45,6,0,0,0,+,-19,19
25,30,70,7,42,0,6,-,-45,45
24,0,24,1,0,0,0,-,0,0
23,10,23,2,87,94,0,-,0,0
22,27,40,4,0,0,0,-,-18,18
21,16,46,6,0,0,0,+,-25,25
20,13,31,4,0,0,0,+,-11,11
19,9,56,4,0,0,0,+,-37,37
18,0,60,1,0,0,0,+,-42,42
17,0,17,1,0,0,0,-,0,0
16,5,58,2,0,0,0,+,-42,42
15,24,24,8,0,0,0,+,-9,9
14,12,55,5,0,0,0,+,-41,41
13,15,50,5,68,0,86,+,-37,37
12,19,43,11,98,66,98.5,-,-31,31
11,4,45,3,0,0,0,+,-34,34
10,0,40,3,47,0,83.5,+,-30,30
9,7,36,5,0,0,0,+,-27,27
8,2,84,2,0,0,0,+,-76,76
7,11,49,11,98,66,98.5,-,-42,42
6,0,100,1,0,0,0,+,-94,94
5,0,75,1,0,0,0,+,-70,70
4,17,31,3,0,0,0,-,-27,27
3,18,34,5,0,0,0,-,-31,31
2,0,11,1,0,0,0,+,-9,9
1,0,1,1,15,0,0,-,0,0
100,100,100,6,0,0,0,+,0,0
99,99,100,23,0,0,0,+,-1,1
98,95,98,17,94,0,54.5,-,0,0
97,98,99,14,97,32,95,-,-2,2
96,97,99,13,82,0,0,+,-3,3
95,94,98,15,91,34,19.5,+,-3,3
94,96,99,28,96,70,96,-,-5,5
93,92,97,23,87,0,92.5,+,-4,4
92,93,93,23,0,0,0,+,-1,1
91,90,91,13,0,0,0,-,0,0
90,89,96,6,77,0,14,+,-6,6
89,91,95,19,100,98,97,+,-6,6
88,86,88,10,89,100,86.5,-,0,0
87,87,88,12,79,0,86,-,-1,1
86,85,88,15,0,0,0,+,-2,2
85,88,97,13,0,0,0,-,-12,12
84,80,86,4,86,90,0,-,-2,2
83,77,89,12,69,0,81.5,+,-6,6
82,84,92,19,0,0,0,-,-10,10
81,81,93,11,93,62,96.5,-,-12,12
80,79,81,16,81,0,94,-,-1,1
79,83,87,13,0,0,0,-,-8,8
78,82,100,25,100,98,97,-,-22,22
77,75,87,14,92,4,94.5,+,-10,10
76,45,83,9,75,0,92,+,-7,7
75,78,99,36,62,0,88.5,-,-24,24
74,57,90,4,0,0,0,+,-16,16
73,73,73,11,0,0,0,-,0,0
72,76,80,15,0,0,65.5,-,-8,8
71,72,84,8,0,0,0,-,-13,13
70,67,92,8,46,0,72.5,+,-22,22
69,74,100,35,100,98,97,-,-31,31
68,71,71,16,0,0,0,+,-3,3
67,62,89,9,0,0,0,+,-22,22
66,65,100,41,92,4,94.5,-,-34,34
65,68,97,26,92,4,94.5,-,-32,32
64,69,96,33,93,62,96.5,-,-32,32
63,56,75,10,42,0,26,+,-12,12
62,18,62,7,21,0,0,-,0,0
61,59,85,7,0,0,0,+,-24,24
60,66,66,14,64,0,53.5,-,-6,6
59,63,71,43,32,0,70.5,-,-12,12
58,0,92,1,18,0,0,+,-34,34
57,70,80,14,57,0,73,-,-23,23
56,58,69,12,40,0,76,+,-13,13
55,61,91,32,73,0,87.5,-,-36,36
54,64,90,22,0,0,0,-,-36,36
53,60,89,25,0,0,0,-,-36,36
52,53,94,32,79,0,86,-,-42,42
51,52,99,54,93,62,96.5,-,-48,48
50,55,72,19,0,0,0,-,-22,22
49,54,84,15,58,0,77.5,+,-35,35
48,42,61,6,78,0,90.5,+,-13,13
47,47,98,8,0,0,0,+,-51,51
46,34,88,4,0,0,0,+,-42,42
45,0,48,21,41,0,62.5,+,-3,3
44,48,48,9,95,72,95.5,-,-4,4
43,44,49,14,43,0,70,+,-6,6
42,39,50,16,0,0,0,+,-8,8
41,36,57,7,3,0,0,+,-16,16
40,49,86,7,0,0,0,+,-46,46
39,33,45,8,0,0,0,+,-6,6
38,30,58,8,11,0,0,+,-20,20
37,38,48,17,0,0,23.5,+,-11,11
36,46,58,16,33,0,75,-,-22,22
35,32,54,8,0,0,0,+,-19,19
34,41,75,10,95,72,95.5,-,-41,41
33,43,43,5,71,0,93.5,+,-10,10
32,35,41,8,0,0,0,+,-9,9
31,25,61,5,28,0,64.5,+,-30,30
30,29,70,6,50,0,5.5,-,-40,40
29,23,46,10,56,0,80.5,+,-17,17
28,12,45,5,0,0,0,-,-17,17
27,40,40,3,0,0,0,-,-13,13
26,24,54,5,34,0,74.5,+,-28,28
25,22,46,3,0,0,0,+,-21,21
24,14,24,7,0,0,16,-,0,0
23,37,51,18,0,0,0,-,-28,28
22,13,22,6,0,0,0,-,0,0
21,0,95,1,0,0,0,+,-74,74
20,27,78,20,0,0,0,-,-58,58
19,26,43,10,95,72,95.5,-,-24,24
18,17,34,4,0,0,0,-,-16,16
17,31,31,2,0,0,0,-,-14,14
16,11,46,5,0,0,0,+,-30,30
15,8,50,4,63,0,85,-,-35,35
14,1,42,2,0,0,0,+,-28,28
13,16,31,3,0,0,0,+,-18,18
12,10,55,4,0,0,0,+,-43,43
11,28,49,10,95,72,95.5,-,-38,38
10,0,23,1,86,90,0,+,-13,13
9,7,56,3,0,0,0,+,-47,47
8,0,63,1,66,22,71,+,-55,55
7,6,36,4,0,0,0,+,-29,29
6,21,62,18,0,0,0,-,-56,56
5,0,58,1,0,0,0,+,-53,53
4,2,45,2,0,0,0,+,-41,41
3,0,3,1,19,0,0,-,0,0
2,0,84,1,0,0,0,+,-82,82
1,0,1,1,0,0,0,-,0,0
100,91,100,5,0,0,0,+,0,0
99,100,100,22,0,0,0,+,-1,1
98,99,99,13,99,42,98.5,-,-1,1
97,95,99,12,80,0,0,-,-2,2
96,96,99,27,97,72,96,-,-3,3
95,97,98,16,93,0,59.5,+,-3,3
94,98,98,14,91,38,32,+,-4,4
93,93,93,22,0,0,0,-,0,0
92,89,97,22,83,0,91,+,-5,5
91,94,95,18,100,100,98,-,-4,4
90,90,91,12,0,0,0,+,-1,1
89,87,96,5,77,0,35.5,+,-7,7
88,92,97,12,0,0,0,-,-9,9
87,88,88,11,85,0,90.5,+,-1,1
86,85,88,9,90,98,89.5,+,-2,2
85,79,88,14,0,0,0,+,-3,3
84,86,92,18,0,0,0,-,-8,8
83,83,87,12,0,0,0,-,-4,4
82,84,100,24,100,100,98,-,-18,18
81,81,93,10,95,54,97.5,+,-12,12
80,82,86,3,87,90,22,+,-6,6
79,78,81,15,79,0,93,+,-2,2
78,80,99,35,66,0,87.5,-,-21,21
77,73,89,11,68,0,82,+,-12,12
76,76,80,14,0,0,73,-,-4,4
75,62,87,13,92,16,95.5,+,-12,12
74,75,100,34,100,100,98,-,-26,26
73,71,73,10,0,0,0,+,0,0
72,74,84,7,0,0,0,-,-12,12
71,67,71,15,0,0,0,-,0,0
70,77,80,13,67,0,83,-,-10,10
69,72,96,32,95,54,97.5,-,-27,27
68,68,97,25,92,16,95.5,-,-29,29
67,56,92,7,43,0,72,+,-25,25
66,65,66,13,62,0,62,-,0,0
65,64,100,40,92,16,95.5,+,-35,35
64,70,90,21,0,0,0,-,-26,26
63,61,71,42,47,0,75,-,-8,8
62,60,89,8,0,0,0,+,-27,27
61,66,91,31,82,0,94,-,-30,30
60,63,89,24,0,0,0,-,-29,29
59,37,85,6,0,0,0,+,-26,26
58,55,69,11,46,0,79.5,-,-11,11
57,45,90,3,0,0,0,+,-33,33
56,50,75,9,44,0,28.5,+,-19,19
55,69,72,18,0,0,0,-,-17,17
54,49,84,14,69,0,86,-,-30,30
53,57,94,31,85,0,90.5,-,-41,41
52,59,99,53,95,54,97.5,-,-47,47
51,58,90,29,0,0,0,-,-39,39
50,52,88,20,76,78,64,-,-38,38
49,32,86,6,0,0,0,-,-37,37
48,42,48,8,96,66,96.5,-,0,0
47,41,98,7,0,0,0,+,-51,51
46,53,58,15,35,0,68.5,-,-12,12
45,47,83,8,33,0,71.5,+,-38,38
44,44,49,13,25,0,28,-,-5,5
43,40,43,4,88,0,97,-,0,0
42,25,61,5,75,0,85,+,-19,19
41,33,75,9,96,66,96.5,-,-34,34
40,24,40,2,0,0,0,-,0,0
39,36,50,15,0,0,0,+,-11,11
38,38,48,16,0,0,29,-,-10,10
37,48,51,17,0,0,9.5,-,-14,14
36,29,57,6,2,0,0,+,-21,21
35,35,41,7,0,0,0,-,-6,6
34,18,88,3,0,0,0,+,-54,54
33,30,45,7,0,0,0,+,-12,12
32,26,54,7,0,0,0,+,-22,22
31,0,31,1,0,0,0,-,0,0
30,34,58,7,0,0,0,+,-28,28
29,23,70,5,40,0,0.5,+,-41,41
28,27,49,9,96,66,96.5,-,-21,21
27,31,78,19,0,0,0,-,-51,51
26,19,43,9,96,66,96.5,-,-17,17
25,13,61,4,29,0,64.5,+,-36,36
24,15,54,4,41,0,78,+,-30,30
23,20,46,9,31,0,63.5,+,-23,23
22,3,46,2,0,0,0,+,-24,24
21,16,62,17,0,0,0,-,-41,41
20,39,48,20,61,0,88.5,-,-28,28
19,0,19,1,12,0,55,-,0,0
18,21,62,6,0,0,0,+,-44,44
17,28,34,3,0,0,0,+,-17,17
16,14,31,2,0,0,0,-,-15,15
15,0,15,2,0,0,0,-,0,0
14,12,24,6,0,0,0,+,-10,10
13,17,22,5,0,0,0,+,-9,9
12,7,45,4,0,0,0,+,-33,33
11,8,46,4,0,0,0,+,-35,35
10,6,55,3,0,0,0,+,-45,45
9,9,29,8,82,0,94,-,-20,20
8,5,50,3,53,0,77.5,+,-42,42
7,4,56,2,0,0,0,+,-49,49
6,11,36,3,0,0,0,+,-30,30
5,0,65,1,27,0,0,-,-60,60
4,10,10,2,0,0,0,-,-6,6
3,0,3,1,0,0,0,-,0,0
2,0,45,1,0,0,0,+,-43,43
1,0,42,1,0,0,0,+,-41,41
100,100,100,21,0,0,0,-,0,0
99,99,99,12,99,40,95,-,0,0
98,97,98,13,94,56,37.5,-,0,0
97,96,98,15,93,0,42,-,-1,1
96,98,99,26,98,72,94.5,+,-3,3
95,95,99,11,80,0,0,+,-4,4
94,94,95,17,100,100,98,-,-1,1
93,92,93,21,0,0,0,+,0,0
92,93,97,11,0,0,0,-,-5,5
91,17,100,4,0,0,0,+,-9,9
90,91,91,11,0,0,0,+,-1,1
89,89,97,21,72,0,84,+,-8,8
88,82,88,10,83,30,85.5,-,0,0
87,84,96,4,70,0,14,+,-9,9
86,90,92,17,0,0,0,-,-6,6
85,85,88,8,88,98,87,+,-3,3
84,88,100,23,100,100,98,-,-16,16
83,86,87,11,0,0,0,+,-4,4
82,78,86,2,90,90,0,-,-4,4
81,83,93,9,97,62,97.5,+,-12,12
80,87,99,34,65,0,86,-,-19,19
79,79,88,13,0,0,0,+,-9,9
78,81,81,14,79,0,89.5,+,-3,3
77,70,80,12,73,0,85,-,-3,3
76,80,80,13,0,0,70,+,-4,4
75,77,100,33,100,100,98,-,-25,25
74,75,84,6,0,0,0,-,-10,10
73,64,89,10,61,0,75,+,-16,16
72,74,96,31,97,62,97.5,-,-24,24
71,71,73,9,0,0,0,+,-2,2
70,73,90,20,0,0,0,-,-20,20
69,72,72,17,0,0,0,-,-3,3
68,76,97,24,91,22,94,+,-29,29
67,68,71,14,0,0,0,+,-4,4
66,67,91,30,82,0,91,-,-25,25
65,65,66,12,60,0,56.5,+,-1,1
64,69,100,39,91,22,94,+,-36,36
63,66,89,23,0,0,0,-,-26,26
62,46,87,12,91,22,94,+,-25,25
61,63,71,41,40,0,66,+,-10,10
60,43,89,7,0,0,0,+,-29,29
59,62,99,52,97,62,97.5,-,-40,40
58,61,90,28,0,0,0,-,-32,32
57,60,94,30,83,30,85.5,-,-37,37
56,51,92,6,34,0,64,+,-36,36
55,53,69,10,43,0,82.5,+,-14,14
54,59,98,33,99,40,95,-,-44,44
53,52,58,14,39,0,71,-,-5,5
52,57,88,19,77,88,52.5,-,-36,36
51,58,70,20,71,76,80,-,-19,19
50,50,75,8,37,0,0,+,-25,25
49,54,84,13,63,0,80.5,+,-35,35
48,49,51,16,13,0,7.5,-,-3,3
47,56,83,7,38,0,77,-,-36,36
46,55,82,20,0,0,0,-,-36,36
45,31,90,2,0,0,0,+,-45,45
44,41,49,12,21,0,24.5,+,-5,5
43,47,73,22,81,0,90,-,-30,30
42,44,48,7,96,70,93.5,+,-6,6
41,38,98,6,0,0,0,+,-57,57
40,23,43,3,92,8,98.5,+,-3,3
39,48,48,19,84,0,97,-,-9,9
38,42,48,15,2,0,27,+,-10,10
37,19,85,5,0,0,0,+,-48,48
36,37,50,14,0,0,0,+,-14,14
35,33,41,6,0,0,0,+,-6,6
34,32,58,6,3,0,0,-,-24,24
33,40,75,8,96,70,93.5,+,-42,42
32,39,86,5,0,0,0,+,-54,54
31,45,78,18,0,0,0,-,-47,47
30,24,45,6,0,0,0,+,-15,15
29,25,57,5,0,0,0,+,-28,28
28,34,34,2,0,0,0,-,-6,6
27,36,49,8,96,70,93.5,+,-22,22
26,29,54,6,0,0,0,+,-28,28
25,20,61,4,67,0,81,+,-36,36
24,0,40,1,0,0,0,+,-16,16
23,22,70,4,10,0,0,+,-47,47
22,30,81,20,0,0,0,-,-59,59
21,12,62,5,0,0,0,-,-41,41
20,28,46,8,30,0,59.5,+,-26,26
19,27,43,8,96,70,93.5,+,-24,24
18,2,88,2,0,0,0,+,-70,70
17,16,22,4,0,0,0,-,-5,5
16,26,62,16,0,0,0,+,-46,46
15,11,54,3,35,0,79.5,+,-39,39
14,0,31,1,0,0,0,+,-17,17
13,8,61,3,27,0,62.5,+,-48,48
12,15,24,5,0,0,0,+,-12,12
11,35,36,2,0,0,0,-,-25,25
10,0,10,1,0,0,0,-,0,0
9,14,29,7,82,0,91,+,-20,20
8,9,46,3,0,0,0,+,-38,38
7,3,45,3,0,0,0,+,-38,38
6,5,55,2,0,0,0,+,-49,49
5,1,50,2,44,0,76,+,-45,45
4,0,56,1,0,0,0,+,-52,52
3,0,46,1,0,0,0,+,-43,43
2,18,43,16,52,0,83,-,-41,41
1,4,60,19,74,0,84.5,-,-59,59
100,100,100,20,0,0,0,+,0,0
99,99,99,11,98,58,96,+,0,0
98,98,99,25,97,76,97.5,-,-1,1
97,97,98,12,94,48,37,+,-1,1
96,95,98,14,92,0,50.5,+,-2,2
95,93,99,10,74,0,0,+,-4,4
94,94,95,16,100,100,98,+,-1,1
93,96,97,10,0,0,0,-,-4,4
92,91,93,20,0,0,0,+,-1,1
91,88,91,10,0,0,0,-,0,0
90,92,92,16,0,0,0,-,-2,2
89,86,97,20,73,0,85.5,+,-8,8
88,90,100,22,100,100,98,-,-12,12
87,89,99,33,78,0,91.5,-,-12,12
86,87,87,10,0,0,0,-,-1,1
85,85,88,7,89,98,88,+,-3,3
84,74,96,3,72,0,21,+,-12,12
83,83,93,8,95,52,98.5,-,-10,10
82,81,88,9,83,54,86.5,+,-6,6
81,80,81,13,81,0,94,-,0,0
80,79,80,12,0,0,78.5,-,0,0
79,69,88,12,0,0,0,+,-9,9
78,0,86,1,90,92,0,+,-8,8
77,77,100,32,100,100,98,-,-23,23
76,84,97,23,91,46,95,-,-21,21
75,75,84,5,0,0,0,-,-9,9
74,78,96,30,95,52,98.5,-,-22,22
73,82,90,19,0,0,0,-,-17,17
72,71,72,16,0,0,0,-,0,0
71,68,73,8,0,0,0,+,-2,2
70,73,80,11,66,0,84.5,+,-10,10
69,76,100,38,91,46,95,-,-31,31
68,50,71,13,0,0,0,-,-3,3
67,72,91,29,82,0,89.5,-,-24,24
66,70,89,22,0,0,0,-,-23,23
65,60,66,11,65,0,58,+,-1,1
64,62,89,9,69,0,79.5,+,-25,25
63,61,71,40,46,0,68,-,-8,8
62,64,99,51,95,52,98.5,-,-37,37
61,67,90,27,0,0,0,-,-29,29
60,63,94,29,83,54,86.5,-,-34,34
59,66,98,32,98,58,96,-,-39,39
58,56,70,19,85,90,84,-,-12,12
57,59,88,18,75,82,59.5,-,-31,31
56,6,83,6,57,0,82.5,-,-27,27
55,65,82,19,0,0,0,-,-27,27
54,53,84,12,60,0,77.5,-,-30,30
53,39,69,9,47,0,81,+,-16,16
52,58,58,13,41,0,63.5,+,-6,6
51,45,92,5,31,0,66.5,+,-41,41
50,43,75,7,44,0,23.5,+,-25,25
49,51,51,15,16,0,16,-,-2,2
48,46,48,18,17,0,0,-,0,0
47,47,73,21,86,0,91,-,-26,26
46,54,87,11,91,46,95,+,-41,41
45,57,78,17,0,0,0,-,-33,33
44,44,48,6,96,66,96.5,-,-4,4
43,23,89,6,0,0,0,+,-46,46
42,42,48,14,15,0,41.5,-,-6,6
41,36,49,11,25,0,33,+,-8,8
40,49,75,7,96,66,96.5,-,-35,35
39,48,86,4,0,0,0,-,-47,47
38,32,98,5,0,0,0,+,-60,60
37,28,50,13,0,0,0,-,-13,13
36,38,49,7,96,66,96.5,-,-13,13
35,0,36,1,0,0,0,-,-1,1
34,0,34,1,0,0,0,-,0,0
33,27,41,5,0,0,0,+,-8,8
32,41,58,5,0,0,0,+,-26,26
31,0,90,1,0,0,0,+,-59,59
30,37,81,19,0,0,0,-,-51,51
29,24,54,5,0,0,0,-,-25,25
28,29,46,7,32,0,64,-,-18,18
27,25,43,7,96,66,96.5,-,-16,16
26,30,62,15,0,0,0,-,-36,36
25,20,57,4,0,0,0,+,-32,32
24,22,45,5,0,0,0,+,-21,21
23,40,43,2,99,10,100,+,-20,20
22,34,70,3,12,0,0,+,-48,48
21,0,21,1,0,0,0,-,0,0
20,5,61,3,71,0,82,+,-41,41
19,3,85,4,0,0,0,+,-66,66
18,26,43,15,58,0,86,-,-25,25
17,19,100,3,0,0,0,+,-83,83
16,8,22,3,0,0,0,+,-6,6
15,4,24,4,0,0,0,-,-9,9
14,16,29,6,82,0,89.5,-,-15,15
13,21,54,17,0,0,0,-,-41,41
12,14,62,4,0,0,0,+,-50,50
11,0,54,2,37,0,75,+,-43,43
10,0,10,1,0,0,0,-,0,0
9,0,46,2,0,0,0,-,-37,37
8,0,61,2,43,0,81.5,+,-53,53
7,31,47,18,54,0,73,-,-40,40
6,12,58,20,0,0,0,-,-52,52
5,0,55,1,0,0,52,+,-50,50
4,11,60,18,84,0,88.5,-,-56,56
3,0,45,2,0,0,0,+,-42,42
2,0,88,1,0,0,0,+,-86,86
1,0,50,1,51,0,76.5,+,-49,49
100,100,100,19,0,0,0,+,0,0
99,99,99,10,98,40,95.5,+,0,0
98,98,99,24,97,74,97,+,-1,1
97,97,98,11,94,50,47.5,+,-1,1
96,96,97,9,0,0,0,-,-1,1
95,95,98,13,90,0,57,+,-3,3
94,94,95,15,99,100,98,+,-1,1
93,91,99,9,74,0,0,+,-6,6
92,92,92,15,0,0,0,-,0,0
91,88,93,19,0,0,0,+,-2,2
90,89,100,21,99,100,98,-,-10,10
89,90,99,32,80,0,89,-,-10,10
88,86,91,9,0,0,0,+,-3,3
87,87,87,9,0,0,0,-,0,0
86,80,97,19,71,0,85,+,-11,11
85,83,88,6,86,98,88,+,-3,3
84,84,97,22,93,44,95,-,-13,13
83,93,93,7,95,60,96,+,-10,10
82,85,90,18,0,0,0,-,-8,8
81,81,88,8,83,2,85.5,+,-7,7
80,74,81,12,81,0,90.5,+,-1,1
79,78,80,11,0,0,84,+,-1,1
78,82,96,29,95,60,96,-,-18,18
77,79,100,31,99,100,98,+,-23,23
76,73,100,37,93,44,95,-,-24,24
75,77,84,4,0,0,0,+,-9,9
74,56,96,2,65,0,24.5,+,-22,22
73,71,80,10,72,0,86,-,-7,7
72,76,91,28,85,0,88.5,-,-19,19
71,64,72,15,0,0,0,+,-1,1
70,72,89,21,0,0,0,-,-19,19
69,60,88,11,0,0,0,+,-19,19
68,66,73,7,0,0,0,+,-5,5
67,68,90,26,0,0,0,-,-23,23
66,61,98,31,98,40,95.5,-,-32,32
65,75,82,18,0,0,0,-,-17,17
64,67,99,50,95,60,96,-,-35,35
63,69,94,28,83,2,85.5,-,-31,31
62,55,89,8,66,0,83,+,-27,27
61,63,71,39,43,0,72.5,+,-10,10
60,59,66,10,61,0,64.5,+,-6,6
59,65,88,17,78,80,66.5,-,-29,29
58,53,58,12,42,0,66,-,0,0
57,62,78,16,0,0,0,-,-21,21
56,49,70,18,67,58,80,+,-14,14
55,54,93,46,60,0,81,-,-38,38
54,0,87,10,93,44,95,-,-33,33
53,52,84,11,60,0,81,+,-31,31
52,51,85,26,58,0,83.5,-,-33,33
51,44,51,14,18,0,20,-,0,0
50,40,71,12,0,0,0,+,-21,21
49,47,75,6,96,78,97.5,-,-26,26
48,50,86,3,0,0,0,-,-38,38
47,41,73,20,82,0,87.5,+,-26,26
46,38,48,17,21,0,0,+,-2,2
45,24,92,4,26,0,69.5,+,-47,47
44,35,48,5,96,78,97.5,+,-4,4
43,37,75,6,44,0,31.5,+,-32,32
42,43,48,13,17,0,56.5,+,-6,6
41,58,58,4,7,24,0,-,-17,17
40,0,43,1,100,56,100,-,-3,3
39,29,69,8,20,0,67.5,+,-30,30
38,39,49,6,96,78,97.5,-,-11,11
37,42,81,18,0,0,0,-,-44,44
36,30,49,10,23,0,40.5,+,-13,13
35,0,35,1,100,56,100,-,0,0
34,70,70,2,28,0,0,-,-36,36
33,48,48,20,15,0,0,-,-15,15
32,25,98,4,0,0,0,+,-66,66
31,45,47,17,55,0,78.5,-,-16,16
30,32,62,14,0,0,0,-,-32,32
29,46,46,6,39,0,72,-,-17,17
28,27,50,12,0,0,0,+,-22,22
27,21,41,4,0,0,0,+,-14,14
26,34,43,14,57,0,86.5,-,-17,17
25,23,43,6,96,78,97.5,+,-18,18
24,18,54,4,0,0,0,+,-30,30
23,14,89,5,0,0,0,+,-66,66
22,17,45,4,0,0,0,+,-23,23
21,36,54,16,0,0,0,-,-33,33
20,13,57,3,0,0,0,+,-37,37
19,1,100,2,0,0,0,-,-81,81
18,0,20,1,100,56,100,-,-2,2
17,0,17,1,8,0,27.5,-,0,0
16,22,29,5,85,0,88.5,-,-13,13
15,19,95,20,51,90,11.5,-,-80,80
14,33,62,3,0,0,0,-,-48,48
13,31,54,4,0,0,0,-,-41,41
12,26,58,19,0,0,18.5,-,-46,46
11,20,60,17,88,0,93,-,-49,49
10,0,10,1,0,0,0,-,0,0
9,12,69,17,50,0,71.5,-,-60,60
8,6,22,2,0,0,0,+,-14,14
7,0,7,1,0,0,0,-,0,0
6,11,83,5,10,0,60.5,+,-77,77
5,0,61,2,69,0,82.5,+,-56,56
4,9,24,3,0,0,0,+,-20,20
3,8,85,3,0,0,0,+,-82,82
2,0,2,1,0,0,0,-,0,0
1,28,89,17,0,0,0,-,-88,88
100,100,100,18,0,0,0,+,0,0
99,98,99,9,99,52,96,+,0,0
98,99,99,23,97,78,96.5,+,-1,1
97,97,98,10,93,58,57.5,+,-1,1
96,96,97,8,0,0,0,+,-1,1
95,94,98,12,88,0,53,+,-3,3
94,95,95,14,100,100,98,+,-1,1
93,43,93,6,95,70,97.5,-,0,0
92,92,92,14,0,0,0,+,0,0
91,89,99,8,67,0,0,+,-8,8
90,93,99,31,83,0,93.5,-,-9,9
89,91,100,20,100,100,98,+,-11,11
88,85,93,18,0,0,0,+,-5,5
87,87,87,8,0,0,0,+,0,0
86,82,91,8,0,0,0,+,-5,5
85,90,90,17,0,0,0,-,-5,5
84,88,97,21,90,22,95,+,-13,13
83,79,88,5,89,98,90.5,+,-5,5
82,84,96,28,95,70,97.5,-,-14,14
81,76,88,7,82,0,89,+,-7,7
80,65,97,18,60,0,86.5,+,-17,17
79,77,100,30,100,100,98,-,-21,21
78,74,80,10,0,0,88,+,-2,2
77,63,84,3,0,0,0,-,-7,7
76,83,91,27,86,0,92.5,-,-15,15
75,81,82,17,0,0,0,-,-7,7
74,70,81,11,80,0,93,+,-7,7
73,75,100,36,90,22,95,+,-27,27
72,78,89,20,0,0,0,-,-17,17
71,80,80,9,81,0,94.5,+,-9,9
70,0,70,1,68,0,27,-,0,0
69,73,94,27,82,0,89,-,-25,25
68,72,90,25,0,0,0,-,-22,22
67,68,99,49,95,70,97.5,-,-32,32
66,71,73,6,0,0,0,+,-7,7
65,66,88,16,79,82,68.5,-,-23,23
64,62,72,14,0,0,0,+,-8,8
63,64,71,38,49,0,72.5,-,-8,8
62,69,78,15,0,0,0,-,-16,16
61,61,98,30,99,52,96,+,-37,37
60,57,88,10,0,0,0,+,-28,28
59,55,66,9,73,0,70,+,-7,7
58,6,58,3,33,18,0,-,0,0
57,67,80,20,35,0,48.5,-,-23,23
56,0,96,1,57,0,30,+,-40,40
55,48,89,7,63,0,78.5,+,-34,34
54,60,93,45,65,0,86,+,-39,39
53,49,58,11,43,0,67.5,+,-5,5
52,56,84,10,65,0,86,+,-32,32
51,58,85,25,66,0,88.5,+,-34,34
50,86,86,2,0,0,0,-,-36,36
49,47,70,17,71,34,81.5,+,-21,21
48,45,48,19,28,0,9,-,0,0
47,50,75,5,96,72,97,+,-28,28
46,16,46,5,55,0,74,-,0,0
45,44,47,16,64,0,82,-,-2,2
44,40,51,13,12,0,11,+,-7,7
43,27,48,12,41,0,85,-,-5,5
42,46,81,17,0,0,0,-,-39,39
41,42,73,19,85,0,91.5,+,-32,32
40,37,71,11,0,0,0,+,-31,31
39,41,49,5,96,72,97,-,-10,10
38,34,48,16,17,0,0,+,-10,10
37,33,75,5,47,0,38,+,-38,38
36,51,54,15,0,0,0,-,-18,18
35,36,48,4,96,72,97,+,-13,13
34,39,43,13,61,0,89.5,-,-9,9
33,53,62,2,0,0,0,-,-29,29
32,35,62,13,0,0,0,-,-30,30
31,54,54,3,0,0,0,-,-23,23
30,28,49,9,23,0,33,+,-19,19
29,23,69,7,14,0,61.5,+,-40,40
28,31,89,16,0,0,0,-,-61,61
27,24,50,11,0,0,0,+,-23,23
26,38,58,18,8,0,28.5,-,-32,32
25,15,98,3,0,0,0,+,-73,73
24,14,92,3,0,0,48,+,-68,68
23,26,43,5,96,72,97,+,-20,20
22,29,29,4,86,0,92.5,-,-7,7
21,22,41,3,0,0,0,+,-20,20
20,25,60,16,98,0,99,-,-40,40
19,32,95,19,56,94,27.5,-,-76,76
18,18,54,3,0,0,0,+,-36,36
17,17,45,3,0,0,0,+,-28,28
16,0,36,3,30,0,77,-,-20,20
15,59,59,2,0,0,0,-,-44,44
14,9,89,4,0,0,0,+,-75,75
13,10,57,2,0,0,0,+,-44,44
12,21,69,16,52,0,72,-,-57,57
11,13,83,4,3,0,52.5,-,-72,72
10,12,12,11,0,0,0,-,-2,2
9,7,24,2,0,0,0,-,-15,15
8,4,85,2,0,0,0,-,-77,77
7,0,9,1,98,0,99,-,-2,2
6,0,22,1,0,0,0,+,-16,16
5,0,61,1,22,0,50,-,-56,56
4,0,45,1,0,0,0,-,-41,41
3,0,46,1,0,0,0,-,-43,43
2,0,54,1,45,0,83,-,-52,52
1,0,100,1,0,0,0,+,-99,99
100,100,100,17,0,0,0,+,0,0
99,99,99,22,98,86,98,-,0,0
98,98,99,8,97,54,97,+,-1,1
97,97,98,9,94,68,37.5,+,-1,1
96,96,97,7,0,0,0,+,-1,1
95,94,95,13,100,100,99,-,0,0
94,92,98,11,83,0,54,+,-4,4
93,95,99,30,86,0,94.5,-,-6,6
92,91,92,13,0,0,0,+,0,0
91,93,100,19,100,100,99,-,-9,9
90,89,90,16,0,0,0,-,0,0
89,85,99,7,57,0,0,+,-10,10
88,90,97,20,90,30,95.5,-,-9,9
87,87,87,7,0,0,0,+,0,0
86,0,86,1,0,0,0,-,0,0
85,78,93,17,0,0,0,+,-8,8
84,88,96,27,95,70,96.5,-,-12,12
83,86,91,26,87,0,93,-,-8,8
82,77,91,7,0,0,0,+,-9,9
81,82,82,16,0,0,0,-,-1,1
80,64,80,8,96,0,100,-,0,0
79,71,88,4,88,98,90,+,-9,9
78,83,89,19,0,0,0,-,-11,11
77,80,100,29,100,100,99,+,-23,23
76,67,88,6,82,0,86.5,+,-12,12
75,73,100,35,90,30,95.5,-,-25,25
74,76,80,9,0,0,88.5,+,-6,6
73,81,94,26,82,0,86.5,-,-21,21
72,79,90,24,0,0,0,-,-18,18
71,65,73,5,0,0,0,-,-2,2
70,69,81,10,80,0,92,+,-11,11
69,74,78,14,0,0,0,-,-9,9
68,75,99,48,95,70,96.5,-,-31,31
67,72,80,19,47,0,63.5,-,-13,13
66,70,88,15,81,84,70.5,-,-22,22
65,58,97,17,49,0,76,+,-32,32
64,68,71,37,53,0,72.5,-,-7,7
63,84,84,2,0,0,0,+,-21,21
62,59,72,13,0,0,0,+,-10,10
61,66,98,29,97,54,97,+,-37,37
60,63,93,44,67,2,82.5,-,-33,33
59,0,59,1,0,0,0,-,0,0
58,62,85,24,66,0,85.5,-,-27,27
57,55,88,9,0,0,0,+,-31,31
56,57,84,9,67,2,82.5,-,-28,28
55,43,66,8,63,0,68.5,+,-11,11
54,30,54,2,0,0,0,-,0,0
53,0,62,1,32,0,0,-,-9,9
52,60,94,22,0,0,0,-,-42,42
51,53,54,14,0,0,0,-,-3,3
50,61,75,4,99,76,98.5,-,-25,25
49,48,58,10,41,0,64.5,+,-9,9
48,45,89,6,61,0,73,+,-41,41
47,49,70,16,72,56,80,+,-23,23
46,56,81,16,0,0,0,-,-35,35
45,46,48,18,27,0,12.5,+,-3,3
44,47,47,15,64,0,78.5,+,-3,3
43,39,93,5,95,70,96.5,+,-50,50
42,54,73,18,85,0,93.5,-,-31,31
41,44,49,4,99,76,98.5,-,-8,8
40,37,51,12,5,0,6.5,+,-11,11
39,42,43,12,71,0,88,-,-4,4
38,50,58,17,21,0,34,-,-20,20
37,29,71,10,0,0,0,+,-34,34
36,26,48,3,99,76,98.5,-,-12,12
35,38,62,12,0,0,0,-,-27,27
34,31,48,15,7,0,0,+,-14,14
33,24,75,4,46,0,40.5,+,-42,42
32,40,95,18,60,94,33,-,-63,63
31,20,89,15,0,0,0,-,-58,58
30,0,55,1,100,100,99,-,-25,25
29,23,29,3,87,0,93,-,0,0
28,25,49,8,20,0,36,+,-21,21
27,22,48,11,0,0,0,+,-21,21
26,28,43,4,99,76,98.5,-,-17,17
25,34,60,15,76,0,74,-,-35,35
24,19,50,10,0,0,0,+,-26,26
23,16,69,6,0,0,50,+,-46,46
22,12,41,2,0,0,0,-,-19,19
21,27,69,15,55,0,71,-,-48,48
20,32,57,20,68,0,76.5,-,-37,37
19,36,39,14,0,0,0,-,-20,20
18,11,54,2,0,0,0,+,-36,36
17,8,45,2,0,0,0,+,-28,28
16,14,46,4,43,0,67.5,+,-30,30
15,3,98,2,0,0,0,+,-83,83
14,0,92,2,0,0,28.5,+,-78,78
13,17,83,3,16,0,57,-,-70,70
12,7,12,10,0,0,0,-,0,0
11,15,58,20,48,0,72,-,-47,47
10,0,57,1,0,0,0,+,-47,47
9,0,89,3,0,0,0,+,-80,80
8,0,8,1,0,0,0,-,0,0
7,0,24,1,0,0,0,+,-17,17
6,0,58,2,0,0,0,+,-52,52
5,0,5,1,13,22,0,-,0,0
4,0,85,1,0,0,0,+,-81,81
3,10,61,15,31,0,79.5,-,-58,58
2,5,56,20,0,0,0,-,-54,54
1,6,21,9,0,0,0,-,-20,20
100,100,100,16,0,0,0,+,0,0
99,99,99,21,98,82,97.5,+,0,0
98,97,99,7,95,44,95.5,+,-1,1
97,98,98,8,91,58,42.5,+,-1,1
96,95,97,6,0,0,0,+,-1,1
95,96,99,29,84,0,93,-,-4,4
94,93,95,12,100,100,98,+,-1,1
93,94,100,18,100,100,98,-,-7,7
92,92,98,10,86,0,58.5,+,-6,6
91,90,92,12,0,0,0,+,-1,1
90,91,97,19,89,2,94,-,-7,7
89,88,90,15,0,0,0,+,-1,1
88,89,96,26,94,80,96.5,-,-8,8
87,84,87,6,0,0,0,+,0,0
86,87,91,25,88,0,91.5,-,-5,5
85,66,99,6,51,0,0,+,-14,14
84,0,84,1,0,0,0,-,0,0
83,85,89,18,0,0,0,-,-6,6
82,79,82,15,0,0,0,-,0,0
81,83,94,25,79,0,86.5,-,-13,13
80,86,100,28,100,100,98,-,-20,20
79,77,90,23,0,0,0,-,-11,11
78,72,93,16,0,0,0,+,-15,15
77,74,91,6,0,0,0,+,-14,14
76,69,80,8,0,0,97,-,-4,4
75,81,99,47,94,80,96.5,-,-24,24
74,78,78,13,0,0,0,-,-4,4
73,82,100,34,89,2,94,+,-27,27
72,80,80,18,52,0,69,-,-8,8
71,67,88,3,85,98,89,+,-17,17
70,76,88,14,82,84,76,-,-18,18
69,62,81,9,76,0,91,+,-12,12
68,70,71,36,67,0,88.5,-,-3,3
67,59,88,5,79,0,86.5,+,-21,21
66,64,98,28,95,44,95.5,-,-32,32
65,33,73,4,0,0,0,+,-8,8
64,55,80,7,53,0,0,+,-16,16
63,71,93,43,71,0,84.5,-,-30,30
62,63,85,23,60,0,82.5,-,-23,23
61,75,75,3,97,70,98.5,-,-14,14
60,68,94,21,0,0,0,-,-34,34
59,58,72,12,0,0,0,+,-13,13
58,53,97,16,42,0,73.5,+,-39,39
57,60,84,8,71,0,84.5,-,-27,27
56,65,81,15,1,0,0,-,-25,25
55,47,88,8,0,0,0,+,-33,33
54,73,73,17,93,0,96,-,-19,19
53,54,54,13,0,0,0,-,-1,1
52,2,52,3,0,0,0,-,0,0
51,61,98,31,0,0,0,-,-47,47
50,56,58,16,35,0,52,-,-8,8
49,46,70,15,68,52,81.5,-,-21,21
48,42,58,9,38,0,56.5,+,-10,10
47,41,47,14,62,0,82,-,0,0
46,44,48,17,23,0,0,-,-2,2
45,36,89,5,58,0,75.5,+,-44,44
44,49,49,3,97,70,98.5,-,-5,5
43,35,66,7,47,0,54,+,-23,23
42,40,43,11,72,0,89.5,-,-1,1
41,34,48,20,34,0,43.5,-,-7,7
40,57,95,17,65,94,47.5,-,-55,55
39,29,93,4,94,80,96.5,+,-54,54
38,39,62,11,0,0,0,-,-24,24
37,30,51,11,13,0,12.5,+,-14,14
36,37,39,13,18,0,0,-,-3,3
35,0,35,1,96,0,99.5,-,0,0
34,48,60,14,77,0,78,-,-26,26
33,32,42,20,86,0,58.5,-,-9,9
32,45,57,19,69,0,80,-,-25,25
31,28,48,14,6,0,0,+,-17,17
30,0,54,1,0,0,0,+,-24,24
29,23,71,9,0,0,0,+,-42,42
28,43,43,3,97,70,98.5,-,-15,15
27,38,69,14,56,0,74.5,-,-42,42
26,31,48,2,97,70,98.5,+,-22,22
25,22,49,7,24,0,39,+,-24,24
24,5,75,3,49,0,48,+,-51,51
23,0,29,2,88,0,91.5,+,-6,6
22,25,48,10,0,0,0,+,-26,26
21,0,21,1,0,0,0,-,0,0
20,24,89,14,0,0,0,+,-69,69
19,15,50,9,0,0,0,+,-31,31
18,0,18,1,100,100,98,-,0,0
17,0,83,2,28,0,69.5,-,-66,66
16,7,69,5,0,0,44.5,+,-53,53
15,21,58,19,43,0,70.5,-,-43,43
14,8,46,3,37,0,67.5,+,-32,32
13,26,58,10,0,0,0,-,-45,45
12,0,41,1,0,0,0,+,-29,29
11,0,54,1,0,0,0,+,-43,43
10,14,61,14,30,0,79,-,-51,51
9,27,66,8,0,0,0,-,-57,57
8,0,45,1,0,0,0,+,-37,37
7,9,12,9,0,0,0,+,-5,5
6,3,21,8,0,0,0,-,-15,15
5,11,56,19,0,0,0,-,-51,51
4,0,19,1,0,0,0,-,-15,15
3,0,98,1,0,0,0,+,-95,95
2,0,2,1,99,56,100,-,0,0
1,20,20,2,97,70,98.5,-,-19,19
100,100,100,15,0,0,0,+,0,0
99,99,99,20,97,78,98,+,0,0
98,95,98,7,91,30,49,-,0,0
97,96,99,6,96,46,97,+,-2,2
96,98,99,28,90,0,95.5,-,-3,3
95,97,97,5,0,0,0,+,-2,2
94,94,100,17,98,100,98.5,-,-6,6
93,91,95,11,98,100,98.5,+,-2,2
92,89,98,9,89,16,65.5,+,-6,6
91,92,97,18,94,2,96.5,-,-6,6
90,88,92,11,0,0,0,+,-2,2
89,93,96,25,95,66,97.5,-,-7,7
88,87,90,14,0,0,0,+,-2,2
87,85,91,24,88,0,94,-,-4,4
86,86,100,27,98,100,98.5,-,-14,14
85,82,89,17,0,0,0,-,-4,4
84,79,87,5,0,0,0,+,-3,3
83,83,94,24,83,0,88.5,-,-11,11
82,84,100,33,94,2,96.5,-,-18,18
81,90,99,46,95,66,97.5,-,-18,18
80,76,80,17,63,0,80,-,0,0
79,77,82,14,0,0,0,+,-3,3
78,72,78,12,0,0,0,-,0,0
77,80,90,22,0,0,0,+,-13,13
76,78,88,13,85,92,82.5,-,-12,12
75,52,75,2,100,70,99.5,-,0,0
74,64,91,5,0,0,0,+,-17,17
73,47,73,16,99,14,100,-,0,0
72,73,93,15,0,0,0,+,-21,21
71,81,93,42,79,0,91,-,-22,22
70,69,71,35,58,0,77,-,-1,1
69,68,80,7,0,0,0,+,-11,11
68,74,94,20,0,0,0,-,-26,26
67,21,88,2,86,98,91.5,+,-21,21
66,60,99,5,33,0,0,+,-33,33
65,75,81,14,20,0,0,-,-16,16
64,70,98,27,96,46,97,+,-34,34
63,71,85,22,68,0,86,-,-22,22
62,65,81,8,80,0,93,+,-19,19
61,62,98,30,0,0,0,-,-37,37
60,66,84,7,79,0,91,-,-24,24
59,45,88,4,83,0,88.5,+,-29,29
58,59,72,11,0,0,0,+,-14,14
57,67,95,16,64,96,60.5,-,-38,38
56,58,58,15,54,0,56.5,-,-2,2
55,57,80,6,50,0,0,+,-25,25
54,50,54,12,0,0,0,-,0,0
53,44,97,15,44,0,74,+,-44,44
52,61,89,22,0,0,0,-,-37,37
51,54,98,39,62,0,76,-,-47,47
50,0,50,1,98,100,98.5,-,0,0
49,15,49,2,100,70,99.5,-,0,0
48,55,60,13,77,0,85.5,-,-12,12
47,19,88,7,0,0,0,+,-41,41
46,51,70,14,75,64,87.5,+,-24,24
45,53,57,18,73,0,83.5,-,-12,12
44,38,48,16,27,0,2,+,-4,4
43,13,43,2,100,70,99.5,-,0,0
42,34,58,8,41,0,60,+,-16,16
41,37,47,13,70,0,86.5,+,-6,6
40,42,43,10,76,0,92.5,+,-3,3
39,41,62,10,0,0,0,-,-23,23
38,46,69,13,67,0,81.5,-,-31,31
37,35,39,12,24,0,0,-,-2,2
36,31,89,4,62,0,76,+,-53,53
35,32,66,6,51,0,59,+,-31,31
34,36,48,19,39,0,50,+,-14,14
33,48,73,3,0,0,0,+,-40,40
32,40,42,19,89,16,65.5,+,-10,10
31,0,48,1,100,70,99.5,-,-17,17
30,30,51,10,7,0,17,+,-21,21
29,43,93,3,95,66,97.5,+,-64,64
28,24,48,13,10,0,0,+,-20,20
27,56,66,7,0,0,0,-,-39,39
26,49,58,9,0,0,0,-,-32,32
25,27,48,9,0,0,0,-,-23,23
24,28,89,13,0,0,0,-,-65,65
23,26,71,8,0,0,0,+,-48,48
22,20,49,6,22,0,36,+,-27,27
21,33,58,18,52,0,74.5,-,-37,37
20,0,20,1,100,70,99.5,-,0,0
19,16,19,2,0,0,0,-,0,0
18,0,18,1,100,70,99.5,-,0,0
17,10,17,2,0,0,0,-,0,0
16,18,19,8,0,0,0,-,-3,3
15,14,50,8,0,0,0,+,-35,35
14,29,61,13,46,0,87,-,-47,47
13,1,13,2,0,0,0,-,0,0
12,3,26,3,99,14,100,-,-14,14
11,23,56,18,0,0,0,-,-45,45
10,12,14,6,0,0,0,-,-4,4
9,7,12,8,0,0,0,-,-3,3
8,25,46,2,29,0,73.5,+,-38,38
7,9,69,4,0,0,42.5,+,-62,62
6,0,6,1,100,70,99.5,-,0,0
5,0,75,2,49,0,53,+,-70,70
4,0,4,1,100,70,99.5,-,0,0
3,11,21,7,0,0,0,+,-18,18
2,0,52,2,0,0,0,+,-50,50
1,0,15,1,0,0,0,-,-14,14
100,100,100,14,0,0,0,+,0,0
99,99,99,19,98,78,98.5,+,0,0
98,98,99,27,94,0,95,-,-1,1
97,95,97,4,0,0,0,-,0,0
96,97,99,5,96,44,95.5,+,-3,3
95,92,98,6,88,8,24,+,-3,3
94,96,100,16,99,100,98,+,-6,6
93,93,96,24,97,88,99,-,-3,3
92,94,97,17,95,26,97.5,-,-5,5
91,83,95,10,99,100,98,+,-4,4
90,87,99,45,97,88,99,-,-9,9
89,72,98,8,87,0,64,+,-9,9
88,90,92,10,0,0,0,+,-4,4
87,88,90,13,0,0,0,+,-3,3
86,91,100,26,99,100,98,+,-14,14
85,86,91,23,89,0,93.5,+,-6,6
84,85,100,32,95,26,97.5,-,-16,16
83,89,94,23,80,0,84,+,-11,11
82,84,89,16,0,0,0,+,-7,7
81,69,93,41,83,18,93,-,-12,12
80,82,90,21,0,0,0,-,-10,10
79,75,87,4,0,0,0,+,-8,8
78,81,88,12,91,96,83.5,-,-10,10
77,78,82,13,0,0,0,+,-5,5
76,76,80,16,58,0,72.5,+,-4,4
75,79,81,13,38,0,0,-,-6,6
74,80,94,19,0,0,0,-,-20,20
73,70,93,14,0,0,0,-,-20,20
72,71,78,11,0,0,0,+,-6,6
71,74,85,21,69,0,81,-,-14,14
70,73,98,26,96,44,95.5,-,-28,28
69,68,71,34,56,0,75,+,-2,2
68,65,80,6,0,0,0,+,-12,12
67,77,95,15,63,86,59.5,-,-28,28
66,62,84,6,83,18,93,-,-18,18
65,59,81,7,77,0,91.5,-,-16,16
64,42,91,4,0,0,0,+,-27,27
63,58,92,36,98,78,98.5,-,-29,29
62,63,98,29,0,0,0,-,-36,36
61,64,89,21,0,0,0,-,-28,28
60,41,99,4,7,0,0,+,-39,39
59,54,72,10,0,0,0,-,-13,13
58,52,58,14,52,0,55,-,0,0
57,67,80,5,46,0,0,-,-23,23
56,32,66,6,0,0,0,-,-10,10
55,57,60,12,76,0,82,-,-5,5
54,60,98,38,60,0,69.5,-,-44,44
53,53,57,17,73,0,81.5,-,-4,4
52,0,75,1,100,76,100,+,-23,23
51,51,70,13,72,60,85,-,-19,19
50,50,54,11,0,0,0,+,-4,4
49,56,58,8,0,0,0,-,-9,9
48,47,73,2,0,0,0,-,-25,25
47,38,73,15,79,4,77.5,+,-26,26
46,46,69,12,70,0,84.5,-,-23,23
45,25,88,3,80,0,84,+,-43,43
44,35,97,14,33,0,72,+,-53,53
43,26,93,2,97,88,99,-,-50,50
42,43,43,9,75,0,92.5,-,-1,1
41,40,62,9,0,0,0,-,-21,21
40,34,42,18,87,0,64,-,-2,2
39,45,70,20,0,0,0,-,-31,31
38,36,48,15,35,0,25.5,+,-10,10
37,39,47,12,71,0,85.5,+,-10,10
36,37,48,18,39,0,52.5,-,-12,12
35,33,39,11,28,0,0,+,-4,4
34,31,58,7,37,0,53,+,-24,24
33,44,58,17,55,0,76,-,-25,25
32,29,66,5,45,0,66.5,+,-34,34
31,18,89,3,60,0,69.5,+,-58,58
30,28,51,9,0,0,0,+,-21,21
29,49,61,12,51,0,87,-,-32,32
28,48,89,12,0,0,0,-,-61,61
27,23,48,8,0,0,0,-,-21,21
26,24,71,7,0,0,0,-,-45,45
25,0,46,1,47,0,79.5,-,-21,21
24,22,48,12,5,0,0,+,-24,24
23,30,56,17,0,0,0,-,-33,33
22,27,77,20,50,0,83,-,-55,55
21,0,88,1,86,98,91,+,-67,67
20,20,49,5,20,0,43,+,-29,29
19,17,88,6,0,0,0,+,-69,69
18,15,19,7,0,0,0,-,-1,1
17,19,63,20,19,0,44,-,-46,46
16,0,19,1,0,0,0,+,-3,3
15,0,49,1,100,76,100,+,-34,34
14,11,50,7,0,0,0,+,-36,36
13,0,43,1,100,76,100,+,-30,30
12,14,14,5,0,0,0,-,-2,2
11,21,21,6,0,0,0,-,-10,10
10,0,17,1,0,0,0,+,-7,7
9,13,69,3,0,0,38.5,-,-60,60
8,0,79,3,89,0,93.5,-,-71,71
7,12,12,7,0,0,0,+,-5,5
6,0,6,1,87,0,64,-,0,0
5,0,92,1,0,0,17.5,-,-87,87
4,0,4,1,22,0,80.5,-,0,0
3,0,26,2,79,4,77.5,+,-23,23
2,0,2,1,0,0,0,-,0,0
1,0,13,1,0,0,0,+,-12,12
100,100,100,13,0,0,0,+,0,0
99,99,99,18,99,70,99,+,0,0
98,98,99,26,92,0,94.5,+,-1,1
97,96,99,4,97,50,96,-,-2,2
96,97,100,15,100,98,100,-,-4,4
95,86,97,3,0,0,0,+,-2,2
94,95,97,16,96,20,97.5,-,-3,3
93,94,96,23,98,66,98.5,+,-3,3
92,87,98,5,84,38,14.5,+,-6,6
91,92,100,25,100,98,100,-,-9,9
90,90,92,9,0,0,0,-,-2,2
89,93,94,22,82,0,83.5,-,-5,5
88,88,90,12,0,0,0,-,-2,2
87,80,99,44,98,66,98.5,+,-12,12
86,91,91,22,91,0,94,-,-5,5
85,89,100,31,96,20,97.5,-,-15,15
84,84,89,15,0,0,0,-,-5,5
83,72,95,9,100,98,100,+,-12,12
82,83,90,20,0,0,0,-,-8,8
81,79,88,11,88,86,84,-,-7,7
80,85,94,18,0,0,0,-,-14,14
79,81,81,12,38,0,0,-,-2,2
78,76,82,12,0,0,0,-,-4,4
77,82,95,14,68,92,70.5,-,-18,18
76,75,80,15,54,0,76,+,-4,4
75,74,87,3,0,0,0,+,-12,12
74,77,85,20,63,0,85,-,-11,11
73,78,98,25,97,50,96,-,-25,25
72,63,98,7,81,0,52,+,-26,26
71,68,78,10,0,0,0,+,-7,7
70,70,93,13,0,0,0,+,-23,23
69,64,93,40,73,0,89,+,-24,24
68,69,71,33,48,0,76.5,+,-3,3
67,45,80,4,53,0,0,-,-13,13
66,0,99,26,0,0,80.5,-,-33,33
65,44,80,5,0,0,0,+,-15,15
64,71,89,20,0,0,0,-,-25,25
63,66,98,28,0,0,0,-,-35,35
62,65,84,5,73,0,89,+,-22,22
61,0,94,25,0,0,80.5,-,-33,33
60,67,98,37,57,0,69.5,-,-38,38
59,52,81,6,78,0,91.5,+,-22,22
58,61,92,35,99,70,99,+,-34,34
57,60,60,11,76,0,82.5,-,-3,3
56,58,58,7,0,0,0,-,-2,2
55,62,87,25,24,0,0,-,-32,32
54,51,72,9,0,0,0,+,-18,18
53,54,57,16,69,0,82,+,-4,4
52,49,58,13,52,0,47.5,+,-6,6
51,50,70,12,77,72,87.5,+,-19,19
50,53,54,10,0,0,0,+,-4,4
49,48,61,11,89,0,98,-,-12,12
48,73,89,11,0,0,0,-,-41,41
47,0,73,1,0,0,0,+,-26,26
46,56,69,11,61,0,78,+,-23,23
45,59,70,19,0,0,0,-,-25,25
44,55,58,16,55,0,79.5,-,-14,14
43,36,43,8,75,0,91,-,0,0
42,25,91,3,0,0,0,+,-49,49
41,29,99,3,0,0,0,+,-58,58
40,43,62,8,0,0,0,+,-22,22
39,42,47,11,67,0,85.5,-,-8,8
38,47,73,14,79,0,79,+,-35,35
37,40,48,17,40,0,56.5,-,-11,11
36,35,48,14,25,0,29,+,-12,12
35,38,97,13,12,0,59,+,-62,62
34,37,42,17,81,0,52,+,-8,8
33,39,39,10,21,0,0,+,-6,6
32,33,66,5,0,0,0,+,-34,34
31,32,58,6,32,0,45,+,-27,27
30,41,56,16,0,0,0,-,-26,26
29,28,66,4,44,0,63,+,-37,37
28,31,51,8,0,0,0,+,-23,23
27,46,77,19,51,0,87,-,-50,50
26,0,93,1,98,66,98.5,+,-67,67
25,9,88,2,82,0,83.5,+,-63,63
24,34,71,6,0,0,0,+,-47,47
23,22,48,7,0,0,0,+,-25,25
22,24,48,11,0,0,0,+,-26,26
21,4,21,5,0,0,0,-,0,0
20,16,49,4,33,0,59.5,+,-29,29
19,27,63,19,27,0,36.5,-,-44,44
18,6,89,2,57,0,69.5,+,-71,71
17,21,88,5,0,0,0,+,-71,71
16,7,29,18,0,0,0,-,-13,13
15,19,19,6,0,0,0,+,-4,4
14,11,14,4,0,0,0,-,0,0
13,20,69,2,0,0,60.5,-,-56,56
12,12,12,6,0,0,0,-,0,0
11,10,50,6,0,0,0,+,-39,39
10,18,74,16,0,0,0,-,-64,64
9,17,74,18,0,0,0,-,-65,65
8,0,89,2,0,0,0,-,-81,81
7,0,7,1,36,0,0,-,0,0
6,23,40,16,0,0,0,-,-34,34
5,0,5,1,0,0,0,-,0,0
4,1,60,20,0,0,0,-,-56,56
3,0,3,1,0,0,0,-,0,0
2,3,3,4,0,0,0,-,-1,1
1,0,83,1,6,0,48,-,-82,82
100,100,100,12,0,0,0,+,0,0
99,99,99,17,99,70,99.5,+,0,0
98,98,99,25,90,0,95,+,-1,1
97,97,100,14,100,100,100,-,-3,3
96,95,99,3,96,50,96,+,-3,3
95,94,97,15,98,20,99,-,-2,2
94,93,96,22,97,76,98.5,-,-2,2
93,92,94,21,85,0,85.5,-,-1,1
92,96,100,24,100,100,100,-,-8,8
91,91,91,21,94,0,97.5,-,0,0
90,80,92,8,0,0,0,+,-2,2
89,90,100,30,98,20,99,-,-11,11
88,87,90,11,0,0,0,+,-2,2
87,81,98,4,84,46,32.5,+,-11,11
86,47,97,2,0,0,0,+,-11,11
85,89,94,17,0,0,0,-,-9,9
84,84,89,14,0,0,0,+,-5,5
83,88,90,19,0,0,0,-,-7,7
82,86,95,13,77,90,75,-,-13,13
81,78,81,11,42,0,0,-,0,0
80,75,99,43,97,76,98.5,+,-19,19
79,82,88,10,88,82,75.5,+,-9,9
78,83,98,24,96,50,96,-,-20,20
77,79,85,19,72,0,87,-,-8,8
76,63,82,11,0,0,0,+,-6,6
75,77,80,14,58,0,79,+,-5,5
74,30,87,2,0,0,0,+,-13,13
73,85,89,10,0,0,0,-,-16,16
72,64,95,8,100,100,100,+,-23,23
71,76,89,19,0,0,0,-,-18,18
70,67,93,12,0,0,0,+,-23,23
69,70,71,32,53,0,78,-,-2,2
68,61,78,9,0,0,0,+,-10,10
67,71,98,36,59,0,70.5,-,-31,31
66,73,98,27,0,0,0,-,-32,32
65,69,84,4,74,0,89,-,-19,19
64,68,93,39,74,0,89,+,-29,29
63,74,98,6,83,0,55,+,-35,35
62,72,87,24,36,0,0,-,-25,25
61,65,92,34,99,70,99.5,-,-31,31
60,60,60,10,76,0,79.5,-,0,0
59,66,70,18,0,0,0,-,-11,11
58,49,58,6,0,0,0,-,0,0
57,56,100,41,0,0,0,-,-43,43
56,62,69,10,70,0,81,-,-13,13
55,58,58,15,56,0,71.5,-,-3,3
54,57,57,15,75,0,80.5,-,-3,3
53,50,54,9,0,0,0,-,-1,1
52,48,81,5,79,0,92.5,+,-29,29
51,45,72,8,0,0,0,+,-21,21
50,55,70,11,81,62,90,+,-20,20
49,46,58,12,44,0,49.5,+,-9,9
48,52,61,10,48,0,0,+,-13,13
47,38,73,13,87,0,74.5,-,-26,26
46,59,77,18,63,0,88.5,-,-31,31
45,34,80,3,37,0,0,+,-35,35
44,36,80,4,0,0,0,+,-36,36
43,43,62,7,0,0,0,-,-19,19
42,40,47,10,80,0,83.5,-,-5,5
41,44,56,15,0,0,0,-,-15,15
40,41,48,16,39,0,58.5,-,-8,8
39,33,39,9,23,0,0,-,0,0
38,37,97,12,10,0,65,-,-59,59
37,42,42,16,83,0,55,-,-5,5
36,31,43,7,82,0,93.5,+,-7,7
35,35,48,13,26,0,46,+,-13,13
34,28,71,5,0,0,0,-,-37,37
33,0,66,4,0,0,0,-,-33,33
32,24,58,5,27,0,50,-,-26,26
31,27,51,7,0,0,8.5,-,-20,20
30,25,30,4,0,0,0,-,0,0
29,15,99,2,0,0,0,+,-70,70
28,20,66,3,45,0,58,+,-38,38
27,39,63,18,32,0,37.5,-,-36,36
26,0,26,1,87,0,74.5,-,0,0
25,7,91,2,0,0,0,+,-66,66
24,21,48,10,0,0,0,-,-24,24
23,26,40,15,0,0,0,-,-17,17
22,13,48,6,0,0,0,+,-26,26
21,12,88,4,0,0,0,-,-67,67
20,0,69,1,50,0,91,-,-49,49
19,18,19,5,0,0,0,-,0,0
18,29,74,15,0,0,0,-,-56,56
17,22,74,17,0,0,0,-,-57,57
16,11,49,3,12,0,34,+,-33,33
15,32,41,14,40,0,32,-,-26,26
14,4,45,15,0,0,0,-,-31,31
13,6,13,3,0,4,0,-,0,0
12,9,12,5,0,0,1,+,0,0
11,8,14,3,0,0,0,+,-3,3
10,3,50,5,0,0,0,+,-40,40
9,0,88,1,85,0,85.5,+,-79,79
8,23,49,17,0,0,0,-,-41,41
7,14,29,17,0,0,0,+,-22,22
6,0,89,1,59,0,70.5,+,-83,83
5,0,58,1,0,0,0,-,-53,53
4,10,21,4,0,0,0,+,-17,17
3,0,3,3,0,0,0,-,0,0
2,17,88,18,81,62,90,-,-86,86
1,1,60,19,0,0,0,+,-59,59
100,100,100,11,0,0,0,+,0,0
99,99,99,16,98,70,98.5,+,0,0
98,97,99,24,92,0,93,+,-1,1
97,98,100,13,100,100,99.5,+,-3,3
96,96,100,23,100,100,99.5,-,-4,4
95,93,99,2,96,44,95,+,-4,4
94,95,97,14,97,32,99,+,-3,3
93,94,96,21,95,54,96,+,-3,3
92,92,94,20,87,0,82.5,+,-2,2
91,89,91,20,99,2,100,+,0,0
90,91,100,29,97,32,99,-,-10,10
89,90,94,16,0,0,0,-,-5,5
88,87,90,18,0,0,0,-,-2,2
87,84,90,10,0,0,0,+,-3,3
86,86,95,12,84,96,78.5,-,-9,9
85,88,89,9,0,0,0,-,-4,4
84,82,89,13,0,0,0,+,-5,5
83,85,98,23,96,44,95,-,-15,15
82,83,88,9,90,88,77.5,-,-6,6
81,65,98,3,77,48,35,+,-17,17
80,77,92,7,0,0,0,+,-12,12
79,81,85,18,74,0,88.5,-,-6,6
78,75,81,10,40,0,0,+,-3,3
77,79,80,13,64,0,88,-,-3,3
76,80,89,18,0,0,0,-,-13,13
75,74,99,42,95,54,96,+,-24,24
74,31,98,5,88,0,58.5,-,-24,24
73,78,98,26,0,0,0,-,-25,25
72,76,87,23,42,0,0,-,-15,15
71,73,98,35,59,0,70,-,-27,27
70,71,71,31,51,0,79,-,-1,1
69,72,84,3,82,0,89,-,-15,15
68,68,93,38,82,0,89,-,-25,25
67,63,93,11,0,0,0,+,-26,26
66,66,70,17,0,0,0,-,-4,4
65,70,92,33,98,70,98.5,-,-27,27
64,49,95,7,100,100,99.5,+,-31,31
63,51,82,10,0,0,0,+,-19,19
62,69,69,9,73,0,87.5,-,-7,7
61,54,78,8,0,0,0,+,-17,17
60,56,60,9,76,0,82,+,0,0
59,60,77,17,62,0,87,-,-18,18
58,55,58,14,58,0,73,-,0,0
57,52,57,14,78,0,86,-,0,0
56,58,100,40,15,0,14.5,+,-44,44
55,59,70,10,85,66,91,-,-15,15
54,62,95,31,0,0,0,-,-41,41
53,57,98,30,0,0,0,-,-45,45
52,50,61,9,52,0,0,-,-9,9
51,61,82,20,0,0,0,-,-31,31
50,47,54,8,0,0,0,+,-4,4
49,45,58,5,0,0,0,+,-9,9
48,30,81,4,79,0,92,+,-33,33
47,0,97,1,0,0,0,+,-50,50
46,42,58,11,36,0,51.5,+,-12,12
45,43,72,7,0,0,0,+,-27,27
44,48,56,14,0,0,0,-,-12,12
43,40,62,6,0,0,0,+,-19,19
42,34,42,15,88,0,58.5,-,0,0
41,38,48,15,37,0,63,-,-7,7
40,37,47,9,75,0,85.5,+,-7,7
39,46,63,17,41,0,56.5,-,-24,24
38,32,73,12,69,0,75.5,+,-35,35
37,27,97,11,9,0,69.5,+,-60,60
36,29,80,3,0,0,0,+,-44,44
35,26,48,12,32,0,61,+,-13,13
34,64,80,2,27,0,0,+,-46,46
33,24,39,8,3,0,0,+,-6,6
32,41,41,13,48,0,49.5,-,-9,9
31,20,43,6,72,0,92.5,+,-12,12
30,0,87,1,0,0,0,+,-57,57
29,44,74,14,0,0,0,-,-45,45
28,14,71,4,0,0,0,+,-43,43
27,22,51,6,0,0,0.5,+,-24,24
26,25,40,14,0,0,28,-,-14,14
25,23,30,3,0,0,0,+,-5,5
24,18,58,4,17,0,49,+,-34,34
23,36,49,16,0,0,40.5,-,-26,26
22,35,74,16,0,0,0,-,-52,52
21,21,48,9,0,0,0,+,-27,27
20,53,66,2,38,0,64,+,-46,46
19,0,89,1,0,0,0,-,-70,70
18,15,19,4,0,0,0,+,-1,1
17,19,88,17,85,66,91,-,-71,71
16,28,79,2,99,2,100,-,-63,63
15,0,99,1,0,0,0,+,-84,84
14,12,29,16,0,0,0,-,-15,15
13,13,48,5,0,0,0,+,-35,35
12,10,88,3,0,0,0,+,-76,76
11,5,49,2,10,0,31.5,+,-38,38
10,6,21,3,0,0,0,-,-11,11
9,7,12,4,0,0,0,+,-3,3
8,3,14,2,0,0,0,+,-6,6
7,0,91,1,0,0,0,+,-84,84
6,0,13,2,0,0,0,+,-7,7
5,0,29,1,99,2,100,-,-24,24
4,11,45,14,0,0,0,+,-41,41
3,2,50,4,0,0,0,+,-47,47
2,0,75,1,54,0,54.5,-,-73,73
1,8,60,18,0,0,0,+,-59,59
100,100,100,10,0,0,0,+,0,0
99,97,99,15,98,68,98.5,+,0,0
98,99,100,12,99,100,99.5,-,-2,2
97,98,99,23,93,0,96,+,-2,2
96,92,100,22,99,100,99.5,+,-4,4
95,95,97,13,100,52,100,-,-2,2
94,96,96,20,95,46,97,-,-2,2
93,0,99,1,97,56,96.5,+,-6,6
92,94,94,19,85,0,86.5,+,-2,2
91,91,100,28,100,52,100,-,-9,9
90,93,94,15,0,0,0,-,-4,4
89,86,91,19,91,0,70,+,-2,2
88,87,89,8,0,0,0,-,-1,1
87,89,90,17,0,0,0,+,-3,3
86,88,95,11,86,98,83,+,-9,9
85,90,98,22,97,56,96.5,-,-13,13
84,78,90,9,0,0,0,+,-6,6
83,81,88,8,89,94,81,-,-5,5
82,85,89,12,0,0,0,+,-7,7
81,83,85,17,82,0,92,-,-4,4
80,82,89,17,0,0,0,-,-9,9
79,73,80,12,83,0,95,-,-1,1
78,76,98,25,0,0,0,-,-20,20
77,66,92,6,0,0,0,+,-15,15
76,79,87,22,51,0,0,-,-11,11
75,75,81,9,38,0,0,+,-6,6
74,80,99,41,95,46,97,+,-25,25
73,77,98,34,63,0,72,-,-25,25
72,84,84,2,80,0,91,-,-12,12
71,68,71,30,55,0,80,-,0,0
70,74,92,32,98,68,98.5,-,-22,22
69,67,69,8,78,0,89.5,-,0,0
68,71,93,37,80,0,91,+,-25,25
67,72,95,25,24,0,11,-,-28,28
66,70,70,16,0,0,0,+,-4,4
65,56,98,2,68,32,24,+,-33,33
64,0,80,1,56,0,0,-,-16,16
63,52,93,10,0,0,0,+,-30,30
62,65,95,30,0,0,0,-,-33,33
61,69,82,19,0,0,0,-,-21,21
60,60,77,16,69,0,91.5,-,-17,17
59,62,70,9,87,74,92.5,-,-11,11
58,63,100,39,27,0,28,-,-42,42
57,64,98,29,0,0,0,-,-41,41
56,50,60,8,81,0,87.5,+,-4,4
55,51,58,13,58,0,75,+,-3,3
54,48,78,7,0,0,0,+,-24,24
53,0,66,1,65,0,68,-,-13,13
52,49,57,13,79,0,87,+,-5,5
51,45,82,9,0,0,0,+,-31,31
50,57,61,8,36,0,0,+,-11,11
49,29,95,6,99,100,99.5,+,-46,46
48,54,56,13,0,0,0,-,-8,8
47,42,54,7,0,0,0,+,-7,7
46,53,63,16,48,0,61.5,-,-17,17
45,38,58,4,0,0,0,+,-13,13
44,59,74,13,0,0,0,-,-30,30
43,25,72,6,0,0,0,+,-29,29
42,35,58,10,26,0,40.5,+,-16,16
41,39,41,12,49,0,43.5,-,0,0
40,40,62,5,0,0,0,+,-22,22
39,43,58,20,0,0,0,-,-19,19
38,34,48,14,42,0,63.5,+,-10,10
37,33,47,8,71,0,90,+,-10,10
36,44,49,15,9,0,9,-,-13,13
35,46,74,15,0,0,0,-,-39,39
34,36,42,14,77,0,47.5,+,-8,8
33,41,62,20,0,0,0,-,-29,29
32,37,73,11,70,0,78,+,-41,41
31,19,98,4,77,0,47.5,+,-67,67
30,26,81,3,74,0,94,+,-51,51
29,61,80,2,0,0,0,+,-51,51
28,0,79,1,91,0,70,-,-51,51
27,30,97,10,4,0,71.5,+,-70,70
26,27,48,11,20,0,42.5,+,-22,22
25,31,40,13,19,0,76,+,-15,15
24,23,39,7,8,0,0,+,-15,15
23,1,30,2,0,0,0,+,-7,7
22,28,51,5,0,0,8,+,-29,29
21,21,48,8,0,0,0,+,-27,27
20,22,43,5,84,0,95.5,+,-23,23
19,32,88,16,87,74,92.5,-,-69,69
18,12,58,3,21,0,57.5,+,-40,40
17,6,87,9,100,52,100,-,-70,70
16,47,66,3,0,0,0,-,-50,50
15,9,19,3,0,0,0,+,-4,4
14,16,71,3,0,0,0,+,-57,57
13,8,48,4,0,0,0,+,-35,35
12,18,29,15,0,0,0,+,-17,17
11,20,45,13,0,0,0,-,-34,34
10,3,88,2,0,0,0,+,-78,78
9,0,52,1,0,0,0,-,-43,43
8,13,60,17,0,0,0,-,-52,52
7,7,12,3,0,0,0,+,-5,5
6,5,21,2,0,0,0,+,-15,15
5,0,49,1,10,0,30,+,-44,44
4,10,32,18,0,0,23.5,-,-28,28
3,0,14,1,0,0,0,+,-11,11
2,4,50,3,0,0,0,+,-48,48
1,0,3,2,0,0,0,-,-2,2
100,100,100,9,0,0,0,+,0,0
99,99,100,11,100,100,100,-,-1,1
98,98,99,22,96,0,97.5,-,-1,1
97,97,99,14,99,70,99.5,+,-2,2
96,93,96,19,98,46,98.5,-,0,0
95,96,97,12,95,6,88.5,+,-2,2
94,92,94,18,82,0,89,-,0,0
93,90,94,14,0,0,0,-,-1,1
92,94,100,21,100,100,100,+,-8,8
91,95,100,27,95,6,88.5,+,-9,9
90,91,98,21,90,18,93,-,-8,8
89,89,90,16,0,0,0,-,-1,1
88,87,95,10,85,94,86,-,-7,7
87,84,89,7,0,0,0,+,-2,2
86,88,91,18,88,0,69.5,+,-5,5
85,85,89,11,0,0,0,-,-4,4
84,0,84,1,84,0,90.5,-,0,0
83,80,85,16,94,0,98,-,-2,2
82,83,89,16,0,0,0,-,-7,7
81,77,88,7,91,92,85,+,-7,7
80,82,99,40,98,46,98.5,-,-19,19
79,79,87,21,62,0,0,-,-8,8
78,73,90,8,0,0,0,+,-12,12
77,81,98,33,68,0,75,-,-21,21
76,86,98,24,0,0,0,+,-22,22
75,75,81,8,33,0,0,+,-6,6
74,78,92,31,99,70,99.5,-,-18,18
73,60,80,11,51,0,0,+,-7,7
72,76,95,24,31,0,23,-,-23,23
71,64,93,36,84,0,90.5,-,-22,22
70,62,70,15,0,0,0,-,0,0
69,69,82,18,0,0,0,-,-13,13
68,65,71,29,61,0,85.5,+,-3,3
67,48,69,7,79,0,91,+,-2,2
66,68,92,5,0,0,0,+,-26,26
65,71,95,29,0,0,0,-,-30,30
64,70,98,28,0,0,0,-,-34,34
63,74,100,38,36,0,47,-,-37,37
62,67,70,8,89,74,96,-,-8,8
61,0,80,1,0,0,0,-,-19,19
60,59,77,15,72,0,93.5,+,-17,17
59,72,74,12,0,0,0,-,-15,15
58,56,62,25,40,0,73.5,-,-4,4
57,55,61,7,45,0,0,-,-4,4
56,0,98,1,67,28,31.5,+,-42,42
55,57,91,31,0,0,0,-,-36,36
54,54,56,12,0,0,0,-,-2,2
53,58,63,15,56,0,67.5,-,-10,10
52,47,93,9,0,0,0,+,-41,41
51,52,58,12,60,0,72,+,-7,7
50,45,60,7,80,0,87.5,+,-10,10
49,50,57,12,81,0,90,+,-8,8
48,41,78,6,0,0,0,+,-30,30
47,66,66,2,0,0,0,-,-19,19
46,63,74,14,14,0,0,-,-28,28
45,40,82,8,0,0,0,+,-37,37
44,44,49,14,27,0,0,-,-5,5
43,49,58,19,0,0,0,-,-15,15
42,39,54,6,0,0,0,+,-12,12
41,37,62,19,0,0,0,-,-21,21
40,42,62,4,0,0,0,+,-22,22
39,33,41,11,46,0,44,+,-2,2
38,23,58,3,0,0,0,+,-20,20
37,43,73,10,73,0,81.5,-,-36,36
36,32,42,13,74,0,46.5,-,-6,6
35,29,58,9,19,0,29,+,-23,23
34,38,48,13,38,0,60,+,-14,14
33,35,47,7,78,0,92,+,-14,14
32,46,88,15,89,74,96,-,-56,56
31,34,40,12,0,0,0,-,-9,9
30,24,97,9,0,0,70.5,-,-67,67
29,30,95,5,100,100,100,+,-66,66
28,28,51,4,0,0,20.5,-,-23,23
27,26,48,10,12,0,33.5,-,-21,21
26,8,81,2,70,0,94.5,+,-55,55
25,11,72,5,0,0,0,+,-47,47
24,0,53,1,88,0,69.5,-,-29,29
23,18,39,6,0,0,0,+,-16,16
22,15,43,4,86,0,97,-,-21,21
21,19,48,7,0,0,0,+,-27,27
20,31,45,12,0,0,0,-,-25,25
19,14,98,3,74,0,46.5,+,-79,79
18,25,29,14,0,0,0,-,-11,11
17,22,52,20,0,0,0,-,-35,35
16,9,71,2,0,0,0,-,-55,55
15,27,32,16,0,0,0,-,-17,17
14,0,14,1,0,0,0,-,0,0
13,20,60,16,0,0,0,-,-47,47
12,2,58,2,13,0,49.5,+,-46,46
11,0,11,1,9,0,56.5,+,0,0
10,13,32,17,0,0,28,-,-22,22
9,3,19,2,0,0,0,+,-10,10
8,5,48,3,0,0,0,+,-40,40
7,6,12,2,0,0,0,+,-5,5
6,17,87,8,95,6,88.5,+,-81,81
5,0,21,1,0,0,0,+,-16,16
4,4,50,2,0,0,0,-,-46,46
3,0,88,1,0,0,0,+,-85,85
2,12,58,20,69,2,75.5,-,-56,56
1,0,30,1,0,0,0,+,-29,29
100,99,100,8,0,0,0,+,0,0
99,100,100,10,100,100,100,+,-1,1
98,98,99,21,95,0,97.5,+,-1,1
97,94,99,13,99,72,99,+,-2,2
96,97,97,11,96,18,90,-,-1,1
95,96,100,26,96,18,90,-,-5,5
94,92,100,20,100,100,100,-,-6,6
93,95,96,18,98,44,98.5,+,-3,3
92,91,94,17,81,0,88.5,+,-2,2
91,93,98,20,92,28,93.5,-,-7,7
90,90,94,13,0,0,0,+,-4,4
89,89,90,15,0,0,0,+,-1,1
88,87,91,17,86,0,73,-,-3,3
87,88,95,9,83,94,85,+,-8,8
86,84,98,23,0,0,0,-,-12,12
85,86,89,10,0,0,0,+,-4,4
84,85,89,6,0,0,0,+,-5,5
83,83,89,15,0,0,0,-,-6,6
82,77,99,39,98,44,98.5,-,-17,17
81,81,98,32,70,0,70,-,-17,17
80,82,85,15,72,0,0,+,-5,5
79,80,87,20,61,0,0,+,-8,8
78,79,92,30,99,72,99,-,-14,14
77,76,88,6,91,90,85.5,+,-11,11
76,78,95,23,46,0,38.5,-,-19,19
75,75,81,7,33,0,0,+,-6,6
74,66,100,37,47,0,57,-,-26,26
73,68,90,7,0,0,0,+,-17,17
72,74,74,11,0,0,0,-,-2,2
71,73,95,28,0,0,0,-,-24,24
70,72,98,27,0,0,0,-,-28,28
69,70,82,17,0,0,0,+,-13,13
68,55,92,4,0,0,0,-,-24,24
67,67,70,7,94,82,96,-,-3,3
66,0,66,1,0,0,0,-,0,0
65,69,71,28,60,0,86,+,-6,6
64,62,93,35,45,0,53.5,+,-29,29
63,63,74,13,40,0,0,-,-11,11
62,65,70,14,0,0,0,+,-8,8
61,71,87,32,67,0,83.5,-,-26,26
60,58,80,10,23,0,0,+,-20,20
59,64,77,14,75,0,93,+,-18,18
58,60,63,14,55,0,66.5,-,-5,5
57,57,91,30,0,0,0,-,-34,34
56,54,62,24,36,0,72,+,-6,6
55,61,61,6,35,0,0,+,-6,6
54,56,56,11,0,0,0,+,-2,2
53,53,99,22,97,84,99.5,-,-46,46
52,49,58,11,62,0,82.5,-,-6,6
51,59,85,25,0,0,0,-,-34,34
50,48,57,11,82,0,89,-,-7,7
49,45,58,18,0,0,0,-,-9,9
48,39,69,6,76,0,88,+,-21,21
47,43,93,8,0,0,0,+,-46,46
46,50,88,14,94,82,96,-,-42,42
45,44,60,6,85,0,94,+,-15,15
44,38,49,13,22,0,0,+,-5,5
43,47,73,9,78,0,86.5,-,-30,30
42,42,62,3,0,0,0,-,-20,20
41,30,78,5,0,0,0,+,-37,37
40,28,82,7,0,0,0,+,-42,42
39,32,54,5,0,0,0,+,-15,15
38,41,48,12,30,0,56,-,-10,10
37,46,62,18,0,0,0,+,-25,25
36,35,46,20,0,0,20.5,-,-10,10
35,27,47,6,80,0,92,-,-12,12
34,40,40,11,0,0,0,-,-6,6
33,20,41,10,50,0,52.5,+,-8,8
32,36,42,12,74,0,32.5,+,-10,10
31,31,45,11,0,0,0,-,-14,14
30,17,95,4,100,100,100,-,-65,65
29,25,58,8,7,0,21,+,-29,29
28,24,51,3,0,0,15.5,+,-23,23
27,16,32,15,0,0,0,-,-5,5
26,18,48,9,0,0,26.5,+,-22,22
25,29,29,13,0,0,0,-,-4,4
24,12,97,8,0,0,68.5,+,-73,73
23,8,58,2,0,0,0,+,-35,35
22,19,52,19,0,0,0,-,-30,30
21,9,21,3,6,8,13.5,-,0,0
20,26,60,15,0,0,0,-,-40,40
19,15,48,6,0,0,0,+,-29,29
18,5,39,5,0,0,0,+,-21,21
17,37,87,7,96,18,90,-,-70,70
16,22,29,12,49,0,44.5,-,-13,13
15,7,43,3,89,0,97,+,-28,28
14,52,98,2,74,0,32.5,+,-84,84
13,13,32,16,0,0,34,-,-19,19
12,4,58,19,71,24,76.5,-,-46,46
11,0,72,4,0,0,0,+,-61,61
10,21,21,6,0,0,0,-,-11,11
9,0,71,1,0,0,0,+,-62,62
8,0,81,1,65,0,91,+,-73,73
7,11,67,9,58,0,82,-,-60,60
6,0,12,1,0,0,1.5,+,-6,6
5,0,48,2,0,0,0,+,-43,43
4,0,50,1,0,0,0,+,-46,46
3,0,19,1,0,0,0,+,-16,16
2,0,58,1,3,0,47,+,-56,56
1,0,3,1,0,0,0,-,-2,2
100,100,100,9,100,100,100,-,0,0
99,98,100,7,0,0,0,+,-1,1
98,99,99,20,93,0,96.5,+,-1,1
97,96,97,10,98,22,88.5,-,0,0
96,91,100,25,98,22,88.5,-,-4,4
95,95,96,17,96,46,98,-,-1,1
94,97,99,12,97,68,97,+,-5,5
93,92,98,19,92,28,93,-,-5,5
92,90,100,19,100,100,100,+,-8,8
91,93,94,16,85,0,86.5,+,-3,3
90,94,94,12,0,0,0,+,-4,4
89,89,90,14,0,0,0,+,-1,1
88,88,95,8,82,90,81,-,-7,7
87,81,91,16,87,0,72.5,+,-4,4
86,86,89,9,0,0,0,-,-3,3
85,80,89,5,0,0,0,-,-4,4
84,79,98,22,0,0,0,+,-14,14
83,84,89,14,0,0,0,+,-6,6
82,78,85,14,73,0,0,-,-3,3
81,85,98,31,70,0,60.5,+,-17,17
80,83,87,19,64,0,0,-,-7,7
79,82,92,29,97,68,97,-,-13,13
78,76,95,22,54,0,32.5,-,-17,17
77,74,99,38,96,46,98,+,-22,22
76,77,88,5,89,88,83,+,-12,12
75,73,81,6,39,0,0,+,-6,6
74,72,74,10,0,0,0,-,0,0
73,71,95,27,0,0,0,-,-22,22
72,68,98,26,0,0,0,-,-26,26
71,64,87,31,66,0,78,-,-16,16
70,75,82,16,0,0,0,-,-12,12
69,69,71,27,52,0,78.5,-,-2,2
68,70,90,6,0,0,0,+,-22,22
67,51,70,6,94,82,98.5,+,-3,3
66,52,100,36,24,0,12,+,-34,34
65,65,70,13,0,0,0,-,-5,5
64,60,77,13,75,0,92.5,-,-13,13
63,46,74,12,15,0,0,+,-11,11
62,61,93,34,32,0,29,+,-31,31
61,26,61,5,36,0,0,-,0,0
60,63,63,13,55,0,74,-,-3,3
59,57,85,24,0,0,0,-,-26,26
58,54,80,9,10,0,0,+,-22,22
57,56,91,29,0,0,0,+,-34,34
56,55,56,10,8,0,0,-,0,0
55,14,92,3,0,0,0,+,-37,37
54,62,62,23,23,0,41.5,+,-8,8
53,53,99,21,99,92,99.5,+,-46,46
52,0,98,1,79,0,15,-,-46,46
51,59,59,5,95,98,95.5,-,-8,8
50,31,88,13,94,82,98.5,-,-38,38
49,50,58,10,46,0,69,+,-9,9
48,44,57,10,83,0,90.5,+,-9,9
47,41,73,8,72,0,80,-,-26,26
46,47,62,17,0,0,0,-,-16,16
45,49,58,17,0,0,0,+,-13,13
44,40,60,5,80,0,87,+,-16,16
43,24,93,7,0,0,0,+,-50,50
42,58,62,2,0,0,0,+,-20,20
41,29,48,11,27,0,58,-,-7,7
40,23,40,10,0,0,0,-,0,0
39,37,69,5,65,0,77,+,-30,30
38,42,49,12,19,0,13.5,+,-11,11
37,0,87,6,98,22,88.5,-,-50,50
36,20,42,11,79,0,15,-,-6,6
35,16,46,19,0,0,0,+,-11,11
34,43,75,6,91,16,99,-,-41,41
33,36,36,2,51,0,68.5,-,-3,3
32,35,54,4,0,0,0,+,-22,22
31,33,45,10,0,0,0,+,-14,14
30,32,78,4,0,0,0,+,-48,48
29,9,29,12,0,0,0,-,0,0
28,22,82,6,0,0,0,+,-54,54
27,28,47,5,78,0,93.5,+,-20,20
26,12,60,14,0,0,0,-,-34,34
25,25,58,7,0,0,0,+,-33,33
24,6,51,2,0,0,0,+,-27,27
23,0,23,2,100,100,100,-,0,0
22,1,29,11,40,0,7.5,-,-7,7
21,39,21,5,0,0,0,-,0,0
20,34,41,9,50,0,72,+,-21,21
19,21,52,18,0,0,4,+,-33,33
18,19,48,8,0,0,0,+,-30,30
17,0,95,3,100,100,100,+,-78,78
16,30,32,14,0,0,0,+,-16,16
15,4,48,5,34,0,70,+,-33,33
14,0,15,6,0,0,0,-,-1,1
13,8,32,15,0,0,18,+,-19,19
12,15,97,7,0,0,46.5,+,-85,85
11,2,67,8,49,0,71,-,-56,56
10,7,10,3,59,0,66.5,-,0,0
9,0,21,2,5,14,9,+,-12,12
8,0,58,1,0,0,0,+,-50,50
7,11,43,2,90,0,97.5,+,-36,36
6,0,6,1,0,0,0,-,0,0
5,10,39,4,0,0,0,+,-34,34
4,0,58,18,71,20,76.5,+,-54,54
3,0,13,1,0,0,0,-,-10,10
2,0,17,3,0,0,0,-,-15,15
1,0,1,1,98,22,88.5,-,0,0
100,100,100,8,100,100,100,+,0,0
99,99,99,19,94,0,93.5,-,0,0
98,98,100,6,0,0,0,+,-2,2
97,95,99,11,98,78,96.5,-,-2,2
96,97,97,9,95,58,83,+,-1,1
95,96,96,16,96,72,97.5,+,-1,1
94,92,94,11,0,0,0,-,0,0
93,90,94,15,82,0,79,-,-1,1
92,93,98,18,90,0,88.5,+,-6,6
91,94,100,24,95,58,83,+,-9,9
90,91,100,18,100,100,100,+,-10,10
89,87,90,13,0,0,0,+,-1,1
88,88,95,7,84,96,74.5,+,-7,7
87,0,87,1,91,0,87.5,-,0,0
86,89,89,8,0,0,0,+,-3,3
85,86,98,30,69,0,35,-,-13,13
84,85,89,13,0,0,0,-,-5,5
83,83,87,18,63,0,0,-,-4,4
82,84,92,28,98,78,96.5,-,-10,10
81,75,91,15,80,0,38.5,+,-10,10
80,78,89,4,0,0,0,+,-9,9
79,82,98,21,0,0,0,+,-19,19
78,79,85,13,64,0,0,+,-7,7
77,81,88,4,88,86,76,-,-11,11
76,77,95,21,47,0,0,+,-19,19
75,80,82,15,0,0,0,-,-7,7
74,76,99,37,96,72,97.5,+,-25,25
73,74,81,5,28,0,0,+,-8,8
72,73,74,9,0,0,0,+,-2,2
71,72,95,26,0,0,0,+,-24,24
70,64,90,5,0,0,0,-,-20,20
69,69,71,26,46,0,60,+,-2,2
68,71,98,25,0,0,0,+,-30,30
67,0,67,1,71,0,80,-,0,0
66,61,90,10,52,0,71,-,-24,24
65,66,70,12,0,0,0,+,-5,5
64,70,87,30,50,0,43,+,-23,23
63,62,63,12,51,0,70.5,-,0,0
62,59,62,22,31,0,34,-,0,0
61,67,93,33,24,0,0,+,-32,32
60,63,77,12,81,0,94.5,+,-17,17
59,37,59,4,93,92,90.5,-,0,0
58,0,62,1,0,0,0,-,-4,4
57,68,85,23,0,0,0,+,-28,28
56,65,91,28,0,0,0,+,-35,35
55,56,56,9,0,0,0,+,-1,1
54,44,80,8,20,0,0,+,-26,26
53,46,99,20,99,98,99.5,+,-46,46
52,58,100,35,0,0,0,+,-48,48
51,48,70,5,89,90,97,+,-19,19
50,50,58,9,45,0,64,-,-8,8
49,54,58,16,0,0,0,-,-9,9
48,0,48,1,73,0,76.5,-,0,0
47,57,62,16,0,0,0,-,-15,15
46,60,74,11,0,0,0,+,-28,28
45,51,59,20,0,0,0,-,-14,14
44,43,57,9,79,0,88,+,-13,13
43,53,75,5,97,42,99,-,-32,32
42,49,49,11,22,0,12,-,-7,7
41,38,73,7,72,0,67.5,+,-32,32
40,40,60,4,74,0,84.5,+,-20,20
39,0,39,4,0,0,0,-,0,0
38,0,38,1,0,0,0,-,0,0
37,34,69,4,54,0,66.5,+,-32,32
36,0,36,1,56,0,78,-,0,0
35,47,54,3,0,0,0,-,-19,19
34,33,41,8,49,0,72,-,-7,7
33,41,45,9,0,0,0,-,-12,12
32,22,78,3,0,0,0,-,-46,46
31,31,88,12,89,90,97,+,-57,57
30,32,32,13,0,0,0,-,-2,2
29,29,48,10,19,0,39,+,-19,19
28,17,47,4,75,0,91.5,-,-19,19
27,0,27,1,17,0,32.5,-,0,0
26,7,61,4,1,0,0,+,-35,35
25,21,58,6,0,0,0,+,-33,33
24,14,93,6,0,0,0,+,-69,69
23,30,40,9,0,0,0,+,-17,17
22,16,82,5,0,0,0,+,-60,60
21,36,52,17,0,0,0,-,-31,31
20,27,42,10,61,0,0,+,-22,22
19,19,48,7,0,0,0,-,-29,29
18,0,18,1,0,0,0,-,0,0
17,39,47,20,0,0,0,-,-30,30
16,24,46,18,0,0,0,+,-30,30
15,18,97,6,0,0,47.5,-,-82,82
14,0,92,2,0,0,0,+,-78,78
13,0,13,1,0,0,0,-,0,0
12,26,60,13,0,0,0,+,-48,48
11,0,43,1,92,56,98.5,-,-32,32
10,10,39,3,0,0,0,-,-29,29
9,9,29,11,0,0,0,+,-20,20
8,23,32,14,0,0,0,+,-24,24
7,1,10,2,65,6,86.5,+,-3,3
6,0,51,1,0,0,0,+,-45,45
5,13,78,20,0,0,0,-,-73,73
4,4,48,4,41,0,81,+,-44,44
3,28,40,2,92,56,98.5,-,-37,37
2,15,67,7,38,0,59.5,+,-65,65
1,12,29,10,27,0,0,+,-28,28
100,100,100,7,100,100,99.5,+,0,0
99,99,99,18,94,0,93.5,+,0,0
98,96,100,5,0,0,0,+,-2,2
97,93,97,8,95,58,83.5,-,0,0
96,94,96,15,96,70,96.5,-,0,0
95,77,99,10,97,80,96,+,-4,4
94,98,100,23,95,58,83.5,-,-6,6
93,97,98,17,93,6,89.5,-,-5,5
92,91,94,10,0,0,0,+,-2,2
91,95,100,17,100,100,99.5,-,-9,9
90,92,94,14,84,4,80,+,-4,4
89,69,89,7,0,0,0,-,0,0
88,89,95,6,86,96,74.5,+,-7,7
87,87,90,12,0,0,0,+,-3,3
86,90,98,29,79,0,59,-,-12,12
85,85,89,12,0,0,0,-,-4,4
84,84,92,27,97,80,96,-,-8,8
83,83,87,17,69,0,0,+,-4,4
82,82,98,20,0,0,0,-,-16,16
81,88,88,3,88,90,78,-,-7,7
80,79,82,14,0,0,0,-,-2,2
79,81,85,12,67,0,0,-,-6,6
78,86,89,3,0,0,0,+,-11,11
77,80,95,20,51,0,0,-,-18,18
76,78,99,36,96,70,96.5,-,-23,23
75,75,91,14,72,0,19,+,-16,16
74,73,81,4,38,0,0,-,-7,7
73,72,74,8,0,0,0,-,-1,1
72,76,95,25,0,0,0,-,-23,23
71,71,98,24,0,0,0,-,-27,27
70,74,87,29,59,0,46.5,-,-17,17
69,64,71,25,48,0,64.5,+,-2,2
68,68,85,22,0,0,0,-,-17,17
67,70,93,32,30,0,3.5,-,-26,26
66,52,70,11,0,0,0,-,-4,4
65,65,91,27,0,0,0,-,-26,26
64,56,90,4,0,0,0,+,-26,26
63,49,77,11,92,0,98.5,-,-14,14
62,58,63,11,56,0,69.5,+,-1,1
61,51,90,9,58,0,76,+,-29,29
60,66,74,10,17,0,0,-,-14,14
59,57,62,21,32,0,37,+,-3,3
58,59,100,34,5,0,0,-,-42,42
57,60,62,15,0,0,0,-,-5,5
56,53,56,8,2,0,0,-,0,0
55,62,88,23,10,0,0,-,-33,33
54,55,58,15,0,0,0,-,-4,4
53,63,75,4,98,34,99,-,-22,22
52,54,74,22,0,0,0,-,-22,22
51,48,59,19,0,0,0,-,-8,8
50,41,58,8,40,0,60.5,+,-8,8
49,44,49,10,22,0,0,-,0,0
48,50,70,4,90,84,97,+,-22,22
47,6,54,2,0,0,0,-,-7,7
46,46,99,19,89,94,0,+,-53,53
45,67,67,2,97,80,96,-,-22,22
44,39,80,7,6,0,0,+,-36,36
43,36,57,8,78,0,88.5,+,-14,14
42,0,42,1,47,0,0,-,0,0
41,45,45,8,0,0,0,-,-4,4
40,31,60,3,74,0,83,+,-20,20
39,47,47,19,0,0,0,-,-8,8
38,33,73,6,70,0,65.5,+,-35,35
37,9,59,3,91,0,92,+,-22,22
36,43,52,16,0,0,0,-,-16,16
35,35,65,20,67,0,0,-,-30,30
34,23,69,3,63,0,82.5,+,-35,35
33,28,41,7,49,0,67.5,+,-8,8
32,30,32,12,0,0,0,-,0,0
31,38,88,11,90,84,97,+,-57,57
30,40,40,8,0,0,0,-,-10,10
29,25,48,9,24,0,31.5,+,-19,19
28,0,40,1,99,56,100,-,-12,12
27,24,42,9,64,0,0,-,-15,15
26,34,60,12,0,0,0,-,-34,34
25,0,95,2,100,100,99.5,-,-70,70
24,27,46,17,0,0,0,-,-22,22
23,32,32,13,0,0,1.5,-,-9,9
22,14,78,2,0,0,0,+,-56,56
21,18,58,5,0,0,0,+,-37,37
20,0,20,1,57,0,0,-,0,0
19,13,48,6,0,0,0,+,-29,29
18,26,97,5,0,0,57.5,-,-79,79
17,7,47,3,71,0,91.5,+,-30,30
16,10,82,4,0,0,0,+,-66,66
15,42,67,6,52,0,55,-,-52,52
14,4,93,5,0,0,0,+,-79,79
13,29,78,19,0,0,0,-,-65,65
12,21,29,9,35,0,0,-,-17,17
11,0,11,1,96,70,96.5,-,0,0
10,3,39,2,0,0,0,+,-29,29
9,17,29,10,0,0,0,+,-20,20
8,0,8,1,0,0,0,-,0,0
7,2,61,3,0,0,0,+,-54,54
6,0,65,1,99,56,100,-,-59,59
5,12,15,5,0,0,0,-,-10,10
4,0,48,3,41,0,85.5,+,-44,44
3,0,3,1,37,0,0,-,0,0
2,8,58,17,77,8,77.5,-,-56,56
1,0,10,1,55,14,0,+,-9,9
100,100,100,6,100,98,100,+,0,0
99,98,99,17,93,0,94.5,+,0,0
98,99,100,22,96,16,82,-,-2,2
97,96,98,16,92,0,89.5,-,-1,1
96,93,100,4,0,0,0,+,-4,4
95,97,100,16,100,98,100,-,-5,5
94,94,96,14,98,70,98.5,+,-2,2
93,88,97,7,96,16,82,+,-4,4
92,90,94,13,85,0,84.5,-,-2,2
91,91,94,9,0,0,0,+,-3,3
90,92,98,28,83,0,60.5,-,-8,8
89,95,95,5,88,96,78.5,-,-6,6
88,83,88,2,90,74,81,-,0,0
87,86,90,11,0,0,0,+,-3,3
86,89,89,2,0,0,0,-,-3,3
85,85,89,11,0,0,0,+,-4,4
84,84,92,26,97,60,95,+,-8,8
83,81,87,16,71,0,0,+,-4,4
82,87,98,19,0,0,0,+,-16,16
81,80,85,11,66,0,0,-,-4,4
80,82,95,19,47,0,0,-,-15,15
79,78,82,13,0,0,0,+,-3,3
78,75,99,35,98,70,98.5,-,-21,21
77,62,99,9,97,60,95,+,-22,22
76,76,95,24,0,0,0,-,-19,19
75,73,91,13,78,0,21.5,+,-16,16
74,79,87,28,67,0,60,-,-13,13
73,63,81,3,26,0,0,+,-8,8
72,72,74,7,0,0,0,+,-2,2
71,77,98,23,0,0,0,+,-27,27
70,66,93,31,37,0,16.5,-,-23,23
69,68,89,6,0,0,0,+,-20,20
68,71,85,21,0,0,0,+,-17,17
67,0,67,1,97,60,95,-,0,0
66,74,74,9,36,0,0,-,-8,8
65,69,91,26,0,0,0,+,-26,26
64,61,71,24,44,0,71.5,+,-7,7
63,41,75,3,99,4,99.5,-,-12,12
62,65,88,22,22,0,19,-,-26,26
61,0,61,1,62,0,0,-,0,0
60,58,62,14,0,0,0,-,-2,2
59,64,100,33,5,0,0,-,-41,41
58,54,63,10,53,0,68.5,+,-5,5
57,50,62,20,25,0,48.5,+,-5,5
56,47,90,3,0,0,0,+,-34,34
55,46,58,14,0,0,0,-,-3,3
54,53,74,21,0,0,0,-,-20,20
53,55,56,7,4,0,0,+,-3,3
52,48,70,10,0,0,0,+,-18,18
51,0,90,8,57,0,79,+,-39,39
50,70,70,3,91,80,98,-,-20,20
49,49,77,10,52,0,0,+,-28,28
48,43,59,18,0,0,0,+,-11,11
47,42,47,18,10,0,0,-,0,0
46,52,99,18,89,94,0,+,-53,53
45,40,45,7,0,0,0,-,0,0
44,37,49,9,29,0,10,+,-5,5
43,44,52,15,11,0,0,-,-9,9
42,67,67,5,60,0,62,-,-25,25
41,32,58,7,24,0,57,+,-17,17
40,15,40,7,2,0,0,-,0,0
39,34,80,6,1,0,0,+,-41,41
38,56,88,10,91,80,98,-,-50,50
37,38,66,20,80,58,35.5,-,-29,29
36,33,57,7,82,0,86.5,+,-21,21
35,39,65,19,66,0,0,+,-30,30
34,60,60,11,0,0,0,-,-26,26
33,45,73,5,68,0,64,+,-40,40
32,29,32,12,0,0,11,-,0,0
31,12,60,2,76,0,81.5,+,-29,29
30,22,32,11,0,0,0,+,-2,2
29,51,78,18,0,0,0,-,-49,49
28,19,41,6,41,0,63,+,-13,13
27,28,46,16,0,0,4.5,-,-19,19
26,13,97,4,31,0,87.5,-,-71,71
25,23,48,8,19,0,39.5,+,-23,23
24,18,42,8,63,0,0,+,-18,18
23,30,69,2,56,0,68,+,-46,46
22,27,89,20,75,0,90.5,-,-67,67
21,16,29,8,35,0,0,-,-8,8
20,25,28,14,0,0,0,-,-8,8
19,35,61,20,0,0,49.5,-,-42,42
18,9,58,4,0,0,0,+,-40,40
17,10,29,9,0,0,0,-,-12,12
16,20,39,3,0,0,0,-,-23,23
15,14,17,11,0,0,0,-,-2,2
14,0,78,1,0,0,0,+,-64,64
13,4,48,5,0,0,0,+,-35,35
12,11,15,4,0,0,0,-,-3,3
11,0,48,1,0,0,0,-,-37,37
10,5,82,3,0,0,0,+,-72,72
9,36,59,2,94,100,93,+,-50,50
8,24,58,16,81,0,73,-,-50,50
7,0,47,2,75,0,90.5,+,-40,40
6,0,54,1,0,0,0,+,-48,48
5,21,62,11,0,0,16,-,-57,57
4,0,93,4,0,0,0,+,-89,89
3,0,39,1,0,0,0,+,-36,36
2,8,61,2,0,26,0,+,-59,59
1,0,1,1,0,0,0,-,0,0
100,100,100,5,100,96,100,+,0,0
99,99,100,21,97,36,82,-,-1,1
98,98,99,16,89,0,91,+,-1,1
97,96,100,15,100,96,100,-,-3,3
96,97,98,15,93,0,95.5,+,-2,2
95,81,95,4,91,94,88.5,-,0,0
94,94,96,13,98,70,98,+,-2,2
93,83,100,3,0,0,0,+,-7,7
92,95,98,27,86,0,64,-,-6,6
91,92,94,8,0,0,0,+,-3,3
90,93,94,12,87,0,84.5,+,-4,4
89,0,89,1,0,0,0,-,0,0
88,82,97,6,97,36,82,+,-9,9
87,89,98,18,0,0,0,-,-11,11
86,90,90,10,0,0,0,+,-4,4
85,88,89,10,0,0,0,+,-4,4
84,91,92,25,92,60,90.5,+,-8,8
83,0,88,1,95,86,96.5,+,-5,5
82,86,95,18,54,0,7.5,-,-13,13
81,87,87,15,69,0,0,+,-6,6
80,85,85,10,66,0,0,+,-5,5
79,84,87,27,76,0,72.5,-,-8,8
78,80,82,12,0,0,0,+,-4,4
77,78,98,22,0,0,0,-,-21,21
76,79,95,23,0,0,0,+,-19,19
75,77,99,34,98,70,98,+,-24,24
74,65,74,8,55,0,0,-,0,0
73,76,91,12,78,0,56,+,-18,18
72,66,74,6,0,0,0,+,-2,2
71,74,85,20,0,0,0,-,-14,14
70,46,70,2,96,88,98.5,-,0,0
69,73,91,25,0,0,0,-,-22,22
68,70,89,5,0,0,0,+,-21,21
67,36,67,4,75,24,69.5,-,0,0
66,69,93,30,38,0,17.5,+,-27,27
65,71,88,21,36,0,46,-,-23,23
64,68,100,32,20,0,0,-,-36,36
63,24,81,2,13,0,0,+,-18,18
62,61,99,8,92,60,90.5,+,-37,37
61,67,71,23,41,0,62.5,+,-10,10
60,0,60,10,0,0,0,-,0,0
59,59,97,22,0,0,0,-,-38,38
58,62,62,13,0,0,0,+,-4,4
57,53,100,39,0,0,0,-,-43,43
56,72,88,9,96,88,98.5,-,-32,32
55,54,56,6,10,0,0,-,-1,1
54,56,63,9,52,0,72,+,-9,9
53,64,74,20,0,0,0,+,-21,21
52,47,99,17,88,48,0,-,-47,47
51,33,78,17,0,0,0,-,-27,27
50,60,62,19,19,0,35,+,-12,12
49,63,77,9,43,0,0,+,-28,28
48,48,70,9,0,0,0,+,-22,22
47,6,90,2,0,0,0,+,-43,43
46,57,58,13,0,0,0,+,-12,12
45,29,73,4,82,0,66.5,-,-28,28
44,50,52,14,25,0,14,-,-8,8
43,44,59,17,0,0,0,+,-16,16
42,45,47,17,12,0,0,+,-5,5
41,75,75,2,99,0,99.5,+,-34,34
40,35,45,6,0,0,0,+,-5,5
39,41,65,18,66,0,0,-,-26,26
38,42,66,19,77,22,34,-,-28,28
37,40,49,8,32,0,55,+,-12,12
36,0,59,1,94,100,97,-,-23,23
35,43,61,19,14,0,57.5,-,-26,26
34,49,80,5,0,0,0,+,-46,46
33,28,57,6,84,0,85,+,-24,24
32,30,58,6,22,0,61.5,+,-26,26
31,0,79,3,0,0,0,-,-48,48
30,0,69,1,60,0,74,-,-39,39
29,26,32,11,4,0,0,+,-3,3
28,27,46,15,2,0,15,-,-18,18
27,32,89,19,70,0,89,-,-62,62
26,7,83,9,0,0,0,-,-57,57
25,25,28,13,0,0,0,-,-3,3
24,37,58,15,85,0,76,-,-34,34
23,19,48,7,24,0,41,+,-25,25
22,21,32,10,0,0,0,+,-10,10
21,39,62,10,7,0,10,-,-41,41
20,31,39,2,0,0,0,-,-19,19
19,15,41,5,50,0,78,+,-22,22
18,17,42,7,58,0,0,+,-24,24
17,0,17,1,0,0,0,-,0,0
16,20,29,7,33,0,0,+,-13,13
15,13,40,6,0,0,0,+,-25,25
14,14,17,10,0,0,0,+,-3,3
13,0,97,3,0,0,0,+,-84,84
12,0,60,1,73,0,83.5,+,-48,48
11,11,15,3,0,0,0,+,-4,4
10,12,29,8,0,0,0,+,-19,19
9,5,58,3,0,0,0,+,-49,49
8,0,61,1,0,0,0,-,-53,53
7,0,92,1,0,0,0,-,-85,85
6,10,77,18,62,78,53.5,-,-71,71
5,0,82,2,0,0,0,+,-77,77
4,4,48,4,0,0,0,+,-44,44
3,18,55,6,0,0,0,-,-52,52
2,0,87,5,97,36,82,-,-85,85
1,8,58,20,73,0,83.5,-,-57,57
100,100,100,4,100,90,99.5,+,0,0
99,99,100,20,96,0,48.5,+,-1,1
98,95,99,15,93,0,88,+,-1,1
97,97,98,14,95,0,84.5,-,-1,1
96,98,100,14,100,90,99.5,+,-4,4
95,96,98,26,88,0,38,-,-3,3
94,92,96,12,97,40,95,+,-2,2
93,91,94,11,87,0,76,-,-1,1
92,88,94,7,0,0,0,-,-2,2
91,90,92,24,92,58,86.5,-,-1,1
90,87,90,9,0,0,0,-,0,0
89,93,98,17,0,0,0,-,-9,9
88,89,89,9,0,0,0,-,-1,1
87,82,87,14,78,0,0,-,0,0
86,94,95,17,62,0,0,-,-9,9
85,84,85,9,71,0,0,-,0,0
84,83,87,26,81,0,0,-,-3,3
83,36,100,2,0,0,0,+,-17,17
82,63,97,5,96,0,48.5,+,-15,15
81,75,95,3,82,88,0,+,-14,14
80,80,82,11,0,0,0,-,-2,2
79,86,95,22,0,0,0,-,-16,16
78,85,98,21,0,0,0,-,-20,20
77,81,99,33,97,40,95,-,-22,22
76,72,91,11,80,0,21.5,-,-15,15
75,0,75,1,98,0,99,-,0,0
74,79,85,19,0,0,0,-,-11,11
73,78,91,24,0,0,0,-,-18,18
72,68,88,8,99,98,100,-,-16,16
71,77,88,20,53,0,0,-,-17,17
70,74,89,4,0,0,0,-,-19,19
69,76,93,29,44,0,0,-,-24,24
68,73,100,31,31,0,0,-,-32,32
67,69,71,22,56,0,68.5,-,-4,4
66,52,74,5,0,0,0,+,-8,8
65,60,74,7,43,0,0,+,-9,9
64,71,74,19,0,0,0,-,-10,10
63,66,77,8,52,0,0,-,-14,14
62,62,62,12,0,0,0,-,0,0
61,39,99,7,92,58,86.5,+,-38,38
60,51,62,18,34,0,0,-,-2,2
59,70,97,21,0,0,0,+,-38,38
58,65,100,59,37,0,0,-,-42,42
57,58,58,12,0,0,0,-,-1,1
56,47,63,8,54,0,57,-,-7,7
55,57,89,30,0,0,0,-,-34,34
54,55,56,5,5,0,0,+,-2,2
53,56,100,38,0,0,0,+,-47,47
52,54,93,25,46,0,0,-,-41,41
51,64,100,47,24,0,0,-,-49,49
50,49,52,13,26,0,0,-,-2,2
49,7,80,4,30,0,0,-,-31,31
48,40,70,8,0,0,0,+,-22,22
47,67,99,16,91,86,0,+,-52,52
46,0,70,1,99,98,100,+,-24,24
45,45,47,16,16,0,0,-,-2,2
44,50,59,16,0,0,0,-,-15,15
43,46,61,18,32,0,60.5,-,-18,18
42,48,66,18,86,62,0,-,-24,24
41,43,65,17,71,0,0,-,-24,24
40,33,49,7,25,0,0,-,-9,9
39,42,62,9,36,0,0,-,-23,23
38,0,38,1,17,0,0,-,0,0
37,44,58,14,83,0,71.5,-,-21,21
36,19,67,3,59,0,41.5,+,-31,31
35,30,45,5,0,0,0,+,-10,10
34,41,44,20,0,0,0,-,-10,10
33,37,78,16,0,0,0,+,-45,45
32,38,89,18,75,0,93.5,-,-57,57
31,0,39,1,0,0,0,-,-8,8
30,31,58,5,35,0,50,+,-28,28
29,0,73,3,74,0,38.5,+,-44,44
28,26,57,5,85,0,89,+,-29,29
27,35,46,14,3,0,0,+,-19,19
26,32,32,10,10,0,0,+,-6,6
25,28,28,12,0,0,0,+,-3,3
24,0,81,1,0,0,0,+,-57,57
23,0,23,1,0,0,0,-,0,0
22,34,90,20,85,0,89,-,-68,68
21,24,32,9,0,0,0,+,-11,11
20,27,29,6,50,0,0,-,-9,9
19,21,48,6,27,0,16.5,+,-29,29
18,25,55,5,0,0,0,-,-37,37
17,15,42,6,60,0,0,+,-25,25
16,0,67,2,65,78,73.5,-,-51,51
15,18,41,4,48,0,65,+,-26,26
14,17,17,9,0,0,0,+,-3,3
13,16,40,5,0,0,0,+,-27,27
12,23,29,7,0,0,0,-,-17,17
11,0,15,2,0,0,0,+,-4,4
10,22,77,17,64,82,0,-,-67,67
9,0,9,1,0,0,0,+,0,0
8,20,58,19,76,0,74.5,-,-50,50
7,0,83,8,0,0,0,+,-76,76
6,0,90,1,0,0,0,+,-84,84
5,2,58,2,0,0,0,+,-53,53
4,6,48,3,0,0,0,+,-44,44
3,0,93,3,0,0,0,-,-90,90
2,0,2,1,99,98,100,-,0,0
1,10,19,10,0,0,0,-,-18,18
100,88,100,3,100,98,100,+,0,0
99,99,100,19,95,0,58.5,+,-1,1
98,100,100,13,100,98,100,-,-2,2
97,98,98,13,97,0,88.5,+,-1,1
96,97,98,25,86,0,30,-,-2,2
95,93,99,14,88,0,88,+,-4,4
94,95,95,16,74,0,61,-,-1,1
93,96,98,16,0,0,0,-,-5,5
92,90,96,11,96,28,96,+,-4,4
91,78,94,10,90,34,97.5,+,-3,3
90,89,92,23,93,68,87,+,-2,2
89,75,89,8,0,0,0,-,0,0
88,94,94,6,0,0,0,+,-6,6
87,86,90,8,0,0,0,+,-3,3
86,91,95,21,0,0,0,-,-9,9
85,92,98,20,0,0,0,-,-13,13
84,80,85,8,70,0,0,+,-1,1
83,87,87,25,82,0,0,+,-4,4
82,79,87,13,69,0,0,+,-5,5
81,85,99,32,96,28,96,-,-18,18
80,81,82,10,0,0,0,+,-2,2
79,84,85,18,0,0,0,-,-6,6
78,83,91,23,0,0,0,-,-13,13
77,77,88,19,64,0,5.5,-,-11,11
76,82,93,28,50,0,0,-,-17,17
75,76,95,2,73,90,0,+,-20,20
74,58,89,3,0,0,0,-,-15,15
73,74,100,30,35,0,0,-,-27,27
72,71,91,10,79,0,36.5,+,-19,19
71,72,74,18,0,0,0,-,-3,3
70,70,97,20,0,0,0,-,-27,27
69,55,71,21,53,0,72,-,-2,2
68,69,88,7,91,92,16.5,+,-20,20
67,68,99,15,89,80,0,-,-32,32
66,73,77,7,66,0,0,-,-11,11
65,67,100,58,37,0,0,-,-35,35
64,56,100,46,45,0,6,-,-36,36
63,51,97,4,95,0,58.5,+,-34,34
62,59,62,11,0,0,0,+,0,0
61,65,97,31,57,0,0,-,-36,36
60,38,74,6,24,0,0,+,-14,14
59,62,95,22,97,0,88.5,-,-36,36
58,50,58,11,0,0,0,-,0,0
57,60,89,29,0,0,0,-,-32,32
56,57,100,37,0,0,0,-,-44,44
55,48,56,4,9,0,0,-,-1,1
54,64,93,24,46,0,0,-,-39,39
53,63,71,21,78,0,89.5,-,-18,18
52,41,74,4,0,0,0,+,-22,22
51,44,62,17,29,0,10,+,-11,11
50,46,59,15,0,0,0,-,-9,9
49,52,52,12,30,0,0,+,-3,3
48,49,66,17,84,70,0,-,-18,18
47,47,63,7,56,0,66,+,-16,16
46,61,61,17,42,0,76,-,-15,15
45,43,47,15,12,0,0,+,-2,2
44,54,58,13,81,0,78.5,-,-14,14
43,40,65,16,70,0,0,-,-22,22
42,53,62,8,44,0,15.5,-,-20,20
41,39,44,19,10,0,0,-,-3,3
40,37,70,7,0,0,0,+,-30,30
39,33,99,6,93,68,87,+,-60,60
38,66,89,17,83,0,95,-,-51,51
37,45,78,15,0,0,0,-,-41,41
36,0,100,1,0,0,0,+,-64,64
35,31,46,13,16,0,22.5,-,-11,11
34,42,90,19,85,0,92,-,-56,56
33,36,49,6,14,0,0,+,-16,16
32,30,32,9,3,0,0,-,0,0
31,32,58,4,32,0,58,-,-27,27
30,22,45,4,0,0,0,+,-15,15
29,34,85,20,61,86,78,-,-56,56
28,25,28,11,0,0,0,-,0,0
27,29,29,5,57,0,0,-,-2,2
26,23,57,4,85,0,92,+,-31,31
25,27,55,4,0,0,0,-,-30,30
24,20,32,8,0,0,0,-,-8,8
23,21,29,6,0,0,0,-,-6,6
22,28,77,16,71,76,7,-,-55,55
21,18,48,5,20,0,31.5,-,-27,27
20,35,58,18,76,0,81,-,-38,38
19,0,67,2,60,12,68.5,+,-48,48
18,11,41,3,48,0,75,-,-23,23
17,17,17,8,0,0,0,-,0,0
16,16,40,4,0,0,0,-,-24,24
15,15,42,5,54,0,26,+,-27,27
14,0,14,1,91,92,16.5,-,0,0
13,0,13,1,91,92,16.5,-,0,0
12,2,72,3,0,0,0,-,-60,60
11,13,22,8,0,0,0,-,-11,11
10,14,19,9,0,0,0,-,-9,9
9,7,9,3,74,0,61,-,0,0
8,19,28,9,0,0,0,-,-20,20
7,26,80,3,0,0,0,+,-73,73
6,6,48,2,0,0,0,-,-42,42
5,8,8,3,0,0,0,-,-3,3
4,4,48,2,27,0,85,-,-44,44
3,3,97,2,0,0,0,-,-94,94
2,0,58,1,0,0,0,+,-56,56
1,0,82,1,0,0,0,-,-81,81
100,100,100,12,100,96,100,-,0,0
99,99,100,18,99,0,56,+,-1,1
98,97,98,12,98,0,88.5,-,0,0
97,98,98,24,88,0,48.5,-,-1,1
96,96,98,15,0,0,0,-,-2,2
95,93,95,15,74,0,0,-,0,0
94,77,94,5,0,0,0,-,0,0
93,91,99,13,86,0,92,+,-6,6
92,95,98,19,0,0,0,-,-6,6
91,94,95,20,0,0,0,-,-4,4
90,89,96,10,97,10,96.5,+,-6,6
89,92,92,22,95,58,87,+,-3,3
88,83,100,2,100,96,100,+,-12,12
87,87,87,24,81,0,8,-,0,0
86,75,90,7,0,0,0,+,-4,4
85,90,99,31,97,10,96.5,-,-14,14
84,85,85,17,0,0,0,-,-1,1
83,86,91,22,0,0,0,-,-8,8
82,88,93,27,67,0,24.5,-,-11,11
81,82,82,9,0,0,0,-,-1,1
80,76,85,7,70,0,0,+,-5,5
79,79,87,12,64,0,0,+,-8,8
78,73,94,9,65,4,0,+,-16,16
77,84,88,18,63,0,0,+,-11,11
76,0,95,1,82,94,0,-,-19,19
75,81,89,7,0,0,0,+,-14,14
74,80,100,29,35,0,0,-,-26,26
73,46,77,6,79,0,4,-,-4,4
72,74,74,17,0,0,0,-,-2,2
71,68,91,9,76,0,6.5,+,-20,20
70,72,97,19,0,0,0,+,-27,27
69,67,88,6,90,86,13.5,-,-19,19
68,63,99,14,94,90,0,-,-31,31
67,62,100,57,45,0,15.5,-,-33,33
66,64,89,16,87,0,98.5,-,-23,23
65,70,97,30,62,0,0,-,-32,32
64,65,93,23,47,0,0,-,-29,29
63,71,71,20,85,0,95.5,-,-8,8
62,69,95,21,98,0,88.5,-,-33,33
61,40,61,16,73,0,83.5,-,0,0
60,61,89,28,0,0,0,-,-29,29
59,58,62,10,0,0,0,+,-3,3
58,47,89,2,0,0,0,+,-31,31
57,60,100,36,0,0,0,-,-43,43
56,59,100,45,32,0,0,+,-44,44
55,53,71,20,40,0,69,+,-16,16
54,55,58,12,89,0,95,-,-4,4
53,51,62,7,50,0,14,-,-9,9
52,44,52,11,46,0,35,-,0,0
51,31,97,3,99,0,56,+,-46,46
50,52,58,10,0,0,0,+,-8,8
49,57,66,16,83,56,0,-,-17,17
48,37,56,3,0,0,0,+,-8,8
47,35,63,6,72,0,72,+,-16,16
46,54,59,14,0,0,0,+,-13,13
45,78,78,14,0,0,0,-,-33,33
44,50,62,16,30,0,32,+,-18,18
43,42,47,14,25,0,18.5,+,-4,4
42,49,90,18,93,0,97.5,-,-48,48
41,39,74,3,0,0,0,+,-33,33
40,45,65,15,70,0,0,+,-25,25
39,43,44,18,10,0,0,+,-5,5
38,38,74,5,14,0,0,+,-36,36
37,28,70,6,0,0,0,+,-33,33
36,24,49,5,29,0,51.5,-,-13,13
35,27,58,17,84,0,90,-,-23,23
34,36,85,19,66,82,74,-,-51,51
33,17,99,5,95,58,87,+,-66,66
32,13,58,3,48,0,77,-,-26,26
31,22,46,12,3,0,33.5,+,-15,15
30,15,32,8,5,0,1,+,-2,2
29,20,29,4,62,0,0,-,0,0
28,34,77,15,78,80,3.5,-,-49,49
27,29,55,3,0,0,0,-,-28,28
26,26,80,2,0,0,0,-,-54,54
25,18,28,10,0,0,0,+,-3,3
24,0,24,1,90,86,13.5,-,0,0
23,6,57,3,93,0,97.5,+,-34,34
22,7,45,3,0,0,0,+,-23,23
21,14,29,5,0,0,0,+,-8,8
20,12,32,7,0,0,0,+,-12,12
19,19,28,8,0,0,0,-,-9,9
18,10,48,4,36,0,55,+,-30,30
17,9,17,7,0,0,0,+,0,0
16,4,40,3,0,0,0,+,-24,24
15,2,42,4,54,0,0,+,-27,27
14,8,19,8,0,0,0,-,-5,5
13,11,22,7,0,0,0,-,-9,9
12,48,73,2,77,0,71.5,-,-61,61
11,1,41,2,53,0,83,+,-30,30
10,23,35,10,0,0,0,-,-25,25
9,0,21,1,37,72,0,-,-12,12
8,0,8,2,0,0,0,-,0,0
7,0,9,2,74,0,0,+,-2,2
6,0,48,1,0,0,0,+,-42,42
5,0,87,4,99,0,56,-,-82,82
4,0,48,1,28,0,81,+,-44,44
3,0,3,1,0,0,0,-,0,0
2,0,72,2,0,0,0,+,-70,70
1,0,83,7,0,0,0,-,-82,82
100,99,100,11,100,94,100,+,0,0
99,100,100,17,99,0,52.5,+,-1,1
98,98,98,23,90,0,50,-,0,0
97,96,98,11,98,6,90,+,-1,1
96,97,98,14,0,0,0,+,-2,2
95,95,98,18,0,0,0,-,-3,3
94,94,95,19,0,0,0,-,-1,1
93,93,95,14,75,0,0,+,-2,2
92,90,92,21,93,64,87,-,0,0
91,92,99,12,86,0,91.5,+,-8,8
90,91,99,30,97,30,93.5,-,-9,9
89,85,96,9,97,30,93.5,+,-7,7
88,89,93,26,72,0,16,-,-5,5
87,87,87,23,85,0,13,+,0,0
86,88,91,21,0,0,0,-,-5,5
85,84,85,16,0,0,0,-,0,0
84,86,88,17,74,0,13.5,-,-4,4
83,0,100,1,100,94,100,+,-17,17
82,80,82,8,0,0,0,-,0,0
81,66,89,6,0,0,0,-,-8,8
80,82,100,28,49,0,0,-,-20,20
79,79,87,11,58,0,0,+,-8,8
78,71,78,13,0,0,0,-,0,0
77,64,94,4,0,0,0,+,-17,17
76,63,85,6,67,0,0,+,-9,9
75,67,90,6,0,0,0,+,-15,15
74,73,74,16,0,0,0,-,0,0
73,74,94,8,60,0,0,+,-21,21
72,81,97,18,0,0,0,-,-25,25
71,65,71,19,96,0,99,-,0,0
70,72,97,29,65,0,0,-,-27,27
69,76,95,20,98,6,90,-,-26,26
68,68,91,8,68,0,0,+,-23,23
67,83,88,5,83,88,7,+,-21,21
66,0,97,16,76,0,36,-,-31,31
65,77,93,22,59,0,0,-,-28,28
64,75,89,15,89,0,98,+,-25,25
63,78,99,13,92,90,0,+,-36,36
62,69,100,56,55,0,20.5,+,-38,38
61,70,89,27,0,0,0,-,-28,28
60,62,100,35,0,0,0,-,-40,40
59,61,100,44,46,0,10,-,-41,41
58,51,62,9,0,0,0,+,-4,4
57,60,66,15,88,82,6,-,-9,9
56,58,94,33,0,0,0,-,-38,38
55,54,58,11,79,0,77.5,-,-3,3
54,59,59,13,0,0,0,-,-5,5
53,52,71,19,38,0,56,+,-18,18
52,46,58,9,0,0,0,-,-6,6
51,48,62,6,54,0,4,+,-11,11
50,47,62,15,31,0,33.5,-,-12,12
49,56,90,17,91,0,97.5,-,-41,41
48,0,73,1,87,0,44,-,-25,25
47,0,89,1,0,0,0,+,-42,42
46,43,77,5,53,0,0,+,-31,31
45,49,65,14,67,0,0,-,-20,20
44,40,52,10,25,0,0,+,-8,8
43,44,44,17,20,0,0,-,-1,1
42,41,47,13,14,0,0,+,-5,5
41,0,95,1,100,94,100,-,-54,54
40,42,61,15,47,0,85.5,+,-21,21
39,9,74,2,0,0,0,+,-35,35
38,38,74,4,16,0,0,+,-36,36
37,34,56,2,0,0,0,+,-19,19
36,50,85,18,61,70,72,-,-49,49
35,36,63,5,48,0,67.5,+,-28,28
34,39,77,14,81,86,1,-,-43,43
33,45,68,20,0,0,0,-,-35,35
32,53,53,2,100,94,100,-,-21,21
31,8,97,2,99,0,52.5,+,-66,66
30,0,30,1,0,0,0,-,0,0
29,55,55,2,6,0,0,-,-26,26
28,29,70,5,0,0,0,+,-42,42
27,37,58,16,78,0,82,+,-31,31
26,0,80,1,2,0,0,+,-54,54
25,0,96,1,100,94,100,-,-71,71
24,25,49,4,7,0,28.5,+,-25,25
23,35,35,9,0,0,0,-,-12,12
22,30,46,11,4,0,23.5,+,-24,24
21,0,23,1,100,94,100,-,-2,2
20,27,29,3,65,0,0,+,-9,9
19,28,28,7,9,0,0,+,-9,9
18,23,28,9,0,0,0,+,-10,10
17,26,99,4,93,64,87,+,-82,82
16,32,78,20,45,0,81.5,-,-62,62
15,10,32,7,15,24,0,+,-17,17
14,13,29,4,0,0,0,+,-15,15
13,11,58,2,34,0,70,+,-45,45
12,20,32,6,0,0,0,+,-20,20
11,22,22,6,0,0,0,+,-11,11
10,16,48,3,36,0,53.5,+,-38,38
9,12,17,6,0,0,0,+,-8,8
8,19,19,7,0,0,0,+,-11,11
7,5,45,2,0,0,0,+,-38,38
6,0,57,2,91,0,97.5,+,-51,51
5,17,93,2,0,0,0,-,-88,88
4,3,40,2,0,0,0,+,-36,36
3,14,51,20,0,0,26,-,-48,48
2,6,42,3,39,0,0,+,-40,40
1,0,41,1,45,0,81.5,+,-40,40
100,100,100,16,98,0,76,-,0,0
99,99,100,10,100,98,61,+,-1,1
98,96,98,22,86,0,57,+,0,0
97,98,98,13,0,0,0,-,-1,1
96,94,98,10,97,8,91.5,+,-2,2
95,97,98,17,0,0,0,+,-3,3
94,95,95,18,0,0,0,+,-1,1
93,92,95,13,70,0,0,+,-2,2
92,68,99,11,87,0,93,-,-7,7
91,93,99,29,96,40,95,-,-8,8
90,91,92,20,91,48,89.5,+,-2,2
89,87,93,25,66,0,34,-,-4,4
88,89,91,20,0,0,0,-,-3,3
87,86,87,22,82,0,24.5,+,0,0
86,88,88,16,73,0,17,-,-2,2
85,81,96,8,96,40,95,+,-11,11
84,82,85,15,0,0,0,+,-1,1
83,61,88,4,81,90,0,-,-5,5
82,84,100,27,51,0,0,-,-18,18
81,85,97,17,0,0,0,-,-16,16
80,75,82,7,0,0,0,+,-2,2
79,74,87,10,54,0,0,+,-8,8
78,90,99,12,85,78,0,-,-21,21
77,80,93,21,60,0,0,-,-16,16
76,79,95,19,97,8,91.5,-,-19,19
75,78,89,14,93,0,97.5,-,-14,14
74,71,94,7,58,0,0,-,-20,20
73,72,74,15,0,0,0,+,-1,1
72,76,97,28,64,0,28,-,-25,25
71,69,78,12,0,0,0,+,-7,7
70,77,89,26,0,0,0,-,-19,19
69,73,100,55,52,0,36,-,-31,31
68,67,91,7,74,0,13,+,-23,23
67,53,90,5,0,0,0,+,-23,23
66,39,89,5,0,0,0,+,-23,23
65,63,71,18,40,0,0,+,-6,6
64,44,94,3,0,0,0,+,-30,30
63,56,85,5,55,0,0,+,-22,22
62,66,100,34,0,0,0,-,-38,38
61,60,100,43,44,10,26,-,-39,39
60,65,66,14,83,88,20,-,-6,6
59,49,59,12,0,0,0,-,0,0
58,62,94,32,0,0,0,-,-36,36
57,64,91,26,75,0,67,-,-34,34
56,70,90,16,95,0,98,-,-34,34
55,0,55,1,47,0,0,-,0,0
54,55,58,10,80,0,88.5,+,-4,4
53,0,53,1,100,98,61,-,0,0
52,54,71,18,30,0,46.5,+,-19,19
51,48,62,8,0,0,0,+,-11,11
50,59,85,17,69,80,77,-,-35,35
49,51,65,13,55,0,0,-,-16,16
48,50,62,5,48,0,66.5,+,-14,14
47,47,62,14,35,0,61.5,+,-15,15
46,46,58,8,0,0,0,+,-12,12
45,45,68,19,0,0,0,-,-23,23
44,36,44,16,1,0,0,-,0,0
43,38,77,4,42,0,0,+,-34,34
42,31,61,14,84,0,97,-,-19,19
41,37,47,12,3,0,0,+,-6,6
40,34,52,9,17,0,0,+,-12,12
39,41,77,13,79,84,10,-,-38,38
38,20,74,3,11,0,0,+,-36,36
37,42,58,15,76,0,81,-,-21,21
36,25,63,4,45,0,79,-,-27,27
35,30,35,8,0,0,4.5,-,0,0
34,0,56,1,0,0,0,+,-22,22
33,0,72,1,0,0,0,-,-39,39
32,32,78,19,50,0,86.5,-,-46,46
31,29,34,20,0,0,0,-,-3,3
30,28,46,10,6,0,41,-,-16,16
29,23,70,4,0,0,0,-,-41,41
28,26,28,6,9,0,6.5,-,0,0
27,19,29,2,64,0,28,-,-2,2
26,22,99,3,91,48,89.5,-,-73,73
25,18,49,3,0,0,29,-,-24,24
24,83,83,2,100,98,61,-,-59,59
23,17,28,8,0,0,0,-,-5,5
22,21,22,5,2,0,0,-,0,0
21,16,83,6,0,0,0,-,-62,62
20,14,32,5,0,0,0,-,-12,12
19,13,19,6,0,0,0,-,0,0
18,24,60,9,0,0,0,-,-42,42
17,0,93,1,0,0,0,-,-76,76
16,2,48,2,34,0,68.5,-,-32,32
15,0,50,14,0,0,79.5,-,-35,35
14,27,51,19,0,0,15.5,-,-37,37
13,1,29,3,0,0,0,+,-16,16
12,8,17,5,0,0,0,-,-5,5
11,0,58,1,31,0,68,+,-47,47
10,10,32,6,0,0,20.5,+,-22,22
9,0,74,1,0,0,0,+,-65,65
8,0,97,1,98,0,76,+,-89,89
7,6,16,11,0,0,0,-,-9,9
6,4,42,2,20,0,0,-,-36,36
5,0,45,1,0,0,0,+,-40,40
4,0,8,1,0,0,0,-,-4,4
3,0,40,1,0,0,0,+,-37,37
2,9,32,16,2,0,0,-,-30,30
1,7,11,4,0,0,0,-,-10,10
100,100,100,15,95,0,89.5,+,0,0
99,99,100,9,99,96,0,+,-1,1
98,96,98,12,0,0,0,-,0,0
97,98,98,16,0,0,0,-,-1,1
96,97,98,21,91,0,71.5,+,-2,2
95,95,95,17,0,0,0,-,0,0
94,94,98,9,96,8,93.5,+,-4,4
93,92,99,28,98,30,97.5,-,-6,6
92,91,95,12,77,0,0,+,-3,3
91,88,92,19,93,66,90.5,-,-1,1
90,93,99,11,90,46,0,-,-9,9
89,89,91,19,0,0,0,-,-2,2
88,85,88,15,75,0,0,-,0,0
87,87,93,24,68,0,29.5,+,-6,6
86,83,87,21,87,12,21.5,+,-1,1
85,90,97,16,0,0,0,-,-12,12
84,86,100,26,57,0,0,-,-16,16
83,0,83,1,99,96,0,-,0,0
82,78,85,14,0,0,0,+,-3,3
81,76,96,7,98,30,97.5,+,-15,15
80,84,93,20,67,0,0,-,-13,13
79,82,95,18,96,8,93.5,-,-16,16
78,81,89,13,97,0,99.5,-,-11,11
77,79,89,25,0,0,0,-,-12,12
76,80,97,27,73,0,78,-,-21,21
75,70,82,6,0,0,0,+,-7,7
74,69,87,9,45,0,0,+,-13,13
73,77,100,54,56,0,47,-,-27,27
72,74,74,14,0,0,0,+,-2,2
71,73,94,6,61,0,0,+,-23,23
70,72,90,15,100,0,100,-,-20,20
69,67,78,11,0,0,0,+,-9,9
68,52,99,10,81,0,94.5,+,-31,31
67,59,91,6,78,0,14,+,-24,24
66,68,100,33,0,0,0,-,-34,34
65,64,66,13,83,78,28.5,-,-1,1
64,71,91,25,65,0,64.5,-,-27,27
63,60,71,17,50,0,0,+,-8,8
62,63,94,31,0,0,0,-,-32,32
61,55,88,3,82,88,11,+,-27,27
60,66,100,42,51,58,35.5,+,-40,40
59,62,85,16,76,68,80,-,-26,26
58,65,77,24,0,0,0,-,-19,19
57,61,99,25,0,0,0,-,-42,42
56,50,85,4,49,0,0,+,-29,29
55,57,58,9,88,0,93,-,-3,3
54,51,71,17,31,0,46.5,-,-17,17
53,33,90,4,0,0,0,+,-37,37
52,58,100,57,0,0,0,-,-48,48
51,56,65,12,49,0,0,-,-14,14
50,47,62,4,41,0,34,-,-12,12
49,43,59,11,0,0,0,+,-10,10
48,42,62,7,0,0,0,+,-14,14
47,45,62,13,60,0,92,+,-15,15
46,41,58,7,0,0,0,+,-12,12
45,54,68,18,0,0,0,+,-23,23
44,22,94,2,0,0,0,+,-50,50
43,44,47,21,30,0,56,-,-4,4
42,48,58,14,79,0,80.5,-,-16,16
41,53,77,12,86,82,29,-,-36,36
40,46,85,20,0,24,0,-,-45,45
39,28,89,4,0,0,0,+,-50,50
38,49,77,3,42,0,0,+,-39,39
37,35,47,11,4,0,0,+,-10,10
36,34,44,15,6,0,0,+,-8,8
35,37,37,20,44,0,77.5,-,-2,2
34,31,52,8,18,0,0,+,-18,18
33,38,63,20,0,0,0,-,-30,30
32,40,78,18,62,0,91,+,-46,46
31,29,61,13,2,0,0,+,-30,30
30,26,35,7,35,0,86,+,-5,5
29,30,34,19,0,0,0,+,-5,5
28,36,46,9,20,0,55,+,-18,18
27,27,51,18,7,0,26.5,-,-24,24
26,24,28,5,21,0,27,+,-2,2
25,17,63,3,39,0,79,+,-38,38
24,25,60,8,0,0,0,-,-36,36
23,21,70,3,0,0,0,+,-47,47
22,32,99,2,93,66,90.5,+,-77,77
21,18,22,4,14,0,0,+,-1,1
20,4,74,2,0,0,0,+,-54,54
19,0,29,1,73,0,78,+,-10,10
18,16,49,2,1,0,48,+,-31,31
17,19,28,7,0,0,0,+,-11,11
16,20,83,5,0,0,0,+,-67,67
15,0,15,1,0,0,0,-,0,0
14,12,32,4,0,0,0,+,-18,18
13,13,19,5,0,0,0,+,-6,6
12,75,75,2,0,0,0,-,-63,63
11,0,11,1,0,0,0,-,0,0
10,9,32,5,0,0,26,+,-22,22
9,15,32,15,14,0,0,-,-23,23
8,6,17,4,0,0,0,+,-9,9
7,11,11,3,0,0,0,-,-4,4
6,8,16,10,0,0,0,+,-10,10
5,0,9,1,77,0,0,-,-4,4
4,0,42,1,12,0,0,+,-38,38
3,10,58,15,0,0,0,-,-55,55
2,0,48,1,33,0,72.5,+,-46,46
1,1,29,2,0,0,0,+,-28,28
100,100,100,14,99,0,88.5,+,0,0
99,99,100,8,97,92,0,+,-1,1
98,98,98,15,0,0,0,-,0,0
97,95,98,20,89,0,74.5,-,-1,1
96,97,98,11,0,0,0,+,-2,2
95,94,95,16,0,0,0,+,0,0
94,93,98,8,98,6,94,+,-4,4
93,96,99,10,90,72,0,-,-6,6
92,92,99,27,96,38,95.5,+,-7,7
91,89,95,11,61,0,0,+,-4,4
90,91,97,15,0,0,0,-,-7,7
89,90,91,18,0,0,0,+,-2,2
88,84,92,18,93,68,89,+,-4,4
87,86,93,23,72,0,33,+,-6,6
86,87,100,25,54,0,0,-,-14,14
85,82,88,14,68,0,1,+,-3,3
84,85,93,19,76,0,0,-,-9,9
83,78,87,20,85,2,23.5,+,-4,4
82,83,95,17,98,6,94,-,-13,13
81,81,89,12,100,0,100,-,-8,8
80,79,97,26,55,0,0,-,-17,17
79,80,89,24,0,0,0,-,-10,10
78,75,85,13,0,0,0,+,-7,7
77,74,100,53,58,0,73,-,-23,23
76,49,96,6,96,38,95.5,+,-20,20
75,0,75,1,0,0,0,-,0,0
74,72,74,13,0,0,0,-,0,0
73,61,94,5,73,0,0,-,-21,21
72,73,90,14,95,0,72.5,-,-18,18
71,76,91,24,75,0,63.5,-,-20,20
70,69,82,5,0,0,0,+,-12,12
69,62,87,8,42,0,0,+,-18,18
68,71,100,32,0,0,0,-,-32,32
67,70,78,10,0,0,0,+,-11,11
66,68,100,41,65,42,45,-,-34,34
65,67,77,23,0,0,0,-,-12,12
64,63,66,12,82,64,26,+,-2,2
63,60,94,30,0,0,0,-,-31,31
62,64,85,15,83,86,86.5,-,-23,23
61,66,99,24,0,0,0,-,-38,38
60,57,71,16,53,0,0,+,-11,11
59,47,91,5,49,0,10.5,+,-32,32
58,54,100,56,0,0,0,-,-42,42
57,58,58,8,91,0,97.5,-,-1,1
56,59,65,11,48,0,0,-,-9,9
55,88,88,2,86,94,59.5,+,-33,33
54,56,68,17,0,0,0,-,-14,14
53,65,77,11,87,82,42.5,-,-24,24
52,39,99,9,88,0,99.5,+,-47,47
51,48,71,16,24,0,38,+,-20,20
50,45,85,3,48,0,0,+,-35,35
49,77,77,2,59,0,0,-,-28,28
48,55,58,13,81,0,82,-,-10,10
47,53,62,3,41,0,45.5,+,-15,15
46,50,85,19,0,26,0,-,-39,39
45,44,62,12,29,0,0,+,-17,17
44,46,47,20,33,0,60,-,-3,3
43,42,59,10,0,0,0,+,-16,16
42,31,62,6,0,0,0,+,-20,20
41,35,58,6,0,0,0,+,-17,17
40,52,78,17,74,0,93.5,-,-38,38
39,0,61,1,95,0,72.5,-,-22,22
38,43,63,19,0,0,0,-,-25,25
37,26,37,19,78,0,92.5,-,0,0
36,19,46,8,37,0,74,-,-10,10
35,36,47,10,0,0,0,+,-12,12
34,34,44,14,0,0,0,+,-10,10
33,23,90,3,0,0,0,+,-57,57
32,0,99,1,93,68,89,-,-67,67
31,33,52,7,7,0,0,+,-21,21
30,29,34,18,0,0,0,-,-4,4
29,28,61,12,0,0,0,+,-32,32
28,22,89,3,0,0,0,+,-61,61
27,37,51,17,19,0,35,+,-24,24
26,25,35,6,0,0,0,+,-9,9
25,16,60,7,0,0,0,-,-35,35
24,24,28,4,12,0,53,+,-4,4
23,0,23,1,44,0,0,-,0,0
22,0,94,1,0,0,0,+,-72,72
21,12,70,2,0,0,0,+,-49,49
20,30,83,4,0,0,0,-,-63,63
19,13,28,6,0,0,0,-,-9,9
18,15,22,3,10,0,0,+,-4,4
17,4,63,2,40,0,83.5,+,-46,46
16,0,49,1,11,0,79.5,+,-33,33
15,18,32,14,10,0,0,-,-17,17
14,20,75,20,0,0,0,-,-61,61
13,6,19,4,0,0,0,+,-6,6
12,5,32,3,0,0,0,+,-20,20
11,7,11,2,0,0,0,-,0,0
10,17,58,14,0,0,0,-,-48,48
9,14,32,4,0,0,32.5,+,-23,23
8,9,16,9,0,0,0,-,-8,8
7,21,50,13,0,0,0,-,-43,43
6,2,17,3,0,0,0,+,-11,11
5,11,16,7,0,0,0,-,-11,11
4,0,74,1,0,0,0,+,-70,70
3,0,3,1,0,0,0,-,0,0
2,10,15,9,0,0,0,-,-13,13
1,0,29,1,0,0,0,+,-28,28
100,100,100,13,98,0,91,+,0,0
99,99,100,7,97,94,0,+,-1,1
98,97,98,14,0,0,0,+,0,0
97,96,98,10,0,0,0,-,-1,1
96,98,99,9,92,82,0,-,-3,3
95,94,98,19,86,0,93.5,+,-3,3
94,92,95,15,0,0,0,+,-1,1
93,68,98,7,99,28,97,+,-5,5
92,95,99,26,93,32,94.5,+,-7,7
91,93,97,14,0,0,0,-,-6,6
90,91,91,17,0,0,0,-,-1,1
89,87,95,10,58,0,0,+,-6,6
88,0,88,1,91,84,44.5,-,0,0
87,88,100,24,61,0,0,-,-13,13
86,89,93,22,74,0,67,+,-7,7
85,90,93,18,75,0,0,-,-8,8
84,84,92,17,87,42,88.5,+,-8,8
83,86,95,16,99,28,97,-,-12,12
82,81,88,13,67,0,29,+,-6,6
81,82,89,11,94,0,40.5,+,-8,8
80,85,89,23,0,0,0,-,-9,9
79,83,97,25,53,0,0,+,-18,18
78,74,87,19,78,18,30.5,+,-9,9
77,0,77,1,81,0,0,-,0,0
76,80,91,23,76,0,69.5,-,-15,15
75,72,85,12,0,0,0,+,-10,10
74,75,100,52,55,0,50,+,-26,26
73,78,90,13,89,0,74.5,-,-17,17
72,70,74,12,0,0,0,+,-2,2
71,79,100,31,0,0,0,-,-29,29
70,71,78,9,0,0,0,-,-8,8
69,63,82,4,0,0,0,+,-13,13
68,69,100,40,59,30,54,-,-32,32
67,65,77,22,0,0,0,-,-10,10
66,73,99,23,0,0,0,-,-33,33
65,76,77,10,84,86,61,-,-12,12
64,77,85,14,77,80,85,-,-21,21
63,66,66,11,80,66,37,+,-3,3
62,58,87,7,32,0,0,+,-25,25
61,43,94,4,52,52,0,+,-33,33
60,64,94,29,0,0,0,+,-34,34
59,61,65,10,46,0,0,-,-6,6
58,52,58,7,100,0,100,-,0,0
57,59,71,15,48,0,25.5,+,-14,14
56,60,68,16,0,0,0,-,-12,12
55,57,58,12,79,0,83,-,-3,3
54,55,100,55,0,0,0,+,-46,46
53,62,62,2,45,0,37.5,-,-9,9
52,67,78,16,82,0,97.5,-,-26,26
51,54,99,68,69,0,76,-,-48,48
50,53,85,18,0,10,0,-,-35,35
49,38,96,5,93,32,94.5,+,-47,47
48,49,71,15,16,0,41.5,+,-23,23
47,46,91,4,43,0,39.5,+,-44,44
46,47,47,19,33,0,67.5,-,-1,1
45,24,85,2,46,0,0,+,-40,40
44,45,62,11,20,0,0,+,-18,18
43,50,63,18,0,0,0,-,-20,20
42,42,59,9,0,0,0,+,-17,17
41,44,82,20,0,0,0,-,-41,41
40,0,47,1,94,0,40.5,-,-7,7
39,37,99,8,41,0,0,+,-60,60
38,41,70,20,95,0,99.5,-,-32,32
37,51,51,16,28,0,52,-,-14,14
36,39,47,9,0,0,0,-,-11,11
35,36,58,5,0,0,0,+,-23,23
34,40,44,13,0,0,0,+,-10,10
33,35,52,6,9,0,0,-,-19,19
32,0,32,1,89,0,74.5,-,0,0
31,27,31,5,0,0,0,+,0,0
30,56,83,3,0,0,0,-,-53,53
29,33,34,17,0,0,0,+,-5,5
28,28,61,11,0,0,0,+,-33,33
27,0,67,1,70,0,65.5,-,-40,40
26,34,37,18,64,0,91.5,+,-11,11
25,29,35,5,0,0,0,+,-10,10
24,21,28,3,68,0,95.5,+,-4,4
23,31,90,2,0,0,0,+,-67,67
22,11,89,2,0,0,0,+,-67,67
21,26,50,12,0,0,0,-,-29,29
20,32,75,19,0,0,0,-,-55,55
19,14,46,7,47,0,92,+,-27,27
18,19,32,13,14,0,0,-,-14,14
17,22,58,13,0,0,0,-,-41,41
16,20,60,6,0,0,0,+,-44,44
15,9,22,2,14,0,0,+,-7,7
14,13,32,3,2,0,50.5,-,-18,18
13,17,28,5,0,0,43.5,+,-15,15
12,0,70,1,0,0,0,+,-58,58
11,16,16,6,0,0,0,-,-5,5
10,15,15,8,0,0,0,-,-5,5
9,10,16,8,0,0,0,-,-7,7
8,23,75,18,0,0,0,-,-67,67
7,0,7,1,0,0,0,+,0,0
6,6,19,3,0,0,0,+,-13,13
5,3,32,2,0,0,0,+,-27,27
4,0,63,1,50,0,87.5,+,-59,59
3,12,27,7,0,0,0,-,-24,24
2,5,17,2,0,0,0,+,-15,15
1,18,60,19,0,0,0,-,-59,59
100,100,100,12,100,0,89,+,0,0
99,99,100,6,98,88,0,+,-1,1
98,97,99,8,94,90,0,-,-1,1
97,96,98,13,0,0,0,+,-1,1
96,98,98,9,0,0,0,+,-2,2
95,95,99,25,93,34,92.5,-,-4,4
94,88,98,18,81,0,0,+,-4,4
93,94,97,13,0,0,0,-,-4,4
92,91,95,14,0,0,0,+,-3,3
91,90,91,16,0,0,0,-,0,0
90,93,93,17,78,0,0,-,-3,3
89,92,93,21,75,0,80,-,-4,4
88,89,100,23,68,0,3.5,-,-12,12
87,85,95,9,54,0,0,+,-8,8
86,87,95,15,96,6,96,-,-9,9
85,86,89,22,0,0,0,-,-4,4
84,79,92,16,89,44,88.5,+,-8,8
83,84,97,24,57,0,0,-,-14,14
82,80,89,10,91,0,21.5,-,-7,7
81,82,88,12,65,0,37,+,-7,7
80,76,91,22,73,0,74.5,-,-11,11
79,81,100,30,0,0,0,-,-21,21
78,73,90,12,88,0,77.5,-,-12,12
77,64,85,13,83,70,86,-,-8,8
76,75,77,9,85,72,63,-,-1,1
75,77,100,51,59,0,56.5,-,-25,25
74,68,87,18,74,14,38.5,+,-13,13
73,78,99,22,0,0,0,-,-26,26
72,71,85,11,0,0,0,+,-13,13
71,70,78,8,0,0,0,-,-7,7
70,74,74,11,0,0,0,+,-4,4
69,72,100,39,61,30,50.5,-,-31,31
68,50,98,6,96,6,96,+,-30,30
67,61,78,15,99,0,99.5,-,-11,11
66,66,66,10,80,78,44.5,-,0,0
65,67,77,21,0,0,0,+,-12,12
64,69,94,28,0,0,0,-,-30,30
63,65,82,3,0,0,0,+,-19,19
62,0,62,1,71,0,36,-,0,0
61,63,65,9,41,0,0,-,-4,4
60,60,68,15,0,0,0,-,-8,8
59,59,71,14,52,0,35.5,-,-12,12
58,49,87,6,24,0,0,+,-29,29
57,57,58,11,79,0,83,-,-1,1
56,83,83,2,0,0,0,-,-27,27
55,58,100,54,0,0,0,-,-45,45
54,54,99,67,76,0,86.5,-,-45,45
53,62,85,17,3,42,0,-,-32,32
52,46,58,6,82,12,74,+,-6,6
51,51,51,15,40,0,49.5,-,0,0
50,56,63,17,0,0,0,-,-13,13
49,47,71,14,16,0,53.5,-,-22,22
48,0,55,1,91,0,21.5,-,-7,7
47,44,47,18,30,0,68.5,-,0,0
46,48,91,3,44,0,47,+,-45,45
45,43,62,10,0,0,0,-,-17,17
44,42,82,19,0,0,0,-,-38,38
43,21,94,3,1,0,0,+,-51,51
42,37,59,8,0,0,0,+,-17,17
41,45,70,19,23,0,0,-,-29,29
40,35,44,12,0,0,0,-,-4,4
39,33,47,8,0,0,0,-,-8,8
38,17,96,4,93,34,92.5,+,-58,58
37,31,99,7,10,0,0,+,-62,62
36,27,58,4,0,0,0,-,-22,22
35,19,52,5,0,0,0,-,-17,17
34,34,37,17,0,0,57,-,-3,3
33,29,34,16,0,0,0,-,-1,1
32,39,75,18,0,0,0,-,-43,43
31,0,90,1,0,0,0,-,-59,59
30,36,74,20,4,0,52,-,-44,44
29,24,35,4,0,0,0,-,-6,6
28,23,61,10,0,0,0,+,-33,33
27,20,31,4,0,0,0,+,-4,4
26,41,50,11,0,0,0,-,-24,24
25,0,46,1,88,0,77.5,-,-21,21
24,0,85,1,41,0,0,+,-61,61
23,32,75,17,0,0,0,-,-52,52
22,26,58,12,0,0,0,-,-36,36
21,13,28,2,0,0,0,+,-7,7
20,14,60,5,0,0,0,-,-40,40
19,25,32,12,7,0,0,-,-13,13
18,30,60,18,0,0,0,-,-42,42
17,9,28,4,0,0,75,-,-11,11
16,15,16,5,0,0,0,-,0,0
15,7,15,7,0,0,0,-,0,0
14,10,46,6,0,0,0,+,-32,32
13,28,32,2,13,22,63.5,+,-19,19
12,16,27,6,0,0,0,-,-15,15
11,0,89,1,0,0,0,+,-78,78
10,11,16,7,0,0,0,-,-6,6
9,0,22,1,7,0,0,+,-13,13
8,6,87,3,100,0,89,-,-79,79
7,22,22,3,31,0,85,-,-15,15
6,2,19,2,0,0,0,+,-13,13
5,0,17,1,0,0,0,-,-12,12
4,4,9,3,0,0,0,-,-5,5
3,0,32,1,0,0,0,+,-29,29
2,0,2,1,87,0,98.5,-,0,0
1,8,41,20,0,0,0,-,-40,40
100,100,100,11,98,0,91.5,+,0,0
99,99,100,5,97,82,0,+,-1,1
98,96,98,8,0,0,0,-,0,0
97,98,99,7,94,94,0,+,-2,2
96,97,98,12,0,0,0,+,-2,2
95,95,99,24,92,36,92,+,-4,4
94,94,97,12,0,0,0,-,-3,3
93,91,93,16,82,0,0,-,0,0
92,90,93,20,80,0,64.5,-,-1,1
91,89,95,13,0,0,0,+,-4,4
90,88,91,15,0,0,0,+,-1,1
89,92,100,22,72,0,14,-,-11,11
88,85,98,17,79,0,0,+,-10,10
87,93,95,14,96,4,97,-,-8,8
86,87,89,21,0,0,0,-,-3,3
85,83,95,8,52,0,0,+,-10,10
84,86,97,23,59,0,0,-,-13,13
83,0,83,1,0,0,0,-,0,0
82,80,88,11,69,0,37,-,-6,6
81,84,100,29,0,0,0,-,-19,19
80,81,89,9,90,0,33,+,-9,9
79,76,92,15,88,34,91,+,-13,13
78,82,99,21,0,0,0,-,-21,21
77,78,100,50,63,0,62,-,-23,23
76,75,91,21,76,0,82.5,+,-15,15
75,74,77,8,87,80,67,+,-2,2
74,65,74,10,0,0,0,-,0,0
73,73,90,11,86,0,81.5,+,-17,17
72,72,100,38,62,24,54,-,-28,28
71,71,85,10,0,0,0,+,-14,14
70,55,78,7,0,0,0,+,-8,8
69,77,94,27,0,0,0,-,-25,25
68,53,87,17,75,10,32,+,-19,19
67,69,77,20,0,0,0,-,-10,10
66,66,66,9,81,62,53,+,0,0
65,70,82,2,0,0,0,-,-17,17
64,61,85,12,78,84,89,+,-21,21
63,64,65,8,27,0,0,-,-2,2
62,67,85,16,19,42,0,-,-23,23
61,68,78,14,45,0,0,+,-17,17
60,62,68,14,0,0,0,+,-8,8
59,57,71,13,53,0,45,+,-12,12
58,63,100,53,0,0,0,-,-42,42
57,58,58,10,83,0,87.5,+,-1,1
56,60,63,16,0,0,0,-,-7,7
55,54,92,36,0,0,0,-,-37,37
54,56,99,66,89,0,97.5,+,-45,45
53,59,59,20,48,0,86,-,-6,6
52,50,96,21,0,0,0,-,-44,44
51,49,51,14,40,0,58.5,+,0,0
50,45,98,5,96,4,97,+,-48,48
49,43,87,5,15,0,0,+,-38,38
48,79,91,2,47,0,40.5,-,-43,43
47,46,71,13,23,0,70,+,-24,24
46,41,58,5,74,0,70.5,+,-12,12
45,52,70,18,49,0,0,-,-25,25
44,38,47,17,26,0,76.5,+,-3,3
43,40,62,9,2,0,0,+,-19,19
42,42,82,18,0,0,0,+,-40,40
41,48,50,10,14,0,0,-,-9,9
40,47,86,20,89,0,97.5,-,-46,46
39,37,75,17,0,0,0,-,-36,36
38,0,47,1,90,0,33,-,-9,9
37,33,59,7,0,0,0,+,-22,22
36,39,74,19,16,0,39.5,-,-38,38
35,36,44,11,3,0,0,+,-9,9
34,30,37,16,10,0,61.5,+,-3,3
33,34,47,7,0,0,0,+,-14,14
32,44,75,16,0,0,0,-,-43,43
31,32,99,6,9,0,0,+,-68,68
30,35,60,17,0,0,0,-,-30,30
29,31,34,15,0,0,0,+,-5,5
28,0,32,1,29,12,74,-,-4,4
27,24,58,3,0,0,0,+,-31,31
26,26,58,11,0,0,0,-,-32,32
25,29,32,11,17,0,0,-,-7,7
24,20,35,3,0,0,0,+,-11,11
23,27,61,9,0,0,0,+,-38,38
22,10,22,2,85,0,98,-,0,0
21,23,94,2,0,0,0,+,-73,73
20,18,31,3,0,0,0,+,-11,11
19,21,52,4,0,0,0,+,-33,33
18,0,57,1,86,0,81.5,-,-39,39
17,8,96,3,92,36,92,+,-79,79
16,22,27,5,0,0,0,-,-11,11
15,15,16,4,0,0,0,+,-1,1
14,17,60,4,0,0,0,+,-46,46
13,0,28,1,25,0,0,+,-15,15
12,28,77,18,94,94,0,-,-65,65
11,14,16,6,0,0,0,-,-5,5
10,6,46,5,0,0,0,+,-36,36
9,5,28,3,0,0,0,+,-19,19
8,12,41,19,0,0,0,-,-33,33
7,11,15,6,0,0,0,+,-8,8
6,7,87,2,98,0,91.5,+,-81,81
5,19,22,9,0,0,0,-,-17,17
4,9,9,2,0,0,0,+,-5,5
3,0,3,1,100,78,99.5,-,0,0
2,0,19,1,0,0,0,+,-17,17
1,0,17,10,57,0,83,-,-16,16
100,100,100,10,99,0,93,+,0,0
99,99,100,4,98,84,0,+,-1,1
98,98,99,6,96,94,0,-,-1,1
97,96,98,11,0,0,0,-,-1,1
96,97,98,7,0,0,0,+,-2,2
95,95,99,23,93,52,92.5,+,-4,4
94,93,97,11,0,0,0,+,-3,3
93,92,95,13,100,18,99.5,-,-2,2
92,94,100,21,75,0,39,-,-8,8
91,90,93,15,87,0,0,+,-2,2
90,91,93,19,82,0,66.5,+,-3,3
89,88,95,12,0,0,0,+,-6,6
88,89,91,14,0,0,0,+,-3,3
87,86,89,20,0,0,0,-,-2,2
86,87,97,22,61,0,0,-,-11,11
85,83,98,16,65,0,0,+,-13,13
84,85,100,28,0,0,0,-,-16,16
83,82,95,7,43,0,0,+,-12,12
82,84,99,20,0,0,0,-,-17,17
81,81,89,8,90,0,29,-,-8,8
80,78,88,10,60,0,2,+,-8,8
79,0,91,1,84,0,48.5,-,-12,12
78,79,100,49,62,0,62,-,-22,22
77,80,94,26,0,0,0,-,-17,17
76,71,92,14,89,56,90.5,+,-16,16
75,76,91,20,74,0,83.5,+,-16,16
74,77,77,7,91,76,88,+,-3,3
73,74,90,10,80,0,80.5,+,-17,17
72,75,100,37,64,22,63,+,-28,28
71,70,85,9,0,0,0,+,-14,14
70,0,82,1,0,0,0,-,-12,12
69,67,77,19,0,0,0,-,-8,8
68,72,78,13,52,0,0,-,-10,10
67,73,85,15,23,0,0,-,-18,18
66,66,66,8,85,58,53,+,0,0
65,62,74,9,0,0,0,+,-9,9
64,65,65,7,16,0,0,-,-1,1
63,69,100,52,0,0,0,-,-37,37
62,68,68,13,0,0,0,-,-6,6
61,64,85,11,81,86,90,+,-24,24
60,59,63,15,0,0,0,-,-3,3
59,53,59,19,79,0,96.5,-,0,0
58,54,58,9,88,0,88.5,-,0,0
57,51,71,12,47,0,49,+,-14,14
56,60,99,65,69,0,72,-,-43,43
55,47,78,6,0,0,0,+,-23,23
54,56,92,35,0,0,0,+,-38,38
53,43,87,16,71,24,26.5,+,-34,34
52,61,70,17,49,0,0,-,-18,18
51,58,94,26,67,14,0,-,-43,43
50,57,96,20,0,0,0,+,-46,46
49,49,51,13,34,0,54,+,-2,2
48,50,50,9,21,0,0,-,-2,2
47,52,86,19,69,0,72,-,-39,39
46,42,71,12,53,0,92,+,-25,25
45,46,98,4,100,18,99.5,+,-53,53
44,63,75,15,0,0,0,-,-31,31
43,35,87,4,0,0,0,+,-44,44
42,45,82,17,0,0,0,+,-40,40
41,39,58,4,68,0,69.5,+,-17,17
40,33,62,8,0,0,0,+,-22,22
39,48,74,18,22,0,51.5,-,-35,35
38,40,47,16,30,0,81.5,+,-9,9
37,44,75,16,0,0,0,+,-38,38
36,36,44,10,0,0,0,-,-8,8
35,41,60,16,0,0,0,-,-25,25
34,31,47,6,0,0,0,-,-13,13
33,38,59,6,0,0,0,+,-26,26
32,26,99,5,1,0,0,-,-67,67
31,34,34,14,0,0,0,-,-3,3
30,32,37,15,2,0,57.5,+,-7,7
29,29,32,10,7,0,0,-,-3,3
28,37,77,17,96,94,0,-,-49,49
27,25,61,8,0,0,0,-,-34,34
26,28,58,10,0,0,0,+,-32,32
25,0,25,1,90,0,29,-,0,0
24,6,58,2,0,0,0,+,-34,34
23,0,94,1,0,10,0,-,-71,71
22,27,27,4,0,0,0,-,-5,5
21,17,52,3,0,0,0,-,-31,31
20,9,35,2,0,0,0,+,-15,15
19,22,22,8,0,0,0,-,-3,3
18,3,31,2,0,0,0,+,-13,13
17,14,60,3,0,0,0,-,-43,43
16,23,47,20,95,78,91.5,-,-31,31
15,10,16,3,0,0,0,+,-1,1
14,15,16,5,0,0,0,-,-2,2
13,20,92,20,0,0,0,-,-79,79
12,21,41,18,0,0,0,-,-29,29
11,13,15,5,0,0,0,-,-4,4
10,0,22,1,0,0,0,+,-12,12
9,0,9,1,0,0,0,-,0,0
8,0,96,2,93,52,92.5,+,-88,88
7,0,87,1,99,0,93,-,-80,80
6,7,46,4,0,0,0,+,-40,40
5,1,28,2,0,0,0,+,-23,23
4,16,16,2,0,0,0,-,-12,12
3,12,13,6,20,0,69,-,-10,10
2,30,30,2,90,0,29,-,-28,28
1,8,36,19,32,0,0,-,-35,35
100,99,100,9,97,0,0,+,0,0
99,100,100,3,96,78,0,+,-1,1
98,98,99,5,94,94,0,+,-1,1
97,97,98,6,0,0,0,-,-1,1
96,95,98,10,0,0,0,+,-2,2
95,96,99,22,95,18,96.5,+,-4,4
94,93,100,20,87,0,71.5,-,-6,6
93,94,97,10,0,0,0,+,-4,4
92,90,95,12,100,26,100,+,-3,3
91,92,93,18,86,0,84.5,-,-2,2
90,91,93,14,84,0,0,+,-3,3
89,86,91,13,0,0,0,-,-2,2
88,84,95,11,0,0,0,+,-7,7
87,87,97,21,71,0,0,-,-10,10
86,85,89,19,0,0,0,+,-3,3
85,88,100,27,0,0,0,-,-15,15
84,89,99,19,0,0,0,-,-15,15
83,81,98,15,66,0,0,+,-15,15
82,76,95,6,39,0,0,+,-13,13
81,80,89,7,89,0,32.5,+,-8,8
80,83,94,25,0,0,0,-,-14,14
79,82,100,48,68,0,73.5,-,-21,21
78,75,88,9,61,0,0,+,-10,10
77,72,77,6,92,68,74.5,-,0,0
76,73,91,19,77,0,85,-,-15,15
75,77,100,36,69,16,68.5,-,-25,25
74,74,90,9,81,0,87.5,-,-16,16
73,78,85,14,40,34,0,-,-12,12
72,70,78,12,52,0,0,-,-6,6
71,67,92,13,91,12,93,+,-21,21
70,63,85,8,0,0,0,+,-15,15
69,69,100,51,0,0,0,-,-31,31
68,61,68,12,0,0,0,-,0,0
67,66,77,18,0,0,0,+,-10,10
66,57,66,7,82,82,72,+,0,0
65,52,65,6,20,0,0,-,0,0
64,68,85,10,85,86,94.5,-,-21,21
63,71,75,14,0,0,0,-,-12,12
62,59,74,8,0,0,0,+,-12,12
61,65,70,16,48,0,0,-,-9,9
60,56,99,64,79,0,87,-,-39,39
59,53,63,14,0,0,0,+,-4,4
58,64,94,25,51,0,0,-,-36,36
57,60,96,19,0,0,0,-,-39,39
56,62,92,34,0,0,0,-,-36,36
55,54,97,37,0,0,0,-,-42,42
54,50,58,8,88,0,92.5,+,-4,4
53,48,59,18,32,0,0,+,-6,6
52,58,86,18,79,0,87,-,-34,34
51,51,71,11,56,0,52,+,-20,20
50,46,50,8,27,0,0,-,0,0
49,45,51,12,34,0,55,+,-2,2
48,55,74,17,44,0,75.5,-,-26,26
47,38,78,5,0,0,0,+,-31,31
46,47,98,3,100,26,100,-,-52,52
45,43,82,16,0,0,0,-,-37,37
44,42,75,15,0,0,0,-,-31,31
43,35,87,15,75,10,60.5,+,-44,44
42,40,71,11,15,0,0,+,-29,29
41,44,60,15,0,0,0,-,-19,19
40,37,47,15,42,0,89,-,-7,7
39,24,58,3,74,0,78.5,+,-19,19
38,31,59,5,0,0,0,-,-21,21
37,39,77,16,94,94,0,-,-40,40
36,32,44,9,0,0,0,+,-8,8
35,21,87,3,0,0,0,+,-52,52
34,33,34,13,0,0,0,-,0,0
33,36,62,7,0,0,0,+,-29,29
32,30,37,14,9,0,63,-,-5,5
31,26,47,5,0,0,0,+,-16,16
30,0,30,1,89,0,32.5,-,0,0
29,29,32,9,4,0,0,+,-3,3
28,34,58,9,0,0,0,-,-30,30
27,18,27,3,0,0,0,-,0,0
26,17,99,4,25,0,0,+,-73,73
25,23,61,7,0,0,0,+,-36,36
24,79,79,2,0,0,0,-,-55,55
23,27,47,19,93,60,91.5,-,-24,24
22,14,22,7,0,0,0,-,0,0
21,20,41,17,0,0,0,-,-20,20
20,22,92,19,0,0,0,-,-72,72
19,25,60,20,0,0,0,-,-41,41
18,6,56,3,100,26,100,-,-38,38
17,10,52,2,0,0,3.5,+,-35,35
16,0,16,1,0,0,0,-,0,0
15,15,16,4,0,0,0,-,-1,1
14,19,60,2,0,0,0,+,-46,46
13,9,15,4,0,0,0,-,-2,2
12,13,13,5,26,0,79,-,-1,1
11,8,11,3,0,0,0,-,0,0
10,4,16,2,0,0,0,+,-6,6
9,0,35,1,0,0,0,+,-26,26
8,5,36,18,33,0,0,-,-28,28
7,0,46,3,0,0,0,-,-39,39
6,0,58,1,0,0,0,+,-52,52
5,16,24,6,57,20,0,-,-19,19
4,28,47,18,53,0,93.5,-,-43,43
3,0,31,1,0,0,0,+,-28,28
2,12,12,2,0,0,0,-,-10,10
1,0,28,1,0,0,0,+,-27,27
100,100,100,2,98,84,0,-,0,0
99,98,100,8,95,0,0,+,-1,1
98,99,99,4,99,96,0,+,-1,1
97,92,98,5,0,0,0,+,-1,1
96,97,99,21,97,32,98,-,-3,3
95,95,98,9,0,0,0,+,-3,3
94,94,97,9,0,0,0,-,-3,3
93,96,100,19,81,0,61,+,-7,7
92,93,93,17,86,0,77.5,-,-1,1
91,89,93,13,84,0,0,-,-2,2
90,87,95,11,94,26,32,+,-5,5
89,88,99,18,0,0,0,-,-10,10
88,90,100,26,0,0,0,-,-12,12
87,91,97,20,75,0,0,+,-10,10
86,86,91,12,0,0,0,+,-5,5
85,85,89,18,0,0,0,+,-4,4
84,83,95,10,0,0,0,+,-11,11
83,84,94,24,0,0,0,-,-11,11
82,81,100,47,72,0,69,-,-18,18
81,78,98,14,54,0,0,+,-17,17
80,79,89,6,77,0,28,+,-9,9
79,0,79,1,0,0,0,-,0,0
78,82,85,13,43,28,0,-,-7,7
77,80,100,35,74,18,68.5,-,-23,23
76,58,95,5,28,0,0,+,-19,19
75,76,88,8,57,0,0,+,-13,13
74,77,90,8,82,0,86,+,-16,16
73,69,91,18,76,6,84,+,-18,18
72,65,77,5,89,80,70,+,-5,5
71,75,75,13,0,0,0,-,-4,4
70,74,78,11,45,0,0,+,-8,8
69,71,100,50,0,0,0,+,-31,31
68,55,85,9,87,86,96,-,-17,17
67,54,92,12,91,34,94.5,+,-25,25
66,72,77,17,0,0,0,+,-11,11
65,66,70,15,51,0,0,-,-5,5
64,73,94,24,44,0,0,-,-30,30
63,63,85,7,0,0,0,+,-22,22
62,67,92,33,0,0,0,-,-30,30
61,62,68,11,0,0,0,+,-7,7
60,61,96,18,0,0,0,-,-36,36
59,64,74,7,0,0,0,+,-15,15
58,70,86,17,79,0,87.5,-,-28,28
57,48,66,6,80,70,63,+,-9,9
56,60,99,63,79,0,87.5,+,-43,43
55,68,74,16,48,0,72.5,-,-19,19
54,59,97,36,0,0,0,+,-43,43
53,56,63,13,0,0,0,+,-10,10
52,39,65,5,0,0,0,+,-13,13
51,53,71,10,55,0,57.5,+,-20,20
50,47,58,7,85,0,93,+,-8,8
49,52,58,20,92,82,97.5,-,-9,9
48,46,59,17,29,0,0,+,-11,11
47,15,98,2,94,26,32,-,-51,51
46,41,50,7,26,0,0,+,-4,4
45,42,51,11,47,0,82.5,+,-6,6
44,50,60,14,0,0,0,-,-16,16
43,43,82,15,0,0,0,+,-39,39
42,44,75,14,0,0,0,+,-33,33
41,45,68,20,38,0,0,-,-27,27
40,40,71,10,0,0,0,+,-31,31
39,51,77,15,99,96,0,-,-38,38
38,33,78,4,0,0,0,+,-40,40
37,38,47,14,59,0,91.5,+,-10,10
36,35,62,6,0,0,5,-,-26,26
35,21,87,14,73,46,60,+,-52,52
34,37,58,8,10,0,0,-,-24,24
33,34,34,12,0,0,0,+,-1,1
32,29,44,8,0,0,0,+,-12,12
31,22,59,4,0,0,0,+,-28,28
30,26,37,13,20,0,64.5,+,-7,7
29,32,32,8,2,0,0,+,-3,3
28,36,47,17,88,0,99.5,-,-19,19
27,28,47,18,96,78,92.5,-,-20,20
26,27,47,4,0,0,0,+,-21,21
25,31,60,19,0,0,0,-,-35,35
24,20,58,2,70,0,75.5,+,-34,34
23,19,61,6,0,0,0,+,-38,38
22,25,92,18,0,0,0,-,-70,70
21,13,87,2,0,0,0,+,-66,66
20,30,41,16,0,0,0,+,-21,21
19,0,60,1,0,0,0,-,-41,41
18,2,27,2,0,0,0,+,-9,9
17,14,99,3,0,0,0,+,-82,82
16,24,24,5,66,50,0,-,-8,8
15,16,16,3,0,0,0,+,-1,1
14,11,22,6,0,0,0,+,-8,8
13,12,13,4,37,0,78.5,-,0,0
12,0,12,1,0,0,0,-,0,0
11,17,41,19,0,0,0,-,-30,30
10,0,52,1,14,0,0,+,-42,42
9,4,15,3,0,0,0,+,-6,6
8,5,11,2,0,0,0,+,-3,3
7,0,52,2,0,0,0,-,-45,45
6,0,56,2,94,26,32,+,-50,50
5,10,36,17,33,14,0,+,-31,31
4,0,16,1,0,0,0,+,-12,12
3,6,53,19,0,0,0,-,-50,50
2,3,17,9,46,0,81,-,-15,15
1,8,78,15,74,18,68.5,-,-77,77
100,0,100,1,100,74,24.5,+,0,0
99,62,99,3,98,96,0,-,0,0
98,99,100,7,95,0,0,+,-2,2
97,98,99,20,97,26,97,-,-2,2
96,100,100,18,89,0,74,-,-4,4
95,93,98,8,0,0,0,+,-3,3
94,97,97,8,0,0,0,+,-3,3
93,92,93,16,83,0,79.5,-,0,0
92,91,98,4,0,0,0,+,-6,6
91,95,97,19,81,0,0,-,-6,6
90,96,100,25,0,0,0,-,-10,10
89,90,93,12,87,0,0,+,-4,4
88,94,99,17,0,0,0,+,-11,11
87,89,95,10,93,0,0,+,-8,8
86,87,91,11,0,0,0,+,-5,5
85,86,89,17,0,0,0,+,-4,4
84,88,94,23,0,0,0,-,-10,10
83,83,95,9,0,0,0,+,-12,12
82,84,85,12,61,32,0,-,-3,3
81,85,100,46,75,0,78,+,-19,19
80,82,100,34,76,16,74.5,-,-20,20
79,81,89,5,79,0,28.5,+,-10,10
78,71,98,13,49,0,0,+,-20,20
77,77,90,7,86,0,87.5,-,-13,13
76,70,88,7,57,0,0,-,-12,12
75,75,75,12,0,0,0,-,0,0
74,76,78,10,60,0,0,-,-4,4
73,80,94,23,53,0,0,-,-21,21
72,74,77,16,0,0,0,-,-5,5
71,78,100,49,0,0,0,-,-29,29
70,79,86,16,84,0,92,-,-16,16
69,67,91,17,77,0,87,+,-22,22
68,73,74,15,59,0,76.5,-,-6,6
67,69,92,32,0,0,0,-,-25,25
66,68,70,14,54,0,0,-,-4,4
65,44,77,4,92,88,80,+,-12,12
64,63,74,6,0,0,0,-,-10,10
63,57,85,6,0,0,0,+,-22,22
62,59,68,10,0,0,0,-,-6,6
61,72,96,17,0,0,0,-,-35,35
60,64,99,62,84,0,92,-,-39,39
59,66,97,35,0,0,0,-,-38,38
58,49,95,4,4,0,0,+,-37,37
57,65,70,21,40,0,59.5,-,-13,13
56,61,63,12,0,0,0,-,-7,7
55,47,85,8,91,84,96.5,+,-30,30
54,50,92,11,85,36,95.5,+,-38,38
53,53,71,9,68,0,73,-,-18,18
52,43,58,19,99,68,100,-,-6,6
51,40,77,14,98,96,0,-,-26,26
50,54,60,13,0,0,0,-,-10,10
49,42,49,20,36,0,23.5,-,0,0
48,48,66,5,82,46,67,+,-18,18
47,41,58,6,90,0,95,+,-11,11
46,38,59,16,15,0,0,+,-13,13
45,60,68,19,45,0,0,-,-23,23
44,56,75,13,0,0,0,-,-31,31
43,45,82,14,0,0,0,+,-39,39
42,46,51,10,39,0,63,+,-9,9
41,36,50,6,26,0,0,+,-9,9
40,37,71,9,0,0,0,+,-31,31
39,33,65,4,0,0,0,+,-26,26
38,35,47,13,88,0,99,-,-9,9
37,29,58,7,1,0,0,-,-21,21
36,39,47,16,0,0,0,-,-11,11
35,30,62,5,0,0,4,+,-27,27
34,31,34,11,0,0,0,-,0,0
33,13,78,3,0,0,0,+,-45,45
32,25,32,7,0,0,0,-,0,0
31,32,60,18,0,0,0,-,-29,29
30,34,41,15,0,0,0,-,-11,11
29,21,44,7,0,0,0,+,-15,15
28,24,47,17,96,78,93.5,-,-19,19
27,23,47,3,0,0,0,-,-20,20
26,22,37,12,3,0,59,+,-11,11
25,28,92,17,0,0,0,-,-67,67
24,18,24,4,56,44,0,-,0,0
23,20,88,20,85,36,95.5,-,-65,65
22,10,59,3,0,0,0,+,-37,37
21,16,87,13,69,34,50,+,-66,66
20,0,58,1,74,0,82,+,-38,38
19,12,61,5,0,0,0,+,-42,42
18,14,52,20,0,0,0,-,-34,34
17,26,41,18,0,0,0,-,-24,24
16,7,16,2,0,0,0,-,0,0
15,0,98,1,93,0,0,+,-83,83
14,5,99,2,0,0,0,+,-85,85
13,0,87,1,0,0,0,+,-74,74
12,8,13,3,43,0,86,+,-1,1
11,4,22,5,0,0,0,+,-11,11
10,6,36,16,19,0,0,-,-26,26
9,17,17,2,0,0,0,-,-8,8
8,19,78,14,76,16,74.5,-,-70,70
7,11,52,12,0,0,0,-,-45,45
6,9,53,18,0,0,0,-,-47,47
5,0,11,1,0,0,0,+,-6,6
4,1,15,2,0,0,0,+,-11,11
3,3,17,8,67,0,88,-,-14,14
2,0,27,1,0,0,0,+,-25,25
1,0,48,11,9,70,0,-,-47,47
100,100,100,17,95,0,76,-,0,0
99,97,100,6,96,0,0,-,-1,1
98,99,99,19,99,0,97,-,-1,1
97,83,97,7,0,0,0,-,0,0
96,98,100,24,0,0,0,-,-4,4
95,96,97,18,83,0,0,-,-2,2
94,95,99,16,0,0,0,-,-5,5
93,86,98,7,0,0,0,+,-5,5
92,93,93,15,86,0,72.5,+,-1,1
91,92,98,3,0,0,0,+,-7,7
90,91,93,11,89,0,0,-,-3,3
89,94,95,9,90,0,2.5,-,-6,6
88,90,94,22,0,0,0,-,-6,6
87,88,91,10,0,0,0,-,-4,4
86,89,89,16,0,0,0,-,-3,3
85,87,100,45,77,0,77.5,-,-15,15
84,84,85,11,61,30,0,-,-1,1
83,75,95,8,0,0,0,+,-12,12
82,80,100,33,82,10,79.5,-,-18,18
81,79,89,4,84,0,28.5,-,-8,8
80,81,94,22,56,0,0,-,-14,14
79,78,86,15,92,0,92.5,-,-7,7
78,85,100,48,0,0,0,-,-22,22
77,77,90,6,91,0,86.5,+,-13,13
76,73,78,9,72,0,0,-,-2,2
75,69,75,11,0,0,0,+,0,0
74,76,77,15,0,0,0,-,-3,3
73,72,74,14,60,0,73,-,-1,1
72,74,96,16,0,0,0,-,-24,24
71,63,98,12,38,0,0,+,-27,27
70,58,88,6,44,0,0,+,-18,18
69,68,92,31,0,0,0,-,-23,23
68,70,70,13,52,0,0,-,-2,2
67,64,91,16,78,0,84.5,+,-24,24
66,71,97,34,0,0,0,-,-31,31
65,55,70,20,43,0,61,-,-5,5
64,66,99,61,92,0,92.5,-,-35,35
63,28,74,5,0,0,0,+,-11,11
62,82,99,2,87,60,0,+,-37,37
61,62,63,11,0,0,0,-,-2,2
60,65,68,18,41,0,0,-,-8,8
59,61,68,9,0,0,0,+,-9,9
58,67,87,27,14,0,0,-,-29,29
57,50,85,5,0,0,0,+,-28,28
56,59,75,12,0,0,0,-,-19,19
55,57,96,53,37,0,65.5,-,-41,41
54,60,60,12,0,0,0,-,-6,6
53,49,71,8,75,0,82.5,+,-18,18
52,0,52,1,0,0,0,-,0,0
51,56,86,28,0,0,0,-,-35,35
50,51,92,10,88,0,94.5,+,-42,42
49,29,95,3,0,0,0,+,-46,46
48,43,66,4,85,58,61.5,+,-18,18
47,46,85,7,93,88,97.5,+,-38,38
46,42,51,9,45,0,73.5,-,-5,5
45,54,82,13,0,0,0,-,-37,37
44,35,77,3,94,86,77,+,-33,33
43,44,58,18,79,62,0,+,-15,15
42,45,49,19,21,0,0,+,-7,7
41,48,58,5,97,0,95.5,+,-17,17
40,53,77,13,87,60,0,+,-37,37
39,47,47,15,20,0,0,-,-8,8
38,41,59,15,0,0,0,+,-21,21
37,37,71,8,0,0,0,+,-34,34
36,31,50,5,8,0,0,+,-14,14
35,30,47,12,26,0,0,+,-12,12
34,36,41,14,0,0,0,-,-7,7
33,7,65,3,0,0,0,+,-32,32
32,40,60,17,0,0,0,-,-28,28
31,33,34,10,0,0,0,+,-3,3
30,17,62,4,0,0,10,+,-32,32
29,22,58,6,0,0,0,+,-29,29
28,24,92,16,0,0,0,-,-64,64
27,15,77,20,93,88,97.5,-,-50,50
26,32,41,17,0,0,0,-,-15,15
25,13,32,6,0,0,0,+,-7,7
24,18,47,16,98,64,92,+,-23,23
23,0,47,2,0,0,0,+,-24,24
22,25,37,11,35,0,85,+,-15,15
21,16,44,6,0,0,0,+,-23,23
20,27,88,19,88,0,94.5,+,-68,68
19,38,78,13,82,10,79.5,-,-59,59
18,11,24,3,47,26,0,+,-6,6
17,0,17,1,0,0,0,-,0,0
16,12,87,12,70,0,44,+,-71,71
15,21,36,11,0,0,0,-,-21,21
14,19,52,19,0,0,0,+,-38,38
13,8,78,2,0,0,0,+,-65,65
12,23,61,4,0,0,0,+,-49,49
11,26,52,11,0,0,0,-,-41,41
10,2,59,2,0,0,0,+,-49,49
9,20,53,17,0,0,0,-,-44,44
8,5,13,2,40,0,82,+,-5,5
7,0,16,1,0,0,0,+,-9,9
6,10,36,15,5,0,0,+,-30,30
5,0,99,1,0,0,0,+,-94,94
4,1,22,4,0,0,0,+,-18,18
3,6,17,7,71,18,87.5,+,-14,14
2,9,62,16,0,0,0,-,-60,60
1,0,15,1,0,0,0,+,-14,14
100,100,100,16,96,0,83,+,0,0
99,99,99,18,100,0,96,-,0,0
98,98,100,23,0,0,0,-,-2,2
97,93,100,5,88,0,0,+,-3,3
96,97,97,17,84,0,0,-,-1,1
95,96,99,15,0,0,0,-,-4,4
94,94,95,8,92,0,0,-,-1,1
93,92,93,14,82,0,78.5,-,0,0
92,95,98,2,0,0,0,-,-6,6
91,90,93,10,87,0,0,-,-2,2
90,91,94,21,0,0,0,-,-4,4
89,88,89,15,0,0,0,-,0,0
88,85,91,9,0,0,0,-,-3,3
87,89,100,44,79,0,78,-,-13,13
86,82,98,6,0,0,0,+,-12,12
85,78,100,47,0,0,0,-,-15,15
84,84,85,10,60,42,0,+,-1,1
83,83,97,6,0,0,0,+,-14,14
82,0,99,1,98,94,0,-,-17,17
81,87,94,21,63,0,0,-,-13,13
80,86,100,32,83,2,77.5,+,-20,20
79,79,89,3,85,0,40,+,-10,10
78,81,86,14,89,0,89,+,-8,8
77,77,90,5,91,0,88,+,-13,13
76,75,77,14,0,0,0,-,-1,1
75,71,95,7,0,0,0,+,-20,20
74,80,96,15,0,0,0,-,-22,22
73,74,78,8,48,0,0,+,-5,5
72,73,74,13,57,0,68,+,-2,2
71,76,97,33,0,0,0,-,-26,26
70,69,70,12,58,0,0,-,0,0
69,70,75,10,0,0,0,+,-6,6
68,67,92,30,0,0,0,+,-24,24
67,72,87,26,36,0,0,-,-20,20
66,66,99,60,89,0,89,-,-33,33
65,68,68,17,43,0,0,-,-3,3
64,65,91,15,76,0,89.5,+,-27,27
63,61,98,11,22,0,0,+,-35,35
62,63,63,10,0,0,0,-,-1,1
61,54,68,8,0,0,0,-,-7,7
60,46,60,11,0,0,0,-,0,0
59,64,75,11,0,0,0,-,-16,16
58,51,88,5,39,0,3,+,-30,30
57,62,96,52,40,0,59,-,-39,39
56,55,86,27,0,0,0,-,-30,30
55,57,70,19,41,0,54.5,+,-15,15
54,49,82,12,0,0,0,-,-28,28
53,58,77,12,98,94,0,-,-24,24
52,60,91,24,34,0,7.5,-,-39,39
51,32,92,9,86,24,95,-,-41,41
50,37,85,4,0,0,0,+,-35,35
49,48,71,7,10,0,0,+,-22,22
48,36,58,4,94,0,94.5,-,-10,10
47,44,47,14,23,0,0,-,0,0
46,34,85,6,95,88,98,+,-39,39
45,43,49,18,20,0,17.5,-,-4,4
44,50,58,17,69,60,0,-,-14,14
43,39,66,3,81,46,62.5,+,-23,23
42,26,51,8,44,0,75.5,+,-9,9
41,40,59,14,0,0,0,-,-18,18
40,47,60,16,6,0,0,-,-20,20
39,42,87,20,0,0,0,-,-48,48
38,53,78,12,83,2,77.5,-,-40,40
37,31,71,7,0,0,0,+,-34,34
36,35,41,13,0,0,0,-,-5,5
35,13,77,2,93,78,79,+,-42,42
34,33,75,20,27,0,51.5,-,-41,41
33,8,34,9,0,0,0,-,-1,1
32,41,41,16,0,0,0,-,-9,9
31,25,50,4,0,0,0,+,-19,19
30,18,47,11,25,0,0,+,-17,17
29,5,95,2,0,0,0,+,-66,66
28,19,74,4,0,0,0,+,-46,46
27,29,88,18,86,24,95,-,-61,61
26,38,52,10,0,0,0,-,-26,26
25,24,37,10,9,0,71.5,-,-12,12
24,27,92,15,0,0,0,+,-68,68
23,1,61,3,0,0,0,-,-38,38
22,12,58,5,0,0,0,+,-36,36
21,28,36,10,0,0,0,-,-15,15
20,23,53,16,0,0,0,-,-33,33
19,21,52,18,0,0,0,-,-33,33
18,14,47,15,99,62,91,+,-29,29
17,10,62,3,0,0,0,+,-45,45
16,17,44,5,0,0,0,+,-28,28
15,20,77,19,95,88,98,+,-62,62
14,0,14,1,0,0,0,-,0,0
13,11,32,5,0,0,0,+,-19,19
12,16,87,11,73,0,44.5,+,-75,75
11,2,24,2,38,0,0,+,-13,13
10,15,36,14,16,0,0,-,-26,26
9,6,62,15,0,0,0,-,-53,53
8,0,78,1,0,0,0,+,-70,70
7,3,65,2,0,0,0,+,-58,58
6,7,17,6,66,0,90,-,-11,11
5,0,13,1,50,0,84,+,-8,8
4,4,84,18,93,78,79,-,-80,80
3,9,16,10,0,0,0,-,-13,13
2,0,59,1,0,0,0,+,-57,57
1,0,22,3,0,0,0,+,-21,21
100,100,100,15,94,0,84.5,+,0,0
99,98,99,17,99,0,97,+,0,0
98,99,100,22,0,0,0,+,-2,2
97,97,97,16,85,0,0,-,0,0
96,96,99,14,0,0,0,-,-3,3
95,0,98,1,0,0,0,-,-3,3
94,95,95,7,96,0,0,+,-1,1
93,73,100,4,81,0,0,+,-7,7
92,92,93,13,82,0,84,+,-1,1
91,94,94,20,0,0,0,-,-3,3
90,88,93,9,88,0,0,+,-3,3
89,93,100,43,78,0,80,-,-11,11
88,86,89,14,0,0,0,+,-1,1
87,91,94,20,68,0,0,-,-7,7
86,90,100,31,86,0,80.5,-,-14,14
85,82,91,8,0,0,0,+,-6,6
84,85,85,9,62,24,0,+,-1,1
83,80,97,5,0,0,0,+,-14,14
82,72,98,5,0,0,0,+,-16,16
81,84,86,13,90,0,89.5,-,-5,5
80,87,96,14,0,0,0,-,-16,16
79,89,89,2,83,0,44,+,-10,10
78,81,100,46,0,0,0,+,-22,22
77,79,90,4,93,0,88.5,+,-13,13
76,83,97,32,0,0,0,-,-21,21
75,77,77,13,0,0,0,+,-2,2
74,76,78,7,52,0,0,-,-4,4
73,74,74,12,60,0,68.5,-,-1,1
72,75,87,25,39,0,0,-,-15,15
71,61,95,6,0,0,0,+,-24,24
70,71,75,9,0,0,0,-,-5,5
69,67,70,11,53,0,0,+,-1,1
68,68,68,16,45,0,0,-,0,0
67,70,92,29,0,0,0,+,-25,25
66,69,99,59,90,0,89.5,+,-33,33
65,60,91,14,74,0,90.5,-,-26,26
64,64,75,10,0,0,0,-,-11,11
63,63,63,9,0,0,0,-,0,0
62,65,96,51,42,0,66,-,-34,34
61,57,98,10,31,0,0,+,-37,37
60,66,91,23,40,0,38,-,-31,31
59,59,98,33,0,0,0,-,-39,39
58,55,77,11,84,90,0,-,-19,19
57,62,70,18,38,0,56,-,-13,13
56,0,56,1,96,0,0,-,0,0
55,54,86,26,0,0,0,+,-31,31
54,52,68,7,0,0,0,+,-14,14
53,78,78,11,86,0,80.5,-,-25,25
52,56,80,28,73,0,92.5,-,-28,28
51,35,88,4,33,0,9.5,+,-37,37
50,50,58,16,61,52,0,-,-8,8
49,49,82,11,0,0,0,+,-33,33
48,48,71,6,9,0,0,+,-23,23
47,58,60,15,24,0,0,-,-13,13
46,45,60,10,0,0,0,+,-14,14
45,42,53,20,0,0,0,-,-8,8
44,37,47,13,5,0,0,+,-3,3
43,40,49,17,21,0,27,+,-6,6
42,51,87,19,0,0,0,-,-45,45
41,39,41,15,0,0,0,-,0,0
40,34,59,13,0,0,0,+,-19,19
39,38,66,2,79,0,52,+,-27,27
38,47,52,9,0,0,0,-,-14,14
37,27,85,3,0,0,0,+,-48,48
36,29,58,3,89,0,90,+,-22,22
35,41,41,12,0,0,0,+,-6,6
34,20,85,5,95,92,98.5,+,-51,51
33,44,75,19,28,0,30,+,-42,42
32,17,92,8,87,0,95,+,-60,60
31,26,71,6,0,0,0,+,-40,40
30,0,47,1,0,0,0,-,-17,17
29,33,88,17,87,0,95,-,-59,59
28,28,36,9,0,0,0,-,-8,8
27,32,92,14,0,0,0,-,-65,65
26,23,51,7,22,0,56.5,+,-25,25
25,18,50,3,0,0,0,+,-25,25
24,31,37,9,6,0,55,+,-13,13
23,36,53,15,0,0,0,-,-30,30
22,0,22,1,0,8,0,-,0,0
21,30,52,17,0,0,0,-,-31,31
20,43,77,18,95,92,98.5,-,-57,57
19,14,74,3,0,0,0,+,-55,55
18,24,47,10,15,0,0,+,-29,29
17,16,44,4,0,0,0,-,-27,27
16,21,87,10,77,0,57,-,-71,71
15,25,36,13,30,0,0,-,-21,21
14,22,47,14,98,60,91.5,+,-33,33
13,0,77,1,91,84,75.5,+,-64,64
12,12,58,4,0,0,0,+,-46,46
11,8,32,4,0,0,0,+,-21,21
10,6,62,2,0,0,0,+,-52,52
9,7,16,9,0,0,0,-,-7,7
8,5,34,8,0,0,0,+,-26,26
7,4,17,5,73,0,92.5,-,-10,10
6,15,62,14,0,0,0,+,-56,56
5,0,95,1,0,0,0,+,-90,90
4,13,84,17,91,84,75.5,+,-80,80
3,0,3,1,0,0,0,-,0,0
2,0,24,1,36,20,0,+,-22,22
1,0,61,2,0,0,0,+,-60,60
100,100,100,14,97,0,80,+,0,0
99,99,100,21,0,0,0,-,-1,1
98,98,99,16,99,0,98.5,+,-1,1
97,96,97,15,89,0,0,+,0,0
96,97,99,13,0,0,0,+,-3,3
95,94,95,6,88,0,0,-,0,0
94,92,94,19,0,0,0,-,0,0
93,95,100,42,82,0,77.5,-,-7,7
92,90,93,12,81,0,86.5,+,-1,1
91,91,94,19,75,0,0,-,-3,3
90,89,100,30,92,14,82,-,-10,10
89,0,89,1,91,0,39,-,0,0
88,87,93,8,87,0,0,+,-5,5
87,93,96,13,0,0,0,-,-9,9
86,84,89,13,0,0,0,+,-3,3
85,83,85,8,69,38,0,-,0,0
84,86,86,12,95,0,94.5,-,-2,2
83,88,97,31,0,0,0,-,-14,14
82,79,91,7,0,0,0,+,-9,9
81,85,100,45,0,0,0,-,-19,19
80,80,97,4,0,0,0,+,-17,17
79,81,90,3,94,0,88,-,-11,11
78,41,78,10,92,14,82,-,0,0
77,76,77,12,0,0,0,-,0,0
76,78,78,6,57,0,0,-,-2,2
75,82,87,24,41,0,0,-,-12,12
74,74,74,11,66,0,67,-,0,0
73,47,100,3,55,0,0,+,-27,27
72,56,98,4,0,0,0,+,-26,26
71,71,75,8,0,0,0,-,-4,4
70,75,92,28,0,0,0,-,-22,22
69,72,99,58,95,0,94.5,-,-30,30
68,65,68,15,43,0,0,+,0,0
67,66,70,10,62,0,0,+,-3,3
66,73,91,22,51,0,63,-,-25,25
65,69,96,50,46,0,69.5,-,-31,31
64,64,75,9,0,0,0,+,-11,11
63,54,63,8,0,0,0,+,0,0
62,70,70,17,44,0,61.5,-,-8,8
61,43,95,5,0,0,0,+,-34,34
60,52,91,13,74,0,90,+,-31,31
59,68,98,32,0,0,0,+,-39,39
58,60,60,14,37,0,0,-,-2,2
57,51,98,9,19,0,0,+,-41,41
56,67,80,27,80,0,94,-,-24,24
55,55,77,10,54,80,0,+,-22,22
54,57,86,25,0,0,0,+,-32,32
53,63,93,22,72,42,37.5,-,-40,40
52,42,68,6,0,0,0,+,-16,16
51,59,87,18,23,0,0,-,-36,36
50,58,58,15,56,50,0,+,-8,8
49,49,82,10,0,0,0,+,-33,33
48,37,71,5,15,0,0,+,-23,23
47,48,52,8,0,0,0,-,-5,5
46,44,87,20,93,0,91,-,-41,41
45,39,60,9,0,0,0,+,-15,15
44,61,75,18,38,0,36.5,-,-31,31
43,27,77,17,100,90,100,-,-34,34
42,40,53,19,0,0,0,+,-11,11
41,34,41,11,0,0,0,-,0,0
40,33,49,16,22,0,13,+,-9,9
39,32,41,14,0,0,0,+,-2,2
38,0,66,1,85,0,55.5,+,-28,28
37,35,47,12,0,0,0,+,-10,10
36,50,53,14,7,0,0,-,-17,17
35,17,88,3,17,0,0,+,-53,53
34,28,59,12,0,0,0,+,-25,25
33,45,88,16,86,0,95.5,-,-55,55
32,38,92,13,0,0,0,-,-60,60
31,25,37,8,10,0,54,-,-6,6
30,29,52,16,0,0,0,-,-22,22
29,13,58,2,93,0,91,+,-29,29
28,36,36,8,0,0,0,+,-8,8
27,12,85,2,0,0,0,+,-58,58
26,26,71,5,0,0,0,+,-45,45
25,18,36,12,34,0,0,-,-11,11
24,15,47,9,11,0,0,-,-23,23
23,14,51,6,21,0,56,+,-28,28
22,31,47,13,98,44,91.5,-,-25,25
21,24,87,9,83,0,66.5,-,-66,66
20,7,85,4,100,90,100,+,-65,65
19,19,47,20,0,0,0,-,-28,28
18,4,50,2,0,0,0,+,-32,32
17,10,92,7,86,0,95.5,+,-75,75
16,2,44,3,0,0,0,+,-28,28
15,23,62,13,0,0,0,-,-47,47
14,0,74,2,0,0,0,+,-60,60
13,22,84,16,90,74,71.5,-,-71,71
12,11,58,3,0,0,0,+,-46,46
11,21,30,18,77,0,89,-,-19,19
10,62,10,2,84,0,99,-,0,0
9,0,9,1,9,22,0,-,0,0
8,8,32,3,0,0,0,+,-24,24
7,9,16,8,0,0,0,+,-9,9
6,0,62,1,0,0,0,+,-56,56
5,5,34,7,0,0,0,+,-29,29
4,3,17,4,80,0,94,+,-13,13
3,30,48,10,42,88,10.5,-,-45,45
2,0,22,2,0,0,0,-,-20,20
1,20,49,18,0,0,0,-,-48,48
100,100,100,13,97,0,85.5,+,0,0
99,99,100,20,0,0,0,+,-1,1
98,96,99,15,100,0,97.5,+,-1,1
97,98,99,12,0,0,0,-,-2,2
96,97,97,14,86,0,0,+,-1,1
95,94,100,41,83,0,82,-,-5,5
94,93,95,5,87,0,0,+,-1,1
93,95,96,12,0,0,0,-,-3,3
92,91,94,18,0,0,0,+,-2,2
91,92,94,18,73,0,0,+,-3,3
90,88,93,11,79,0,91,+,-3,3
89,89,100,29,85,0,76.5,+,-11,11
88,87,97,30,0,0,0,-,-9,9
87,85,93,7,84,0,0,+,-6,6
86,84,86,11,90,0,87.5,-,0,0
85,86,100,44,0,0,0,-,-15,15
84,78,89,12,0,0,0,+,-5,5
83,80,85,7,56,40,0,+,-2,2
82,83,87,23,47,0,0,-,-5,5
81,90,90,2,93,0,84.5,-,-9,9
80,82,97,3,0,0,0,+,-17,17
79,69,91,6,0,0,0,+,-12,12
78,77,78,5,53,0,0,-,0,0
77,0,77,1,95,92,65,-,0,0
76,74,77,11,0,0,0,+,-1,1
75,79,92,27,0,0,0,-,-17,17
74,72,74,10,58,0,67,+,0,0
73,81,91,21,52,0,59.5,-,-18,18
72,75,99,57,90,0,87.5,-,-27,27
71,63,75,7,0,0,0,+,-4,4
70,70,70,16,59,0,81,-,0,0
69,73,96,49,48,0,70.5,-,-27,27
68,71,98,31,0,0,0,-,-30,30
67,76,80,26,81,0,96,-,-13,13
66,65,70,9,57,0,0,+,-4,4
65,61,68,14,43,0,0,+,-3,3
64,66,75,8,0,0,0,+,-11,11
63,67,93,21,71,32,54,-,-30,30
62,0,62,1,98,14,100,-,0,0
61,68,75,17,51,0,66.5,-,-14,14
60,59,60,13,36,0,0,-,0,0
59,64,87,17,11,0,0,-,-28,28
58,49,58,14,55,46,0,-,0,0
57,62,86,24,0,0,0,-,-29,29
56,36,98,3,0,0,0,+,-42,42
55,56,77,9,44,18,0,+,-22,22
54,48,63,7,0,0,0,+,-9,9
53,53,90,36,40,0,0,-,-37,37
52,50,91,12,69,0,88.5,+,-39,39
51,44,98,8,15,0,0,+,-47,47
50,51,53,13,26,0,0,-,-3,3
49,54,82,9,0,0,0,+,-33,33
48,52,52,7,0,0,0,-,-4,4
47,17,100,2,23,0,0,+,-53,53
46,32,46,2,27,0,49.5,-,0,0
45,60,88,15,88,30,97,-,-43,43
44,55,87,19,89,0,88,+,-43,43
43,30,95,4,0,0,0,+,-52,52
42,34,68,5,0,0,0,+,-26,26
41,45,78,9,85,0,76.5,+,-37,37
40,40,53,18,0,0,0,+,-13,13
39,39,60,8,0,0,0,+,-21,21
38,46,92,12,0,0,0,-,-54,54
37,28,71,4,2,0,0,+,-34,34
36,20,36,7,7,0,0,-,0,0
35,42,47,11,0,0,0,+,-12,12
34,38,41,10,0,0,0,+,-7,7
33,33,49,15,16,0,23.5,+,-16,16
32,37,41,13,0,0,0,+,-9,9
31,26,47,12,99,72,89.5,-,-16,16
30,31,48,9,66,96,34,-,-18,18
29,24,52,15,0,0,0,+,-23,23
28,27,59,11,0,0,0,+,-31,31
27,29,77,16,95,92,65,+,-50,50
26,16,71,4,0,0,0,+,-45,45
25,12,37,7,21,0,67.5,+,-12,12
24,25,87,8,91,12,92,-,-63,63
23,41,62,12,0,0,0,-,-39,39
22,43,84,15,92,78,75.5,-,-62,62
21,23,30,17,77,0,90.5,-,-9,9
20,47,49,17,0,0,0,-,-29,29
19,21,47,19,0,0,0,+,-28,28
18,22,36,11,37,0,0,+,-18,18
17,14,88,2,0,0,0,+,-71,71
16,19,51,20,0,0,0,-,-35,35
15,18,47,8,0,0,0,+,-32,32
14,10,51,5,14,0,62,+,-37,37
13,0,58,1,89,0,88,+,-45,45
12,0,85,1,0,0,0,+,-73,73
11,58,58,2,0,0,0,+,-47,47
10,15,92,6,88,30,97,+,-82,82
9,13,16,7,0,0,0,-,-7,7
8,6,32,2,0,0,0,+,-24,24
7,8,85,3,95,92,65,+,-78,78
6,35,35,2,83,0,82,-,-29,29
5,7,34,6,0,0,0,+,-29,29
4,0,50,1,0,0,0,+,-46,46
3,9,17,3,81,0,96,+,-14,14
2,1,44,2,0,0,0,+,-42,42
1,3,3,3,0,0,0,-,-2,2
100,99,100,12,98,0,94.5,+,0,0
99,100,100,19,0,0,0,+,-1,1
98,98,99,11,0,0,0,-,-1,1
97,97,97,13,85,0,0,-,0,0
96,96,99,14,100,0,99,+,-3,3
95,95,96,11,0,0,0,-,-1,1
94,93,100,40,86,0,85,+,-6,6
93,92,95,4,88,0,5.5,+,-2,2
92,94,94,17,83,0,0,-,-2,2
91,90,94,17,0,0,0,+,-3,3
90,0,90,1,97,0,88,-,0,0
89,89,100,28,87,0,83,+,-11,11
88,84,93,10,96,0,100,+,-5,5
87,91,97,29,0,0,0,+,-10,10
86,88,100,43,0,0,0,-,-14,14
85,81,93,6,84,0,0,+,-8,8
84,82,86,10,91,0,89.5,+,-2,2
83,87,87,22,55,0,0,-,-4,4
82,86,97,2,0,0,0,-,-15,15
81,83,91,20,63,0,42.5,-,-10,10
80,70,85,6,47,0,0,+,-5,5
79,79,92,26,0,0,0,-,-13,13
78,76,89,11,0,0,0,+,-11,11
77,73,78,4,57,0,11.5,+,-1,1
76,80,80,25,93,4,98.5,-,-4,4
75,72,99,56,91,0,89.5,-,-24,24
74,65,77,10,0,0,0,+,-3,3
73,71,96,48,53,0,72,-,-23,23
72,68,74,9,64,0,75,+,-2,2
71,77,98,30,0,0,0,-,-27,27
70,63,70,15,51,0,56.5,+,0,0
69,50,91,5,0,0,0,+,-22,22
68,74,75,16,54,0,47.5,-,-7,7
67,75,93,20,81,32,59,-,-26,26
66,61,75,7,0,0,0,-,-9,9
65,57,70,8,59,0,0,+,-5,5
64,69,87,16,18,0,0,-,-23,23
63,58,75,6,0,0,0,+,-12,12
62,60,86,23,0,0,0,-,-24,24
61,54,68,13,40,0,0,+,-7,7
60,78,88,14,94,30,98,-,-28,28
59,55,60,12,35,0,0,+,-1,1
58,0,58,1,45,0,0,-,0,0
57,66,96,33,3,0,0,-,-39,39
56,67,77,8,58,78,0,-,-21,21
55,62,87,18,90,0,90.5,-,-32,32
54,59,82,8,0,0,0,-,-28,28
53,56,90,35,22,0,0,+,-37,37
52,49,52,6,0,0,0,-,0,0
51,51,53,12,25,0,0,-,-2,2
50,42,91,11,75,0,93.5,+,-41,41
49,46,58,13,43,54,0,+,-9,9
48,41,63,6,0,0,0,+,-15,15
47,48,49,16,13,0,0,-,-2,2
46,47,92,11,0,0,0,-,-46,46
45,43,78,8,87,0,83,-,-33,33
44,44,98,7,0,0,0,+,-54,54
43,64,84,14,92,80,78,-,-41,41
42,39,47,10,6,0,0,-,-5,5
41,53,62,11,0,0,0,-,-21,21
40,38,53,17,0,0,0,+,-13,13
39,37,60,7,0,0,0,+,-21,21
38,31,41,9,0,0,0,-,-3,3
37,33,41,12,0,0,0,-,-4,4
36,4,98,2,0,0,0,+,-62,62
35,0,35,1,86,0,85,-,0,0
34,35,68,4,0,0,0,+,-34,34
33,32,49,14,17,0,44.5,+,-16,16
32,0,46,1,7,0,46.5,+,-14,14
31,25,48,8,65,92,42,-,-17,17
30,23,95,3,0,0,0,+,-65,65
29,45,77,15,76,86,70,-,-48,48
28,15,71,3,0,0,0,+,-43,43
27,30,59,10,0,0,0,+,-32,32
26,27,47,11,99,58,92.5,+,-21,21
25,34,87,7,89,12,73.5,-,-62,62
24,40,52,14,0,0,0,+,-28,28
23,28,30,16,80,0,86,-,-7,7
22,36,36,10,36,0,0,-,-14,14
21,29,47,18,0,0,0,-,-26,26
20,21,36,6,0,0,0,+,-16,16
19,26,51,19,0,0,0,-,-32,32
18,18,47,7,0,0,0,-,-29,29
17,0,100,1,0,0,0,+,-83,83
16,12,71,3,0,0,0,+,-55,55
15,14,92,5,94,30,98,-,-77,77
14,0,88,1,0,0,0,+,-74,74
13,16,16,6,0,0,0,-,-3,3
12,11,37,6,0,0,51.5,+,-25,25
11,20,55,18,0,0,0,-,-44,44
10,8,51,4,15,0,55,+,-41,41
9,17,17,2,93,4,98.5,-,-8,8
8,85,85,2,76,86,70,-,-77,77
7,10,34,5,0,0,0,-,-27,27
6,0,32,1,0,0,0,+,-26,26
5,6,12,7,0,0,6,-,-7,7
4,13,15,9,0,0,3.5,-,-11,11
3,0,3,2,0,0,0,-,0,0
2,0,22,1,0,0,0,-,-20,20
1,0,44,1,0,0,0,+,-43,43