1, BTS ,2,13,24, 2017-04-08
2, Justin Bieber ,1,1,331, 2017-04-08
3, Drake ,13,13,306, 2017-04-08
4, Ariana Grande ,3,13,227, 2017-04-08
5, Shawn Mendes ,6,13,118, 2017-04-08
6, Ed Sheeran ,5,3,116, 2017-04-08
7, Selena Gomez ,4,13,327, 2017-04-08
8, Zayn ,12,13,59, 2017-04-08
9, Maluma ,8,13,23, 2017-04-08
10, Chris Brown ,17,13,301, 2017-04-08
11, Demi Lovato ,9,13,320, 2017-04-08
12, Nicki Minaj ,40,13,326, 2017-04-08
13, Chuck Berry ,120,13,1, 2017-04-08
14, The Weeknd ,10,13,79, 2017-04-08
15, Lauren Jauregui ,7,13,16, 2017-04-08
16, Adele ,35,1,239, 2017-04-08
17, Rihanna ,18,1,320, 2017-04-08
18, Shakira ,15,13,325, 2017-04-08
19, Beyonce ,28,1,322, 2017-04-08
20, Katy Perry ,20,1,327, 2017-04-08
21, Jennifer Lopez ,31,13,316, 2017-04-08
22, Bruno Mars ,21,2,260, 2017-04-08
23, Niall Horan ,14,13,25, 2017-04-08
24, J Balvin ,33,13,21, 2017-04-08
25, Camila Cabello ,11,13,61, 2017-04-08
26, Martin Garrix ,23,13,141, 2017-04-08
27, Snoop Dogg ,19,13,292, 2017-04-08
28, GOT7 ,16,13,14, 2017-04-08
29, Future ,120,13,40, 2017-04-08
30, Britney Spears ,27,2,282, 2017-04-08
31, Wiz Khalifa ,26,13,315, 2017-04-08
32, Taylor Swift ,34,1,327, 2017-04-08
33, Fifth Harmony ,22,13,90, 2017-04-08
34, Lucy Hale ,25,13,138, 2017-04-08
35, CNCO ,41,13,6, 2017-04-08
36, Zendaya ,29,13,134, 2017-04-08
37, Calvin Harris ,120,13,62, 2017-04-08
38, Louis Tomlinson ,32,13,14, 2017-04-08
39, Tini ,120,35,4, 2017-04-08
40, Fedez ,120,13,2, 2017-04-08
41, Mario Bautista ,50,13,42, 2017-04-08
42, Marshmello ,46,13,25, 2017-04-08
43, The Chainsmokers ,36,13,33, 2017-04-08
44, twenty one pilots ,38,13,49, 2017-04-08
45, Lali ,24,13,41, 2017-04-08
46, John Legend ,120,13,11, 2017-04-08
47, Nicky Jam ,49,13,13, 2017-04-08
48, Jacob Sartorius ,42,13,42, 2017-04-08
49, Luis Fonsi ,120,13,3, 2017-04-08
50, Enrique Iglesias ,120,13,193, 2017-04-08
1, Justin Bieber ,2,1,330, 2017-04-01
2, BTS ,1,13,23, 2017-04-01
3, Ariana Grande ,5,13,226, 2017-04-01
4, Selena Gomez ,36,13,326, 2017-04-01
5, Ed Sheeran ,4,3,115, 2017-04-01
6, Shawn Mendes ,8,13,117, 2017-04-01
7, Lauren Jauregui ,12,13,15, 2017-04-01
8, Maluma ,9,13,22, 2017-04-01
9, Demi Lovato ,11,13,319, 2017-04-01
10, The Weeknd ,10,13,78, 2017-04-01
11, Camila Cabello ,24,13,60, 2017-04-01
12, Zayn ,6,13,58, 2017-04-01
13, Drake ,15,13,305, 2017-04-01
14, Niall Horan ,16,13,24, 2017-04-01
15, Shakira ,17,13,324, 2017-04-01
16, GOT7 ,14,13,13, 2017-04-01
17, Chris Brown ,20,13,300, 2017-04-01
18, Rihanna ,3,1,319, 2017-04-01
19, Snoop Dogg ,49,13,291, 2017-04-01
20, Katy Perry ,13,1,326, 2017-04-01
21, Bruno Mars ,35,2,259, 2017-04-01
22, Fifth Harmony ,21,13,89, 2017-04-01
23, Martin Garrix ,42,13,140, 2017-04-01
24, Lali ,30,13,40, 2017-04-01
25, Lucy Hale ,120,13,137, 2017-04-01
26, Wiz Khalifa ,44,13,314, 2017-04-01
27, Britney Spears ,19,2,281, 2017-04-01
28, Beyonce ,120,1,321, 2017-04-01
29, Zendaya ,120,13,133, 2017-04-01
30, Liam Payne ,120,13,9, 2017-04-01
31, Jennifer Lopez ,18,13,315, 2017-04-01
32, Louis Tomlinson ,27,13,13, 2017-04-01
33, J Balvin ,25,13,20, 2017-04-01
34, Taylor Swift ,120,1,326, 2017-04-01
35, Adele ,28,1,238, 2017-04-01
36, The Chainsmokers ,41,13,32, 2017-04-01
37, Big Sean ,47,13,32, 2017-04-01
38, twenty one pilots ,31,13,48, 2017-04-01
39, Little Mix ,29,13,129, 2017-04-01
40, Nicki Minaj ,7,13,325, 2017-04-01
41, CNCO ,37,13,5, 2017-04-01
42, Jacob Sartorius ,46,13,41, 2017-04-01
43, DJ Morphius ,40,13,7, 2017-04-01
44, Coldplay ,32,9,173, 2017-04-01
45, Ricky Martin ,120,13,12, 2017-04-01
46, Marshmello ,50,13,24, 2017-04-01
47, Anitta ,120,13,18, 2017-04-01
48, Snow Tha Product ,120,13,1, 2017-04-01
49, Nicky Jam ,39,13,12, 2017-04-01
50, Mario Bautista ,23,13,41, 2017-04-01
1, BTS ,1,13,22, 2017-03-25
2, Justin Bieber ,2,1,329, 2017-03-25
3, Rihanna ,33,1,318, 2017-03-25
4, Ed Sheeran ,6,3,114, 2017-03-25
5, Ariana Grande ,3,13,225, 2017-03-25
6, Zayn ,25,13,57, 2017-03-25
7, Nicki Minaj ,4,13,324, 2017-03-25
8, Shawn Mendes ,5,13,116, 2017-03-25
9, Maluma ,7,13,21, 2017-03-25
10, The Weeknd ,8,13,77, 2017-03-25
11, Demi Lovato ,11,13,318, 2017-03-25
12, Lauren Jauregui ,26,13,14, 2017-03-25
13, Katy Perry ,16,1,325, 2017-03-25
14, GOT7 ,37,13,12, 2017-03-25
15, Drake ,22,13,304, 2017-03-25
16, Niall Horan ,17,13,23, 2017-03-25
17, Shakira ,27,13,323, 2017-03-25
18, Jennifer Lopez ,15,13,314, 2017-03-25
19, Britney Spears ,28,2,280, 2017-03-25
20, Chris Brown ,32,13,299, 2017-03-25
21, Fifth Harmony ,120,13,88, 2017-03-25
22, Ivete Sangalo ,14,13,2, 2017-03-25
23, Mario Bautista ,34,13,40, 2017-03-25
24, Camila Cabello ,9,13,59, 2017-03-25
25, J Balvin ,20,13,19, 2017-03-25
26, Chance The Rapper ,49,13,25, 2017-03-25
27, Louis Tomlinson ,18,13,12, 2017-03-25
28, Adele ,38,1,237, 2017-03-25
29, Little Mix ,35,13,128, 2017-03-25
30, Lali ,12,13,39, 2017-03-25
31, twenty one pilots ,29,13,47, 2017-03-25
32, Coldplay ,45,9,172, 2017-03-25
33, Justin Timberlake ,19,1,270, 2017-03-25
34, Steve Aoki ,120,13,7, 2017-03-25
35, Bruno Mars ,30,2,258, 2017-03-25
36, Selena Gomez ,13,13,325, 2017-03-25
37, CNCO ,48,13,4, 2017-03-25
38, Halsey ,43,8,35, 2017-03-25
39, Nicky Jam ,120,13,11, 2017-03-25
40, DJ Morphius ,40,13,6, 2017-03-25
41, The Chainsmokers ,21,13,31, 2017-03-25
42, Martin Garrix ,24,13,139, 2017-03-25
43, Future ,23,13,39, 2017-03-25
44, Wiz Khalifa ,50,13,313, 2017-03-25
45, Ciara ,120,13,50, 2017-03-25
46, Jacob Sartorius ,36,13,40, 2017-03-25
47, Big Sean ,120,13,31, 2017-03-25
48, Madison Beer ,120,13,3, 2017-03-25
49, Snoop Dogg ,120,13,290, 2017-03-25
50, Marshmello ,46,13,23, 2017-03-25
1, BTS ,1,13,21, 2017-03-18
2, Justin Bieber ,4,1,328, 2017-03-18
3, Ariana Grande ,2,13,224, 2017-03-18
4, Nicki Minaj ,43,13,323, 2017-03-18
5, Shawn Mendes ,6,13,115, 2017-03-18
6, Ed Sheeran ,3,3,113, 2017-03-18
7, Maluma ,5,13,20, 2017-03-18
8, The Weeknd ,9,13,76, 2017-03-18
9, Camila Cabello ,23,13,58, 2017-03-18
10, Miley Cyrus ,12,1,256, 2017-03-18
11, Demi Lovato ,18,13,317, 2017-03-18
12, Lali ,10,13,38, 2017-03-18
13, Selena Gomez ,13,13,324, 2017-03-18
14, Ivete Sangalo ,120,13,1, 2017-03-18
15, Jennifer Lopez ,16,13,313, 2017-03-18
16, Katy Perry ,11,1,324, 2017-03-18
17, Niall Horan ,31,13,22, 2017-03-18
18, Louis Tomlinson ,15,13,11, 2017-03-18
19, Justin Timberlake ,120,1,269, 2017-03-18
20, J Balvin ,21,13,18, 2017-03-18
21, The Chainsmokers ,19,13,30, 2017-03-18
22, Drake ,8,13,303, 2017-03-18
23, Future ,25,13,38, 2017-03-18
24, Martin Garrix ,32,13,138, 2017-03-18
25, Zayn ,17,13,56, 2017-03-18
26, Lauren Jauregui ,47,13,13, 2017-03-18
27, Shakira ,35,13,322, 2017-03-18
28, Britney Spears ,34,2,279, 2017-03-18
29, twenty one pilots ,41,13,46, 2017-03-18
30, Bruno Mars ,120,2,257, 2017-03-18
31, TAEYEON ,20,13,6, 2017-03-18
32, Chris Brown ,30,13,298, 2017-03-18
33, Rihanna ,22,1,317, 2017-03-18
34, Mario Bautista ,29,13,39, 2017-03-18
35, Little Mix ,24,13,127, 2017-03-18
36, Jacob Sartorius ,7,13,39, 2017-03-18
37, GOT7 ,120,13,11, 2017-03-18
38, Adele ,120,1,236, 2017-03-18
39, Alicia Keys ,120,6,112, 2017-03-18
40, DJ Morphius ,40,13,5, 2017-03-18
41, Stormzy ,120,13,1, 2017-03-18
42, Mon Laferte ,120,13,1, 2017-03-18
43, Halsey ,120,8,34, 2017-03-18
44, John Legend ,120,13,10, 2017-03-18
45, Coldplay ,120,9,171, 2017-03-18
46, Marshmello ,45,13,22, 2017-03-18
47, Lady Gaga ,120,1,321, 2017-03-18
48, CNCO ,49,13,3, 2017-03-18
49, Chance The Rapper ,37,13,24, 2017-03-18
50, Wiz Khalifa ,27,13,312, 2017-03-18
1, BTS ,1,13,20, 2017-03-11
2, Ariana Grande ,2,13,223, 2017-03-11
3, Ed Sheeran ,7,3,112, 2017-03-11
4, Justin Bieber ,4,1,327, 2017-03-11
5, Maluma ,18,13,19, 2017-03-11
6, Shawn Mendes ,27,13,114, 2017-03-11
7, Jacob Sartorius ,9,13,38, 2017-03-11
8, Drake ,19,13,302, 2017-03-11
9, The Weeknd ,10,13,75, 2017-03-11
10, Lali ,14,13,37, 2017-03-11
11, Katy Perry ,17,1,323, 2017-03-11
12, Miley Cyrus ,12,1,255, 2017-03-11
13, Selena Gomez ,3,13,323, 2017-03-11
14, Lana Del Rey ,120,13,109, 2017-03-11
15, Louis Tomlinson ,15,13,10, 2017-03-11
16, Jennifer Lopez ,13,13,312, 2017-03-11
17, Zayn ,11,13,55, 2017-03-11
18, Demi Lovato ,5,13,316, 2017-03-11
19, The Chainsmokers ,29,13,29, 2017-03-11
20, TAEYEON ,120,13,5, 2017-03-11
21, J Balvin ,28,13,17, 2017-03-11
22, Rihanna ,31,1,316, 2017-03-11
23, Camila Cabello ,8,13,57, 2017-03-11
24, Little Mix ,47,13,126, 2017-03-11
25, Future ,120,13,37, 2017-03-11
26, Snoop Dogg ,25,13,289, 2017-03-11
27, Wiz Khalifa ,120,13,311, 2017-03-11
28, Lucy Hale ,37,13,136, 2017-03-11
29, Mario Bautista ,26,13,38, 2017-03-11
30, Chris Brown ,120,13,297, 2017-03-11
31, Niall Horan ,120,13,21, 2017-03-11
32, Martin Garrix ,35,13,137, 2017-03-11
33, Big Sean ,30,13,30, 2017-03-11
34, Britney Spears ,34,2,278, 2017-03-11
35, Shakira ,48,13,321, 2017-03-11
36, Nicky Jam ,39,13,10, 2017-03-11
37, Chance The Rapper ,6,13,23, 2017-03-11
38, 5 Seconds Of Summer ,120,2,137, 2017-03-11
39, Bebe Rexha ,45,13,4, 2017-03-11
40, DJ Morphius ,44,13,4, 2017-03-11
41, twenty one pilots ,21,13,45, 2017-03-11
42, Migos ,120,13,4, 2017-03-11
43, Nicki Minaj ,22,13,322, 2017-03-11
44, Beyonce ,24,1,320, 2017-03-11
45, Marshmello ,43,13,21, 2017-03-11
46, Luis Fonsi ,120,13,2, 2017-03-11
47, Lauren Jauregui ,23,13,12, 2017-03-11
48, BLACKPINK ,120,13,7, 2017-03-11
49, CNCO ,120,13,2, 2017-03-11
50, Wesley Safadao ,120,13,6, 2017-03-11
1, BTS ,1,13,19, 2017-03-04
2, Ariana Grande ,3,13,222, 2017-03-04
3, Selena Gomez ,5,13,322, 2017-03-04
4, Justin Bieber ,12,1,326, 2017-03-04
5, Demi Lovato ,18,13,315, 2017-03-04
6, Chance The Rapper ,22,13,22, 2017-03-04
7, Ed Sheeran ,19,3,111, 2017-03-04
8, Camila Cabello ,31,13,56, 2017-03-04
9, Jacob Sartorius ,50,13,37, 2017-03-04
10, The Weeknd ,17,13,74, 2017-03-04
11, Zayn ,6,13,54, 2017-03-04
12, Miley Cyrus ,33,1,254, 2017-03-04
13, Jennifer Lopez ,16,13,311, 2017-03-04
14, Lali ,21,13,36, 2017-03-04
15, Louis Tomlinson ,7,13,9, 2017-03-04
16, Lady Gaga ,2,1,320, 2017-03-04
17, Katy Perry ,27,1,322, 2017-03-04
18, Maluma ,9,13,18, 2017-03-04
19, Drake ,8,13,301, 2017-03-04
20, Adele ,120,1,235, 2017-03-04
21, twenty one pilots ,37,13,44, 2017-03-04
22, Nicki Minaj ,11,13,321, 2017-03-04
23, Lauren Jauregui ,23,13,11, 2017-03-04
24, Beyonce ,4,1,319, 2017-03-04
25, Snoop Dogg ,25,13,288, 2017-03-04
26, Mario Bautista ,32,13,37, 2017-03-04
27, Shawn Mendes ,26,13,113, 2017-03-04
28, J Balvin ,35,13,16, 2017-03-04
29, The Chainsmokers ,39,13,28, 2017-03-04
30, Big Sean ,15,13,29, 2017-03-04
31, Rihanna ,20,1,315, 2017-03-04
32, Bruno Mars ,120,2,256, 2017-03-04
33, Nick Jonas ,120,13,37, 2017-03-04
34, Britney Spears ,38,2,277, 2017-03-04
35, Martin Garrix ,43,13,136, 2017-03-04
36, Zendaya ,14,13,132, 2017-03-04
37, Lucy Hale ,42,13,135, 2017-03-04
38, Metallica ,120,29,38, 2017-03-04
39, Nicky Jam ,30,13,9, 2017-03-04
40, Steve Aoki ,46,13,6, 2017-03-04
41, Kodak Black ,120,13,9, 2017-03-04
42, Cardi B ,120,13,1, 2017-03-04
43, Marshmello ,40,13,20, 2017-03-04
44, DJ Morphius ,24,13,3, 2017-03-04
45, Bebe Rexha ,120,13,3, 2017-03-04
46, Sabrina Carpenter ,120,13,8, 2017-03-04
47, Little Mix ,29,13,125, 2017-03-04
48, Shakira ,36,13,320, 2017-03-04
49, Kygo ,120,13,1, 2017-03-04
50, John Legend ,120,13,9, 2017-03-04
1, BTS ,1,13,18, 2017-02-25
2, Lady Gaga ,39,1,319, 2017-02-25
3, Ariana Grande ,2,13,221, 2017-02-25
4, Beyonce ,8,1,318, 2017-02-25
5, Selena Gomez ,4,13,321, 2017-02-25
6, Zayn ,11,13,53, 2017-02-25
7, Louis Tomlinson ,19,13,8, 2017-02-25
8, Drake ,6,13,300, 2017-02-25
9, Maluma ,18,13,17, 2017-02-25
10, Taylor Swift ,12,1,325, 2017-02-25
11, Nicki Minaj ,15,13,320, 2017-02-25
12, Justin Bieber ,14,1,325, 2017-02-25
13, Chris Brown ,10,13,296, 2017-02-25
14, Zendaya ,21,13,131, 2017-02-25
15, Big Sean ,120,13,28, 2017-02-25
16, Jennifer Lopez ,13,13,310, 2017-02-25
17, The Weeknd ,33,13,73, 2017-02-25
18, Demi Lovato ,29,13,314, 2017-02-25
19, Ed Sheeran ,5,3,110, 2017-02-25
20, Rihanna ,3,1,314, 2017-02-25
21, Lali ,25,13,35, 2017-02-25
22, Chance The Rapper ,120,13,21, 2017-02-25
23, Lauren Jauregui ,9,13,10, 2017-02-25
24, DJ Morphius ,27,13,2, 2017-02-25
25, Snoop Dogg ,20,13,287, 2017-02-25
26, Shawn Mendes ,7,13,112, 2017-02-25
27, Katy Perry ,120,1,321, 2017-02-25
28, CL ,120,17,5, 2017-02-25
29, Little Mix ,41,13,124, 2017-02-25
30, Nicky Jam ,45,13,8, 2017-02-25
31, Camila Cabello ,17,13,55, 2017-02-25
32, Mario Bautista ,23,13,36, 2017-02-25
33, Miley Cyrus ,22,1,253, 2017-02-25
34, Dulce Maria ,24,7,24, 2017-02-25
35, J Balvin ,42,13,15, 2017-02-25
36, Shakira ,36,13,319, 2017-02-25
37, twenty one pilots ,37,13,43, 2017-02-25
38, Britney Spears ,35,2,276, 2017-02-25
39, The Chainsmokers ,26,13,27, 2017-02-25
40, Marshmello ,48,13,19, 2017-02-25
41, Niall Horan ,16,13,20, 2017-02-25
42, Lucy Hale ,46,13,134, 2017-02-25
43, Martin Garrix ,30,13,135, 2017-02-25
44, Anitta ,120,13,17, 2017-02-25
45, Conor Maynard ,120,13,5, 2017-02-25
46, Steve Aoki ,43,13,5, 2017-02-25
47, Liam Payne ,47,13,8, 2017-02-25
48, Wiz Khalifa ,32,13,310, 2017-02-25
49, Migos ,28,13,3, 2017-02-25
50, Jacob Sartorius ,40,13,36, 2017-02-25
1, BTS ,1,13,17, 2017-02-18
2, Ariana Grande ,2,13,220, 2017-02-18
3, Rihanna ,6,1,313, 2017-02-18
4, Selena Gomez ,120,13,320, 2017-02-18
5, Ed Sheeran ,12,3,109, 2017-02-18
6, Drake ,36,13,299, 2017-02-18
7, Shawn Mendes ,11,13,111, 2017-02-18
8, Beyonce ,34,1,317, 2017-02-18
9, Lauren Jauregui ,4,13,9, 2017-02-18
10, Chris Brown ,27,13,295, 2017-02-18
11, Zayn ,24,13,52, 2017-02-18
12, Taylor Swift ,28,1,324, 2017-02-18
13, Jennifer Lopez ,5,13,309, 2017-02-18
14, Justin Bieber ,15,1,324, 2017-02-18
15, Nicki Minaj ,120,13,319, 2017-02-18
16, Niall Horan ,42,13,19, 2017-02-18
17, Camila Cabello ,14,13,54, 2017-02-18
18, Maluma ,10,13,16, 2017-02-18
19, Louis Tomlinson ,8,13,7, 2017-02-18
20, Snoop Dogg ,17,13,286, 2017-02-18
21, Zendaya ,7,13,130, 2017-02-18
22, Miley Cyrus ,3,1,252, 2017-02-18
23, Mario Bautista ,20,13,35, 2017-02-18
24, Dulce Maria ,46,7,23, 2017-02-18
25, Lali ,9,13,34, 2017-02-18
26, The Chainsmokers ,25,13,26, 2017-02-18
27, DJ Morphius ,120,13,1, 2017-02-18
28, Migos ,120,13,2, 2017-02-18
29, Demi Lovato ,13,13,313, 2017-02-18
30, Martin Garrix ,37,13,134, 2017-02-18
31, Kodak Black ,120,13,8, 2017-02-18
32, Wiz Khalifa ,41,13,309, 2017-02-18
33, The Weeknd ,19,13,72, 2017-02-18
34, TAEYEON ,16,13,4, 2017-02-18
35, Britney Spears ,23,2,275, 2017-02-18
36, Shakira ,18,13,318, 2017-02-18
37, twenty one pilots ,39,13,42, 2017-02-18
38, CNCO ,120,13,1, 2017-02-18
39, Lady Gaga ,47,1,318, 2017-02-18
40, Jacob Sartorius ,26,13,35, 2017-02-18
41, Little Mix ,22,13,123, 2017-02-18
42, J Balvin ,33,13,14, 2017-02-18
43, Steve Aoki ,29,13,4, 2017-02-18
44, Red Velvet ,120,13,1, 2017-02-18
45, Nicky Jam ,21,13,7, 2017-02-18
46, Lucy Hale ,120,13,133, 2017-02-18
47, Liam Payne ,120,13,7, 2017-02-18
48, Marshmello ,40,13,18, 2017-02-18
49, Luan Santana ,120,13,21, 2017-02-18
50, Kanye West ,120,2,93, 2017-02-18
1, BTS ,1,13,16, 2017-02-11
2, Ariana Grande ,2,13,219, 2017-02-11
3, Miley Cyrus ,3,1,251, 2017-02-11
4, Lauren Jauregui ,13,13,8, 2017-02-11
5, Jennifer Lopez ,6,13,308, 2017-02-11
6, Rihanna ,26,1,312, 2017-02-11
7, Zendaya ,9,13,129, 2017-02-11
8, Louis Tomlinson ,24,13,6, 2017-02-11
9, Lali ,10,13,33, 2017-02-11
10, Maluma ,14,13,15, 2017-02-11
11, Shawn Mendes ,8,13,110, 2017-02-11
12, Ed Sheeran ,5,3,108, 2017-02-11
13, Demi Lovato ,12,13,312, 2017-02-11
14, Camila Cabello ,48,13,53, 2017-02-11
15, Justin Bieber ,4,1,323, 2017-02-11
16, TAEYEON ,31,13,3, 2017-02-11
17, Snoop Dogg ,120,13,285, 2017-02-11
18, Shakira ,36,13,317, 2017-02-11
19, The Weeknd ,7,13,71, 2017-02-11
20, Mario Bautista ,18,13,34, 2017-02-11
21, Nicky Jam ,20,13,6, 2017-02-11
22, Little Mix ,29,13,122, 2017-02-11
23, Britney Spears ,120,2,274, 2017-02-11
24, Zayn ,23,13,51, 2017-02-11
25, The Chainsmokers ,120,13,25, 2017-02-11
26, Jacob Sartorius ,16,13,34, 2017-02-11
27, Chris Brown ,15,13,294, 2017-02-11
28, Taylor Swift ,22,1,323, 2017-02-11
29, Steve Aoki ,120,13,3, 2017-02-11
30, Katy Perry ,120,1,320, 2017-02-11
31, Fifth Harmony ,11,13,87, 2017-02-11
32, Halsey ,120,8,33, 2017-02-11
33, J Balvin ,35,13,13, 2017-02-11
34, Beyonce ,50,1,316, 2017-02-11
35, Big Sean ,120,13,27, 2017-02-11
36, Drake ,39,13,298, 2017-02-11
37, Martin Garrix ,32,13,133, 2017-02-11
38, Bruno Mars ,41,2,255, 2017-02-11
39, twenty one pilots ,30,13,41, 2017-02-11
40, Marshmello ,19,13,17, 2017-02-11
41, Wiz Khalifa ,40,13,308, 2017-02-11
42, Niall Horan ,27,13,18, 2017-02-11
43, Madonna ,120,13,37, 2017-02-11
44, Alicia Keys ,120,6,111, 2017-02-11
45, Melanie Martinez ,120,13,26, 2017-02-11
46, Dulce Maria ,17,7,22, 2017-02-11
47, Lady Gaga ,49,1,317, 2017-02-11
48, John Legend ,120,13,8, 2017-02-11
49, Troye Sivan ,44,13,78, 2017-02-11
50, Anitta ,28,13,16, 2017-02-11
1, BTS ,2,13,15, 2017-02-04
2, Ariana Grande ,1,13,218, 2017-02-04
3, Miley Cyrus ,16,1,250, 2017-02-04
4, Justin Bieber ,6,1,322, 2017-02-04
5, Ed Sheeran ,3,3,107, 2017-02-04
6, Jennifer Lopez ,23,13,307, 2017-02-04
7, The Weeknd ,13,13,70, 2017-02-04
8, Shawn Mendes ,10,13,109, 2017-02-04
9, Zendaya ,5,13,128, 2017-02-04
10, Lali ,12,13,32, 2017-02-04
11, Fifth Harmony ,24,13,86, 2017-02-04
12, Demi Lovato ,9,13,311, 2017-02-04
13, Lauren Jauregui ,45,13,7, 2017-02-04
14, Maluma ,11,13,14, 2017-02-04
15, Chris Brown ,4,13,293, 2017-02-04
16, Jacob Sartorius ,14,13,33, 2017-02-04
17, Dulce Maria ,120,7,21, 2017-02-04
18, Mario Bautista ,33,13,33, 2017-02-04
19, Marshmello ,15,13,16, 2017-02-04
20, Nicky Jam ,40,13,5, 2017-02-04
21, Selena Gomez ,7,13,319, 2017-02-04
22, Taylor Swift ,21,1,322, 2017-02-04
23, Zayn ,8,13,50, 2017-02-04
24, Louis Tomlinson ,120,13,5, 2017-02-04
25, Kodak Black ,38,13,7, 2017-02-04
26, Rihanna ,39,1,311, 2017-02-04
27, Niall Horan ,22,13,17, 2017-02-04
28, Anitta ,19,13,15, 2017-02-04
29, Little Mix ,120,13,121, 2017-02-04
30, twenty one pilots ,120,13,40, 2017-02-04
31, TAEYEON ,120,13,2, 2017-02-04
32, Martin Garrix ,31,13,132, 2017-02-04
33, Luis Fonsi ,120,13,1, 2017-02-04
34, BLACKPINK ,120,13,6, 2017-02-04
35, J Balvin ,26,13,12, 2017-02-04
36, Shakira ,17,13,316, 2017-02-04
37, DJ Snake ,120,13,7, 2017-02-04
38, Rae Sremmurd ,120,13,7, 2017-02-04
39, Drake ,20,13,297, 2017-02-04
40, Wiz Khalifa ,41,13,307, 2017-02-04
41, Bruno Mars ,35,2,254, 2017-02-04
42, Alan Walker ,47,13,5, 2017-02-04
43, One Direction ,120,13,254, 2017-02-04
44, Troye Sivan ,120,13,77, 2017-02-04
45, Bebe Rexha ,28,13,2, 2017-02-04
46, A$AP Rocky ,120,13,3, 2017-02-04
47, Sia ,46,13,6, 2017-02-04
48, Camila Cabello ,18,13,52, 2017-02-04
49, Lady Gaga ,27,1,316, 2017-02-04
50, Beyonce ,120,1,315, 2017-02-04
1, Ariana Grande ,2,13,217, 2017-01-28
2, BTS ,1,13,14, 2017-01-28
3, Ed Sheeran ,5,3,106, 2017-01-28
4, Chris Brown ,4,13,292, 2017-01-28
5, Zendaya ,30,13,127, 2017-01-28
6, Justin Bieber ,9,1,321, 2017-01-28
7, Selena Gomez ,38,13,318, 2017-01-28
8, Zayn ,11,13,49, 2017-01-28
9, Demi Lovato ,48,13,310, 2017-01-28
10, Shawn Mendes ,7,13,108, 2017-01-28
11, Maluma ,19,13,13, 2017-01-28
12, Lali ,15,13,31, 2017-01-28
13, The Weeknd ,37,13,69, 2017-01-28
14, Jacob Sartorius ,16,13,32, 2017-01-28
15, Marshmello ,34,13,15, 2017-01-28
16, Miley Cyrus ,3,1,249, 2017-01-28
17, Shakira ,8,13,315, 2017-01-28
18, Camila Cabello ,13,13,51, 2017-01-28
19, Anitta ,120,13,14, 2017-01-28
20, Drake ,12,13,296, 2017-01-28
21, Taylor Swift ,35,1,321, 2017-01-28
22, Niall Horan ,10,13,16, 2017-01-28
23, Jennifer Lopez ,21,13,306, 2017-01-28
24, Fifth Harmony ,29,13,85, 2017-01-28
25, Lucy Hale ,17,13,132, 2017-01-28
26, J Balvin ,28,13,11, 2017-01-28
27, Lady Gaga ,120,1,315, 2017-01-28
28, Bebe Rexha ,120,13,1, 2017-01-28
29, The Chainsmokers ,33,13,24, 2017-01-28
30, Katy Perry ,43,1,319, 2017-01-28
31, Martin Garrix ,32,13,131, 2017-01-28
32, Migos ,120,13,1, 2017-01-28
33, Mario Bautista ,24,13,32, 2017-01-28
34, Soulja Boy ,25,13,27, 2017-01-28
35, Bruno Mars ,41,2,253, 2017-01-28
36, Liam Payne ,120,13,6, 2017-01-28
37, Timati ,120,13,20, 2017-01-28
38, Kodak Black ,23,13,6, 2017-01-28
39, Rihanna ,20,1,310, 2017-01-28
40, Nicky Jam ,120,13,4, 2017-01-28
41, Wiz Khalifa ,36,13,306, 2017-01-28
42, Gucci Mane ,120,13,6, 2017-01-28
43, Meek Mill ,120,13,51, 2017-01-28
44, Madison Beer ,44,13,2, 2017-01-28
45, Lauren Jauregui ,18,13,6, 2017-01-28
46, Sia ,120,13,5, 2017-01-28
47, Alan Walker ,45,13,4, 2017-01-28
48, Sabrina Carpenter ,120,13,7, 2017-01-28
49, Jacob Whitesides ,120,13,47, 2017-01-28
50, Wesley Safadao ,46,13,5, 2017-01-28
1, BTS ,1,13,13, 2017-01-21
2, Ariana Grande ,2,13,216, 2017-01-21
3, Miley Cyrus ,4,1,248, 2017-01-21
4, Chris Brown ,9,13,291, 2017-01-21
5, Ed Sheeran ,120,5,105, 2017-01-21
6, Nicki Minaj ,25,13,318, 2017-01-21
7, Shawn Mendes ,7,13,107, 2017-01-21
8, Shakira ,18,13,314, 2017-01-21
9, Justin Bieber ,5,1,320, 2017-01-21
10, Niall Horan ,21,13,15, 2017-01-21
11, Zayn ,50,13,48, 2017-01-21
12, Drake ,15,13,295, 2017-01-21
13, Camila Cabello ,14,13,50, 2017-01-21
14, Louis Tomlinson ,6,13,4, 2017-01-21
15, Lali ,17,13,30, 2017-01-21
16, Jacob Sartorius ,12,13,31, 2017-01-21
17, Lucy Hale ,23,13,131, 2017-01-21
18, Lauren Jauregui ,28,13,5, 2017-01-21
19, Maluma ,8,13,12, 2017-01-21
20, Rihanna ,30,1,309, 2017-01-21
21, Jennifer Lopez ,13,13,305, 2017-01-21
22, Snoop Dogg ,22,13,284, 2017-01-21
23, Kodak Black ,20,13,5, 2017-01-21
24, Mario Bautista ,11,13,31, 2017-01-21
25, Soulja Boy ,120,13,26, 2017-01-21
26, DJ Snake ,39,13,6, 2017-01-21
27, Mariah Carey ,120,19,67, 2017-01-21
28, J Balvin ,36,13,10, 2017-01-21
29, Fifth Harmony ,120,13,84, 2017-01-21
30, Zendaya ,38,13,126, 2017-01-21
31, Chance The Rapper ,120,13,20, 2017-01-21
32, Martin Garrix ,24,13,130, 2017-01-21
33, The Chainsmokers ,19,13,23, 2017-01-21
34, Marshmello ,27,13,14, 2017-01-21
35, Taylor Swift ,40,1,320, 2017-01-21
36, Wiz Khalifa ,120,13,305, 2017-01-21
37, The Weeknd ,16,13,68, 2017-01-21
38, Selena Gomez ,41,13,317, 2017-01-21
39, Halsey ,120,8,32, 2017-01-21
40, Dulce Maria ,120,7,20, 2017-01-21
41, Bruno Mars ,44,2,252, 2017-01-21
42, Britney Spears ,120,2,273, 2017-01-21
43, Katy Perry ,35,1,318, 2017-01-21
44, Madison Beer ,120,13,1, 2017-01-21
45, Alan Walker ,42,13,3, 2017-01-21
46, Wesley Safadao ,120,13,4, 2017-01-21
47, Adele ,29,1,234, 2017-01-21
48, Demi Lovato ,31,13,309, 2017-01-21
49, Alessandra Amoroso ,120,13,5, 2017-01-21
50, Lil Yachty ,120,13,3, 2017-01-21
1, BTS ,1,13,12, 2017-01-14
2, Ariana Grande ,3,13,215, 2017-01-14
3, George Michael ,120,3,1, 2017-01-14
4, Miley Cyrus ,8,1,247, 2017-01-14
5, Justin Bieber ,6,1,319, 2017-01-14
6, Louis Tomlinson ,13,13,3, 2017-01-14
7, Shawn Mendes ,2,13,106, 2017-01-14
8, Maluma ,21,13,11, 2017-01-14
9, Chris Brown ,14,13,290, 2017-01-14
10, Liam Payne ,4,13,5, 2017-01-14
11, Mario Bautista ,31,13,30, 2017-01-14
12, Jacob Sartorius ,26,13,30, 2017-01-14
13, Jennifer Lopez ,120,13,304, 2017-01-14
14, Camila Cabello ,5,13,49, 2017-01-14
15, Drake ,29,13,294, 2017-01-14
16, The Weeknd ,11,13,67, 2017-01-14
17, Lali ,7,13,29, 2017-01-14
18, Shakira ,15,13,313, 2017-01-14
19, The Chainsmokers ,25,13,22, 2017-01-14
20, Kodak Black ,19,13,4, 2017-01-14
21, Niall Horan ,10,13,14, 2017-01-14
22, Snoop Dogg ,20,13,283, 2017-01-14
23, Lucy Hale ,27,13,130, 2017-01-14
24, Martin Garrix ,22,13,129, 2017-01-14
25, Nicki Minaj ,50,13,317, 2017-01-14
26, Us The Duo ,120,13,4, 2017-01-14
27, Marshmello ,17,13,13, 2017-01-14
28, Lauren Jauregui ,23,13,4, 2017-01-14
29, Adele ,120,1,233, 2017-01-14
30, Rihanna ,35,1,308, 2017-01-14
31, Demi Lovato ,9,13,308, 2017-01-14
32, Pentatonix ,32,13,37, 2017-01-14
33, Anitta ,120,13,13, 2017-01-14
34, Little Mix ,39,13,120, 2017-01-14
35, Katy Perry ,120,1,317, 2017-01-14
36, J Balvin ,30,13,9, 2017-01-14
37, MattyB ,120,13,29, 2017-01-14
38, Zendaya ,24,13,125, 2017-01-14
39, DJ Snake ,37,13,5, 2017-01-14
40, Taylor Swift ,45,1,319, 2017-01-14
41, Selena Gomez ,16,13,316, 2017-01-14
42, Alan Walker ,120,13,2, 2017-01-14
43, One Direction ,120,13,253, 2017-01-14
44, Bruno Mars ,41,2,251, 2017-01-14
45, Lady Gaga ,40,1,314, 2017-01-14
46, BLACKPINK ,120,13,5, 2017-01-14
47, Calvin Harris ,120,13,61, 2017-01-14
48, Alessia Cara ,120,13,2, 2017-01-14
49, Nick Jonas ,120,13,36, 2017-01-14
50, Zayn ,18,13,47, 2017-01-14
1, BTS ,2,13,11, 2017-01-07
2, Shawn Mendes ,4,13,105, 2017-01-07
3, Ariana Grande ,1,13,214, 2017-01-07
4, Liam Payne ,46,13,4, 2017-01-07
5, Camila Cabello ,10,13,48, 2017-01-07
6, Justin Bieber ,12,1,318, 2017-01-07
7, Lali ,7,13,28, 2017-01-07
8, Miley Cyrus ,11,1,246, 2017-01-07
9, Demi Lovato ,23,13,307, 2017-01-07
10, Niall Horan ,5,13,13, 2017-01-07
11, The Weeknd ,20,13,66, 2017-01-07
12, Fifth Harmony ,22,13,83, 2017-01-07
13, Louis Tomlinson ,3,13,2, 2017-01-07
14, Chris Brown ,21,13,289, 2017-01-07
15, Shakira ,6,13,312, 2017-01-07
16, Selena Gomez ,120,13,315, 2017-01-07
17, Marshmello ,43,13,12, 2017-01-07
18, Zayn ,19,13,46, 2017-01-07
19, Kodak Black ,29,13,3, 2017-01-07
20, Snoop Dogg ,36,13,282, 2017-01-07
21, Maluma ,15,13,10, 2017-01-07
22, Martin Garrix ,16,13,128, 2017-01-07
23, Lauren Jauregui ,14,13,3, 2017-01-07
24, Zendaya ,28,13,124, 2017-01-07
25, The Chainsmokers ,31,13,21, 2017-01-07
26, Jacob Sartorius ,40,13,29, 2017-01-07
27, Lucy Hale ,50,13,129, 2017-01-07
28, Sabrina Carpenter ,47,13,6, 2017-01-07
29, Drake ,17,13,293, 2017-01-07
30, J Balvin ,38,13,8, 2017-01-07
31, Mario Bautista ,42,13,29, 2017-01-07
32, Pentatonix ,30,13,36, 2017-01-07
33, twenty one pilots ,120,13,39, 2017-01-07
34, Charlie Puth ,49,13,32, 2017-01-07
35, Rihanna ,34,1,307, 2017-01-07
36, Luan Santana ,120,13,20, 2017-01-07
37, DJ Snake ,120,13,4, 2017-01-07
38, Chance The Rapper ,120,13,19, 2017-01-07
39, Little Mix ,18,13,119, 2017-01-07
40, Lady Gaga ,35,1,313, 2017-01-07
41, Bruno Mars ,25,2,250, 2017-01-07
42, Steve Aoki ,13,13,2, 2017-01-07
43, TAEYEON ,120,13,1, 2017-01-07
44, Beyonce ,120,1,314, 2017-01-07
45, Taylor Swift ,8,1,318, 2017-01-07
46, Mariah Carey ,120,19,66, 2017-01-07
47, Jordyn Jones ,120,13,1, 2017-01-07
48, Wesley Safadao ,120,13,3, 2017-01-07
49, Nicky Jam ,120,13,3, 2017-01-07
50, Nicki Minaj ,9,13,316, 2017-01-07
1, Ariana Grande ,2,13,213, 2016-12-31
2, BTS ,1,13,10, 2016-12-31
3, Louis Tomlinson ,120,13,1, 2016-12-31
4, Shawn Mendes ,3,13,104, 2016-12-31
5, Niall Horan ,19,13,12, 2016-12-31
6, Shakira ,10,13,311, 2016-12-31
7, Lali ,4,13,27, 2016-12-31
8, Taylor Swift ,25,1,317, 2016-12-31
9, Nicki Minaj ,9,13,315, 2016-12-31
10, Camila Cabello ,11,13,47, 2016-12-31
11, Miley Cyrus ,14,1,245, 2016-12-31
12, Justin Bieber ,5,1,317, 2016-12-31
13, Steve Aoki ,120,13,1, 2016-12-31
14, Lauren Jauregui ,17,13,2, 2016-12-31
15, Maluma ,7,13,9, 2016-12-31
16, Martin Garrix ,22,13,127, 2016-12-31
17, Drake ,16,13,292, 2016-12-31
18, Little Mix ,21,13,118, 2016-12-31
19, Zayn ,120,13,45, 2016-12-31
20, The Weeknd ,6,13,65, 2016-12-31
21, Chris Brown ,30,13,288, 2016-12-31
22, Fifth Harmony ,26,13,82, 2016-12-31
23, Demi Lovato ,18,13,306, 2016-12-31
24, Normani Kordei ,120,24,1, 2016-12-31
25, Bruno Mars ,33,2,249, 2016-12-31
26, Kanye West ,120,2,92, 2016-12-31
27, Rae Sremmurd ,24,13,6, 2016-12-31
28, Zendaya ,35,13,123, 2016-12-31
29, Kodak Black ,12,13,2, 2016-12-31
30, Pentatonix ,41,13,35, 2016-12-31
31, The Chainsmokers ,15,13,20, 2016-12-31
32, Jennifer Lopez ,38,13,303, 2016-12-31
33, Wiz Khalifa ,20,13,304, 2016-12-31
34, Rihanna ,31,1,306, 2016-12-31
35, Lady Gaga ,8,1,312, 2016-12-31
36, Snoop Dogg ,34,13,281, 2016-12-31
37, Alan Walker ,120,13,1, 2016-12-31
38, J Balvin ,29,13,7, 2016-12-31
39, G-Eazy ,120,13,35, 2016-12-31
40, Jacob Sartorius ,28,13,28, 2016-12-31
41, Eminem ,40,13,261, 2016-12-31
42, Mario Bautista ,45,13,28, 2016-12-31
43, Marshmello ,36,13,11, 2016-12-31
44, Adele ,27,1,232, 2016-12-31
45, Timati ,46,13,19, 2016-12-31
46, Liam Payne ,120,13,3, 2016-12-31
47, Sabrina Carpenter ,44,13,5, 2016-12-31
48, J. Cole ,120,13,5, 2016-12-31
49, Charlie Puth ,120,13,31, 2016-12-31
50, Lucy Hale ,120,13,128, 2016-12-31
1, BTS ,1,13,9, 2016-12-24
2, Ariana Grande ,3,13,212, 2016-12-24
3, Shawn Mendes ,6,13,103, 2016-12-24
4, Lali ,10,13,26, 2016-12-24
5, Justin Bieber ,5,1,316, 2016-12-24
6, The Weeknd ,2,13,64, 2016-12-24
7, Maluma ,9,13,8, 2016-12-24
8, Lady Gaga ,26,1,311, 2016-12-24
9, Nicki Minaj ,8,13,314, 2016-12-24
10, Shakira ,12,13,310, 2016-12-24
11, Camila Cabello ,11,13,46, 2016-12-24
12, Kodak Black ,120,13,1, 2016-12-24
13, 5 Seconds Of Summer ,120,2,136, 2016-12-24
14, Miley Cyrus ,7,1,244, 2016-12-24
15, The Chainsmokers ,4,13,19, 2016-12-24
16, Drake ,28,13,291, 2016-12-24
17, Lauren Jauregui ,120,13,1, 2016-12-24
18, Demi Lovato ,33,13,305, 2016-12-24
19, Niall Horan ,18,13,11, 2016-12-24
20, Wiz Khalifa ,41,13,303, 2016-12-24
21, Little Mix ,21,13,117, 2016-12-24
22, Martin Garrix ,16,13,126, 2016-12-24
23, DJ Snake ,19,13,3, 2016-12-24
24, Rae Sremmurd ,23,13,5, 2016-12-24
25, Taylor Swift ,17,1,316, 2016-12-24
26, Fifth Harmony ,14,13,81, 2016-12-24
27, Adele ,35,1,231, 2016-12-24
28, Jacob Sartorius ,24,13,27, 2016-12-24
29, J Balvin ,29,13,6, 2016-12-24
30, Chris Brown ,25,13,287, 2016-12-24
31, Rihanna ,15,1,305, 2016-12-24
32, Alessandra Amoroso ,44,13,4, 2016-12-24
33, Bruno Mars ,31,2,248, 2016-12-24
34, Snoop Dogg ,30,13,280, 2016-12-24
35, Zendaya ,13,13,122, 2016-12-24
36, Marshmello ,120,13,10, 2016-12-24
37, Katy Perry ,38,1,316, 2016-12-24
38, Jennifer Lopez ,22,13,302, 2016-12-24
39, Selena Gomez ,27,13,314, 2016-12-24
40, Eminem ,49,13,260, 2016-12-24
41, Pentatonix ,40,13,34, 2016-12-24
42, Melanie Martinez ,120,13,25, 2016-12-24
43, Chance The Rapper ,120,13,18, 2016-12-24
44, Sabrina Carpenter ,120,13,4, 2016-12-24
45, Mario Bautista ,34,13,27, 2016-12-24
46, Timati ,120,13,18, 2016-12-24
47, Britney Spears ,47,2,272, 2016-12-24
48, Martina Stoessel ,46,13,3, 2016-12-24
49, Beyonce ,42,1,313, 2016-12-24
50, Maroon 5 ,120,13,165, 2016-12-24
1, BTS ,1,13,8, 2016-12-17
2, The Weeknd ,8,13,63, 2016-12-17
3, Ariana Grande ,2,13,211, 2016-12-17
4, The Chainsmokers ,9,13,18, 2016-12-17
5, Justin Bieber ,7,1,315, 2016-12-17
6, Shawn Mendes ,3,13,102, 2016-12-17
7, Miley Cyrus ,10,1,243, 2016-12-17
8, Nicki Minaj ,6,13,313, 2016-12-17
9, Maluma ,17,13,7, 2016-12-17
10, Lali ,18,13,25, 2016-12-17
11, Camila Cabello ,11,13,45, 2016-12-17
12, Shakira ,12,13,309, 2016-12-17
13, Zendaya ,30,13,121, 2016-12-17
14, Fifth Harmony ,19,13,80, 2016-12-17
15, Rihanna ,20,1,304, 2016-12-17
16, Martin Garrix ,44,13,125, 2016-12-17
17, Taylor Swift ,14,1,315, 2016-12-17
18, Niall Horan ,5,13,10, 2016-12-17
19, DJ Snake ,120,13,2, 2016-12-17
20, Liam Payne ,120,13,2, 2016-12-17
21, Little Mix ,16,13,116, 2016-12-17
22, Jennifer Lopez ,22,13,301, 2016-12-17
23, Rae Sremmurd ,34,13,4, 2016-12-17
24, Jacob Sartorius ,23,13,26, 2016-12-17
25, Chris Brown ,28,13,286, 2016-12-17
26, Lady Gaga ,15,1,310, 2016-12-17
27, Selena Gomez ,26,13,313, 2016-12-17
28, Drake ,13,13,290, 2016-12-17
29, J Balvin ,37,13,5, 2016-12-17
30, Snoop Dogg ,32,13,279, 2016-12-17
31, Bruno Mars ,21,2,247, 2016-12-17
32, Dulce Maria ,120,7,19, 2016-12-17
33, Demi Lovato ,120,13,304, 2016-12-17
34, Mario Bautista ,41,13,26, 2016-12-17
35, Adele ,27,1,230, 2016-12-17
36, Zayn ,4,13,44, 2016-12-17
37, twenty one pilots ,25,13,38, 2016-12-17
38, Katy Perry ,36,1,315, 2016-12-17
39, Gucci Mane ,38,13,5, 2016-12-17
40, Pentatonix ,50,13,33, 2016-12-17
41, Wiz Khalifa ,24,13,302, 2016-12-17
42, Beyonce ,33,1,312, 2016-12-17
43, Lucy Hale ,45,13,127, 2016-12-17
44, Alessandra Amoroso ,120,13,3, 2016-12-17
45, Nick Jonas ,120,13,35, 2016-12-17
46, Martina Stoessel ,120,13,2, 2016-12-17
47, Britney Spears ,31,2,271, 2016-12-17
48, CD9 ,120,13,10, 2016-12-17
49, Eminem ,48,13,259, 2016-12-17
50, Nicky Jam ,120,13,2, 2016-12-17
1, BTS ,2,13,7, 2016-12-10
2, Ariana Grande ,1,13,210, 2016-12-10
3, Shawn Mendes ,9,13,101, 2016-12-10
4, Zayn ,4,13,43, 2016-12-10
5, Niall Horan ,15,13,9, 2016-12-10
6, Nicki Minaj ,27,13,312, 2016-12-10
7, Justin Bieber ,3,1,314, 2016-12-10
8, The Weeknd ,16,13,62, 2016-12-10
9, The Chainsmokers ,18,13,17, 2016-12-10
10, Miley Cyrus ,7,1,242, 2016-12-10
11, Camila Cabello ,14,13,44, 2016-12-10
12, Shakira ,20,13,308, 2016-12-10
13, Drake ,10,13,289, 2016-12-10
14, Taylor Swift ,28,1,314, 2016-12-10
15, Lady Gaga ,26,1,309, 2016-12-10
16, Little Mix ,19,13,115, 2016-12-10
17, Maluma ,8,13,6, 2016-12-10
18, Lali ,12,13,24, 2016-12-10
19, Fifth Harmony ,31,13,79, 2016-12-10
20, Rihanna ,11,1,303, 2016-12-10
21, Bruno Mars ,33,2,246, 2016-12-10
22, Jennifer Lopez ,39,13,300, 2016-12-10
23, Jacob Sartorius ,34,13,25, 2016-12-10
24, Wiz Khalifa ,23,13,301, 2016-12-10
25, twenty one pilots ,13,13,37, 2016-12-10
26, Selena Gomez ,6,13,312, 2016-12-10
27, Adele ,29,1,229, 2016-12-10
28, Chris Brown ,24,13,285, 2016-12-10
29, Metallica ,41,29,37, 2016-12-10
30, Zendaya ,42,13,120, 2016-12-10
31, Britney Spears ,120,2,270, 2016-12-10
32, Snoop Dogg ,32,13,278, 2016-12-10
33, Beyonce ,46,1,311, 2016-12-10
34, Rae Sremmurd ,36,13,3, 2016-12-10
35, Lil Uzi Vert ,120,13,2, 2016-12-10
36, Katy Perry ,37,1,314, 2016-12-10
37, J Balvin ,35,13,4, 2016-12-10
38, Gucci Mane ,120,13,4, 2016-12-10
39, Marshmello ,44,13,9, 2016-12-10
40, Sabrina Carpenter ,48,13,3, 2016-12-10
41, Mario Bautista ,30,13,25, 2016-12-10
42, 21 Savage ,120,13,1, 2016-12-10
43, Halsey ,120,8,31, 2016-12-10
44, Martin Garrix ,17,13,124, 2016-12-10
45, Lucy Hale ,21,13,126, 2016-12-10
46, BLACKPINK ,47,13,4, 2016-12-10
47, Melanie Martinez ,40,13,24, 2016-12-10
48, Eminem ,120,13,258, 2016-12-10
49, Charlie Puth ,45,13,30, 2016-12-10
50, Pentatonix ,50,13,32, 2016-12-10
1, Ariana Grande ,2,13,209, 2016-12-03
2, BTS ,1,13,6, 2016-12-03
3, Justin Bieber ,5,1,313, 2016-12-03
4, Zayn ,7,13,42, 2016-12-03
5, Leonard Cohen ,120,13,1, 2016-12-03
6, Selena Gomez ,30,13,311, 2016-12-03
7, Miley Cyrus ,9,1,241, 2016-12-03
8, Maluma ,11,13,5, 2016-12-03
9, Shawn Mendes ,3,13,100, 2016-12-03
10, Drake ,17,13,288, 2016-12-03
11, Rihanna ,4,1,302, 2016-12-03
12, Lali ,13,13,23, 2016-12-03
13, twenty one pilots ,35,13,36, 2016-12-03
14, Camila Cabello ,49,13,43, 2016-12-03
15, Niall Horan ,15,13,8, 2016-12-03
16, The Weeknd ,31,13,61, 2016-12-03
17, Martin Garrix ,28,13,123, 2016-12-03
18, The Chainsmokers ,19,13,16, 2016-12-03
19, Little Mix ,29,13,114, 2016-12-03
20, Shakira ,26,13,307, 2016-12-03
21, Lucy Hale ,38,13,125, 2016-12-03
22, Dulce Maria ,34,7,18, 2016-12-03
23, Wiz Khalifa ,22,13,300, 2016-12-03
24, Chris Brown ,16,13,284, 2016-12-03
25, Demi Lovato ,18,13,303, 2016-12-03
26, Lady Gaga ,6,1,308, 2016-12-03
27, Nicki Minaj ,36,13,311, 2016-12-03
28, Taylor Swift ,12,1,313, 2016-12-03
29, Adele ,23,1,228, 2016-12-03
30, Mario Bautista ,50,13,24, 2016-12-03
31, Fifth Harmony ,27,13,78, 2016-12-03
32, Snoop Dogg ,20,13,277, 2016-12-03
33, Bruno Mars ,39,2,245, 2016-12-03
34, Jacob Sartorius ,25,13,24, 2016-12-03
35, J Balvin ,33,13,3, 2016-12-03
36, Rae Sremmurd ,37,13,2, 2016-12-03
37, Katy Perry ,14,1,313, 2016-12-03
38, Troye Sivan ,24,13,76, 2016-12-03
39, Jennifer Lopez ,32,13,299, 2016-12-03
40, Melanie Martinez ,120,13,23, 2016-12-03
41, Metallica ,120,29,36, 2016-12-03
42, Zendaya ,8,13,119, 2016-12-03
43, Coldplay ,120,9,170, 2016-12-03
44, Marshmello ,40,13,8, 2016-12-03
45, Charlie Puth ,47,13,29, 2016-12-03
46, Beyonce ,10,1,310, 2016-12-03
47, BLACKPINK ,21,13,3, 2016-12-03
48, Sabrina Carpenter ,46,13,2, 2016-12-03
49, Rick Ross ,120,47,2, 2016-12-03
50, Pentatonix ,120,13,31, 2016-12-03
1, BTS ,2,13,5, 2016-11-26
2, Ariana Grande ,1,13,208, 2016-11-26
3, Shawn Mendes ,3,13,99, 2016-11-26
4, Rihanna ,12,1,301, 2016-11-26
5, Justin Bieber ,6,1,312, 2016-11-26
6, Lady Gaga ,8,1,307, 2016-11-26
7, Zayn ,5,13,41, 2016-11-26
8, Zendaya ,32,13,118, 2016-11-26
9, Miley Cyrus ,11,1,240, 2016-11-26
10, Beyonce ,10,1,309, 2016-11-26
11, Maluma ,18,13,4, 2016-11-26
12, Taylor Swift ,7,1,312, 2016-11-26
13, Lali ,9,13,22, 2016-11-26
14, Katy Perry ,22,1,312, 2016-11-26
15, Niall Horan ,41,13,7, 2016-11-26
16, Chris Brown ,14,13,283, 2016-11-26
17, Drake ,34,13,287, 2016-11-26
18, Demi Lovato ,15,13,302, 2016-11-26
19, The Chainsmokers ,26,13,15, 2016-11-26
20, Snoop Dogg ,43,13,276, 2016-11-26
21, BLACKPINK ,19,13,2, 2016-11-26
22, Wiz Khalifa ,23,13,299, 2016-11-26
23, Adele ,17,1,227, 2016-11-26
24, Troye Sivan ,42,13,75, 2016-11-26
25, Jacob Sartorius ,21,13,23, 2016-11-26
26, Shakira ,13,13,306, 2016-11-26
27, Fifth Harmony ,29,13,77, 2016-11-26
28, Martin Garrix ,37,13,122, 2016-11-26
29, Little Mix ,28,13,113, 2016-11-26
30, Selena Gomez ,40,13,310, 2016-11-26
31, The Weeknd ,16,13,60, 2016-11-26
32, Jennifer Lopez ,24,13,298, 2016-11-26
33, J Balvin ,35,13,2, 2016-11-26
34, Dulce Maria ,20,7,17, 2016-11-26
35, twenty one pilots ,31,13,35, 2016-11-26
36, Nicki Minaj ,25,13,310, 2016-11-26
37, Rae Sremmurd ,120,13,1, 2016-11-26
38, Lucy Hale ,33,13,124, 2016-11-26
39, Bruno Mars ,46,2,244, 2016-11-26
40, Marshmello ,45,13,7, 2016-11-26
41, YG ,120,13,2, 2016-11-26
42, CL ,49,17,4, 2016-11-26
43, Alicia Keys ,120,6,110, 2016-11-26
44, Halsey ,36,8,30, 2016-11-26
45, PNL ,120,13,1, 2016-11-26
46, Sabrina Carpenter ,120,13,1, 2016-11-26
47, Charlie Puth ,48,13,28, 2016-11-26
48, Zara Larsson ,120,13,1, 2016-11-26
49, Camila Cabello ,30,13,42, 2016-11-26
50, Mario Bautista ,38,13,23, 2016-11-26
1, Ariana Grande ,1,13,207, 2016-11-19
2, BTS ,2,13,4, 2016-11-19
3, Shawn Mendes ,4,13,98, 2016-11-19
4, Justin Timberlake ,45,1,268, 2016-11-19
5, Zayn ,39,13,40, 2016-11-19
6, Justin Bieber ,9,1,311, 2016-11-19
7, Taylor Swift ,7,1,311, 2016-11-19
8, Lady Gaga ,6,1,306, 2016-11-19
9, Lali ,11,13,21, 2016-11-19
10, Beyonce ,27,1,308, 2016-11-19
11, Miley Cyrus ,5,1,239, 2016-11-19
12, Rihanna ,13,1,300, 2016-11-19
13, Shakira ,34,13,305, 2016-11-19
14, Chris Brown ,26,13,282, 2016-11-19
15, Demi Lovato ,28,13,301, 2016-11-19
16, The Weeknd ,40,13,59, 2016-11-19
17, Adele ,44,1,226, 2016-11-19
18, Maluma ,20,13,3, 2016-11-19
19, BLACKPINK ,120,13,1, 2016-11-19
20, Dulce Maria ,18,7,16, 2016-11-19
21, Jacob Sartorius ,22,13,22, 2016-11-19
22, Katy Perry ,23,1,311, 2016-11-19
23, Wiz Khalifa ,24,13,298, 2016-11-19
24, Jennifer Lopez ,33,13,297, 2016-11-19
25, Nicki Minaj ,19,13,309, 2016-11-19
26, The Chainsmokers ,15,13,14, 2016-11-19
27, Calvin Harris ,43,13,60, 2016-11-19
28, Little Mix ,8,13,112, 2016-11-19
29, Fifth Harmony ,29,13,76, 2016-11-19
30, Camila Cabello ,21,13,41, 2016-11-19
31, twenty one pilots ,37,13,34, 2016-11-19
32, Zendaya ,46,13,117, 2016-11-19
33, Lucy Hale ,14,13,123, 2016-11-19
34, Drake ,10,13,286, 2016-11-19
35, J Balvin ,120,13,1, 2016-11-19
36, Halsey ,120,8,29, 2016-11-19
37, Martin Garrix ,12,13,121, 2016-11-19
38, Mario Bautista ,41,13,22, 2016-11-19
39, Soulja Boy ,120,13,25, 2016-11-19
40, Selena Gomez ,31,13,309, 2016-11-19
41, Niall Horan ,3,13,6, 2016-11-19
42, Troye Sivan ,38,13,74, 2016-11-19
43, Snoop Dogg ,32,13,275, 2016-11-19
44, Luan Santana ,25,13,19, 2016-11-19
45, Marshmello ,120,13,6, 2016-11-19
46, Bruno Mars ,120,2,243, 2016-11-19
47, Pentatonix ,30,13,30, 2016-11-19
48, Charlie Puth ,120,13,27, 2016-11-19
49, CL ,120,17,3, 2016-11-19
50, Major Lazer ,120,13,14, 2016-11-19
1, Ariana Grande ,2,13,206, 2016-11-12
2, BTS ,1,13,3, 2016-11-12
3, Niall Horan ,21,13,5, 2016-11-12
4, Shawn Mendes ,8,13,97, 2016-11-12
5, Miley Cyrus ,20,1,238, 2016-11-12
6, Lady Gaga ,11,1,305, 2016-11-12
7, Taylor Swift ,23,1,310, 2016-11-12
8, Little Mix ,6,13,111, 2016-11-12
9, Justin Bieber ,5,1,310, 2016-11-12
10, Drake ,39,13,285, 2016-11-12
11, Lali ,10,13,20, 2016-11-12
12, Martin Garrix ,9,13,120, 2016-11-12
13, Rihanna ,4,1,299, 2016-11-12
14, Lucy Hale ,18,13,122, 2016-11-12
15, The Chainsmokers ,25,13,13, 2016-11-12
16, Eminem ,7,13,257, 2016-11-12
17, Liam Payne ,120,13,1, 2016-11-12
18, Dulce Maria ,22,7,15, 2016-11-12
19, Nicki Minaj ,3,13,308, 2016-11-12
20, Maluma ,120,13,2, 2016-11-12
21, Camila Cabello ,12,13,40, 2016-11-12
22, Jacob Sartorius ,24,13,21, 2016-11-12
23, Katy Perry ,28,1,310, 2016-11-12
24, Wiz Khalifa ,27,13,297, 2016-11-12
25, Luan Santana ,120,13,18, 2016-11-12
26, Chris Brown ,14,13,281, 2016-11-12
27, Beyonce ,13,1,307, 2016-11-12
28, Demi Lovato ,16,13,300, 2016-11-12
29, Fifth Harmony ,30,13,75, 2016-11-12
30, Pentatonix ,120,13,29, 2016-11-12
31, Selena Gomez ,19,13,308, 2016-11-12
32, Snoop Dogg ,33,13,274, 2016-11-12
33, Jennifer Lopez ,31,13,296, 2016-11-12
34, Shakira ,29,13,304, 2016-11-12
35, Britney Spears ,34,2,269, 2016-11-12
36, Anitta ,120,13,12, 2016-11-12
37, twenty one pilots ,44,13,33, 2016-11-12
38, Troye Sivan ,32,13,73, 2016-11-12
39, Zayn ,120,13,39, 2016-11-12
40, The Weeknd ,17,13,58, 2016-11-12
41, Mario Bautista ,38,13,21, 2016-11-12
42, Kanye West ,120,2,91, 2016-11-12
43, Calvin Harris ,120,13,59, 2016-11-12
44, Adele ,15,1,225, 2016-11-12
45, Justin Timberlake ,120,1,267, 2016-11-12
46, Zendaya ,26,13,116, 2016-11-12
47, Wesley Safadao ,45,13,2, 2016-11-12
48, 5 Seconds Of Summer ,120,2,135, 2016-11-12
49, Maroon 5 ,36,13,164, 2016-11-12
50, Nicky Jam ,120,13,1, 2016-11-12
1, BTS ,1,13,2, 2016-11-05
2, Ariana Grande ,2,13,205, 2016-11-05
3, Nicki Minaj ,11,13,307, 2016-11-05
4, Rihanna ,4,1,298, 2016-11-05
5, Justin Bieber ,6,1,309, 2016-11-05
6, Little Mix ,33,13,110, 2016-11-05
7, Eminem ,120,13,256, 2016-11-05
8, Shawn Mendes ,3,13,96, 2016-11-05
9, Martin Garrix ,27,13,119, 2016-11-05
10, Lali ,8,13,19, 2016-11-05
11, Lady Gaga ,24,1,304, 2016-11-05
12, Camila Cabello ,7,13,39, 2016-11-05
13, Beyonce ,9,1,306, 2016-11-05
14, Chris Brown ,16,13,280, 2016-11-05
15, Adele ,20,1,224, 2016-11-05
16, Demi Lovato ,13,13,299, 2016-11-05
17, The Weeknd ,26,13,57, 2016-11-05
18, Lucy Hale ,14,13,121, 2016-11-05
19, Selena Gomez ,21,13,307, 2016-11-05
20, Miley Cyrus ,18,1,237, 2016-11-05
21, Niall Horan ,10,13,4, 2016-11-05
22, Dulce Maria ,120,7,14, 2016-11-05
23, Taylor Swift ,35,1,309, 2016-11-05
24, Jacob Sartorius ,15,13,20, 2016-11-05
25, The Chainsmokers ,19,13,12, 2016-11-05
26, Zendaya ,23,13,115, 2016-11-05
27, Wiz Khalifa ,22,13,296, 2016-11-05
28, Katy Perry ,29,1,309, 2016-11-05
29, Shakira ,31,13,303, 2016-11-05
30, Fifth Harmony ,28,13,74, 2016-11-05
31, Jennifer Lopez ,30,13,295, 2016-11-05
32, Troye Sivan ,120,13,72, 2016-11-05
33, Snoop Dogg ,34,13,273, 2016-11-05
34, Britney Spears ,25,2,268, 2016-11-05
35, Martina Stoessel ,120,13,1, 2016-11-05
36, Maroon 5 ,120,13,163, 2016-11-05
37, Bob Dylan ,40,37,2, 2016-11-05
38, Mario Bautista ,36,13,20, 2016-11-05
39, Drake ,5,13,284, 2016-11-05
40, VIXX ,120,13,17, 2016-11-05
41, Conor Maynard ,120,13,4, 2016-11-05
42, Bruno Mars ,17,2,242, 2016-11-05
43, Chance The Rapper ,120,13,17, 2016-11-05
44, twenty one pilots ,32,13,32, 2016-11-05
45, Wesley Safadao ,120,13,1, 2016-11-05
46, Charlie Puth ,37,13,26, 2016-11-05
47, Victoria Justice ,120,13,26, 2016-11-05
48, Halsey ,45,8,28, 2016-11-05
49, Marshmello ,43,13,5, 2016-11-05
50, Meghan Trainor ,120,13,67, 2016-11-05
1, BTS ,120,13,1, 2016-10-29
2, Ariana Grande ,2,13,204, 2016-10-29
3, Shawn Mendes ,7,13,95, 2016-10-29
4, Rihanna ,5,1,297, 2016-10-29
5, Drake ,9,13,283, 2016-10-29
6, Justin Bieber ,4,1,308, 2016-10-29
7, Camila Cabello ,18,13,38, 2016-10-29
8, Lali ,6,13,18, 2016-10-29
9, Beyonce ,12,1,305, 2016-10-29
10, Niall Horan ,1,13,3, 2016-10-29
11, Nicki Minaj ,24,13,306, 2016-10-29
12, Zayn ,33,13,38, 2016-10-29
13, Demi Lovato ,3,13,298, 2016-10-29
14, Lucy Hale ,17,13,120, 2016-10-29
15, Jacob Sartorius ,15,13,19, 2016-10-29
16, Chris Brown ,23,13,279, 2016-10-29
17, Bruno Mars ,20,2,241, 2016-10-29
18, Miley Cyrus ,11,1,236, 2016-10-29
19, The Chainsmokers ,8,13,11, 2016-10-29
20, Adele ,16,1,223, 2016-10-29
21, Selena Gomez ,35,13,306, 2016-10-29
22, Wiz Khalifa ,22,13,295, 2016-10-29
23, Zendaya ,19,13,114, 2016-10-29
24, Lady Gaga ,13,1,303, 2016-10-29
25, Britney Spears ,25,2,267, 2016-10-29
26, The Weeknd ,10,13,56, 2016-10-29
27, Martin Garrix ,36,13,118, 2016-10-29
28, Fifth Harmony ,27,13,73, 2016-10-29
29, Katy Perry ,32,1,308, 2016-10-29
30, Jennifer Lopez ,26,13,294, 2016-10-29
31, Shakira ,40,13,302, 2016-10-29
32, twenty one pilots ,28,13,31, 2016-10-29
33, Little Mix ,120,13,109, 2016-10-29
34, Snoop Dogg ,31,13,272, 2016-10-29
35, Taylor Swift ,34,1,308, 2016-10-29
36, Mario Bautista ,21,13,19, 2016-10-29
37, Charlie Puth ,44,13,25, 2016-10-29
38, Ellie Goulding ,41,13,157, 2016-10-29
39, Justin Timberlake ,120,1,266, 2016-10-29
40, Bob Dylan ,120,40,1, 2016-10-29
41, Calvin Harris ,45,13,58, 2016-10-29
42, Alicia Keys ,120,6,109, 2016-10-29
43, Marshmello ,120,13,4, 2016-10-29
44, Timati ,120,13,17, 2016-10-29
45, Halsey ,120,8,27, 2016-10-29
46, 5 Seconds Of Summer ,14,2,134, 2016-10-29
47, Major Lazer ,29,13,13, 2016-10-29
48, The Vamps ,120,13,52, 2016-10-29
49, Becky G ,120,13,73, 2016-10-29
50, Enrique Iglesias ,48,13,192, 2016-10-29
1, Niall Horan ,1,13,2, 2016-10-22
2, Ariana Grande ,3,13,203, 2016-10-22
3, Demi Lovato ,12,13,297, 2016-10-22
4, Justin Bieber ,6,1,307, 2016-10-22
5, Rihanna ,5,1,296, 2016-10-22
6, Lali ,2,13,17, 2016-10-22
7, Shawn Mendes ,4,13,94, 2016-10-22
8, The Chainsmokers ,10,13,10, 2016-10-22
9, Drake ,8,13,282, 2016-10-22
10, The Weeknd ,7,13,55, 2016-10-22
11, Miley Cyrus ,9,1,235, 2016-10-22
12, Beyonce ,29,1,304, 2016-10-22
13, Lady Gaga ,24,1,302, 2016-10-22
14, 5 Seconds Of Summer ,17,2,133, 2016-10-22
15, Jacob Sartorius ,14,13,18, 2016-10-22
16, Adele ,19,1,222, 2016-10-22
17, Lucy Hale ,13,13,119, 2016-10-22
18, Camila Cabello ,11,13,37, 2016-10-22
19, Zendaya ,15,13,113, 2016-10-22
20, Bruno Mars ,120,2,240, 2016-10-22
21, Mario Bautista ,31,13,18, 2016-10-22
22, Wiz Khalifa ,23,13,294, 2016-10-22
23, Chris Brown ,20,13,278, 2016-10-22
24, Nicki Minaj ,33,13,305, 2016-10-22
25, Britney Spears ,21,2,266, 2016-10-22
26, Jennifer Lopez ,32,13,293, 2016-10-22
27, Fifth Harmony ,22,13,72, 2016-10-22
28, twenty one pilots ,26,13,30, 2016-10-22
29, Major Lazer ,39,13,12, 2016-10-22
30, Solange ,120,13,2, 2016-10-22
31, Snoop Dogg ,35,13,271, 2016-10-22
32, Katy Perry ,25,1,307, 2016-10-22
33, Zayn ,18,13,37, 2016-10-22
34, Taylor Swift ,45,1,307, 2016-10-22
35, Selena Gomez ,27,13,305, 2016-10-22
36, Martin Garrix ,28,13,117, 2016-10-22
37, Travis Scott ,120,13,9, 2016-10-22
38, Troye Sivan ,120,13,71, 2016-10-22
39, Chance The Rapper ,40,13,16, 2016-10-22
40, Shakira ,30,13,301, 2016-10-22
41, Ellie Goulding ,120,13,156, 2016-10-22
42, Eminem ,49,13,255, 2016-10-22
43, CD9 ,120,13,9, 2016-10-22
44, Charlie Puth ,37,13,24, 2016-10-22
45, Calvin Harris ,120,13,57, 2016-10-22
46, Dulce Maria ,42,7,13, 2016-10-22
47, Ricky Martin ,48,13,11, 2016-10-22
48, Enrique Iglesias ,120,13,191, 2016-10-22
49, Meek Mill ,120,13,50, 2016-10-22
50, Skrillex ,47,13,191, 2016-10-22
1, Niall Horan ,120,13,1, 2016-10-15
2, Lali ,2,13,16, 2016-10-15
3, Ariana Grande ,3,13,202, 2016-10-15
4, Shawn Mendes ,1,13,93, 2016-10-15
5, Rihanna ,11,1,295, 2016-10-15
6, Justin Bieber ,6,1,306, 2016-10-15
7, The Weeknd ,8,13,54, 2016-10-15
8, Drake ,5,13,281, 2016-10-15
9, Miley Cyrus ,4,1,234, 2016-10-15
10, The Chainsmokers ,48,13,9, 2016-10-15
11, Camila Cabello ,26,13,36, 2016-10-15
12, Demi Lovato ,7,13,296, 2016-10-15
13, Lucy Hale ,21,13,118, 2016-10-15
14, Jacob Sartorius ,23,13,17, 2016-10-15
15, Zendaya ,31,13,112, 2016-10-15
16, JJ Project ,120,13,1, 2016-10-15
17, 5 Seconds Of Summer ,16,1,132, 2016-10-15
18, Zayn ,49,13,36, 2016-10-15
19, Adele ,12,1,221, 2016-10-15
20, Chris Brown ,24,13,277, 2016-10-15
21, Britney Spears ,17,1,265, 2016-10-15
22, Fifth Harmony ,9,13,71, 2016-10-15
23, Wiz Khalifa ,28,13,293, 2016-10-15
24, Lady Gaga ,14,1,301, 2016-10-15
25, Katy Perry ,13,1,306, 2016-10-15
26, twenty one pilots ,35,13,29, 2016-10-15
27, Selena Gomez ,22,13,304, 2016-10-15
28, Martin Garrix ,19,13,116, 2016-10-15
29, Beyonce ,20,1,303, 2016-10-15
30, Shakira ,27,13,300, 2016-10-15
31, Mario Bautista ,18,13,17, 2016-10-15
32, Jennifer Lopez ,39,13,292, 2016-10-15
33, Nicki Minaj ,15,13,304, 2016-10-15
34, Metallica ,120,1,35, 2016-10-15
35, Snoop Dogg ,120,13,270, 2016-10-15
36, Justin Timberlake ,46,1,265, 2016-10-15
37, Charlie Puth ,32,13,23, 2016-10-15
38, Nick Jonas ,45,13,34, 2016-10-15
39, Major Lazer ,120,13,11, 2016-10-15
40, Chance The Rapper ,40,13,15, 2016-10-15
41, One Direction ,120,13,252, 2016-10-15
42, Dulce Maria ,44,7,12, 2016-10-15
43, Hailee Steinfeld ,120,13,4, 2016-10-15
44, Wisin ,120,13,1, 2016-10-15
45, Taylor Swift ,41,1,306, 2016-10-15
46, Marshmello ,43,13,3, 2016-10-15
47, Skrillex ,50,13,190, 2016-10-15
48, Ricky Martin ,120,13,10, 2016-10-15
49, Eminem ,120,13,254, 2016-10-15
50, Avril Lavigne ,120,1,210, 2016-10-15
1, Shawn Mendes ,1,13,92, 2016-10-08
2, Lali ,2,13,15, 2016-10-08
3, Ariana Grande ,3,13,201, 2016-10-08
4, Miley Cyrus ,10,1,233, 2016-10-08
5, Drake ,6,13,280, 2016-10-08
6, Justin Bieber ,5,1,305, 2016-10-08
7, Demi Lovato ,14,13,295, 2016-10-08
8, The Weeknd ,120,13,53, 2016-10-08
9, Fifth Harmony ,32,13,70, 2016-10-08
10, Daddy Yankee ,120,13,42, 2016-10-08
11, Rihanna ,15,1,294, 2016-10-08
12, Adele ,12,1,220, 2016-10-08
13, Katy Perry ,9,1,305, 2016-10-08
14, Lady Gaga ,8,1,300, 2016-10-08
15, Nicki Minaj ,23,13,303, 2016-10-08
16, 5 Seconds Of Summer ,25,1,131, 2016-10-08
17, Britney Spears ,19,1,264, 2016-10-08
18, Mario Bautista ,17,13,16, 2016-10-08
19, Martin Garrix ,29,13,115, 2016-10-08
20, Beyonce ,4,1,302, 2016-10-08
21, Lucy Hale ,33,13,117, 2016-10-08
22, Selena Gomez ,18,13,303, 2016-10-08
23, Jacob Sartorius ,26,13,16, 2016-10-08
24, Chris Brown ,7,13,276, 2016-10-08
25, Ellie Goulding ,41,13,155, 2016-10-08
26, Camila Cabello ,27,13,35, 2016-10-08
27, Shakira ,30,13,299, 2016-10-08
28, Wiz Khalifa ,24,13,292, 2016-10-08
29, Troye Sivan ,45,13,70, 2016-10-08
30, Little Mix ,120,13,108, 2016-10-08
31, Zendaya ,22,13,111, 2016-10-08
32, Charlie Puth ,31,13,22, 2016-10-08
33, Calvin Harris ,120,13,56, 2016-10-08
34, Panic! At The Disco ,120,13,7, 2016-10-08
35, twenty one pilots ,16,13,28, 2016-10-08
36, G-Eazy ,120,13,34, 2016-10-08
37, Alicia Keys ,120,1,108, 2016-10-08
38, Meghan Trainor ,46,13,66, 2016-10-08
39, Jennifer Lopez ,36,13,291, 2016-10-08
40, Chance The Rapper ,43,13,14, 2016-10-08
41, Taylor Swift ,21,1,305, 2016-10-08
42, Timati ,120,13,16, 2016-10-08
43, Marshmello ,40,13,2, 2016-10-08
44, Dulce Maria ,120,7,11, 2016-10-08
45, Nick Jonas ,38,13,33, 2016-10-08
46, Justin Timberlake ,39,1,264, 2016-10-08
47, CD9 ,120,13,8, 2016-10-08
48, The Chainsmokers ,13,13,8, 2016-10-08
49, Zayn ,28,13,35, 2016-10-08
50, Skrillex ,47,13,189, 2016-10-08
1, Shawn Mendes ,2,13,91, 2016-10-01
2, Lali ,4,13,14, 2016-10-01
3, Ariana Grande ,1,13,200, 2016-10-01
4, Beyonce ,11,1,301, 2016-10-01
5, Justin Bieber ,6,1,304, 2016-10-01
6, Drake ,7,13,279, 2016-10-01
7, Chris Brown ,35,13,275, 2016-10-01
8, Lady Gaga ,5,1,299, 2016-10-01
9, Katy Perry ,12,1,304, 2016-10-01
10, Miley Cyrus ,16,1,232, 2016-10-01
11, Kid Cudi ,120,11,6, 2016-10-01
12, Adele ,19,1,219, 2016-10-01
13, The Chainsmokers ,43,13,7, 2016-10-01
14, Demi Lovato ,9,13,294, 2016-10-01
15, Rihanna ,3,1,293, 2016-10-01
16, twenty one pilots ,27,13,27, 2016-10-01
17, Mario Bautista ,22,13,15, 2016-10-01
18, Selena Gomez ,26,13,302, 2016-10-01
19, Britney Spears ,32,1,263, 2016-10-01
20, Yma Sumac ,120,13,1, 2016-10-01
21, Taylor Swift ,10,1,304, 2016-10-01
22, Zendaya ,8,13,110, 2016-10-01
23, Nicki Minaj ,18,13,302, 2016-10-01
24, Wiz Khalifa ,20,13,291, 2016-10-01
25, 5 Seconds Of Summer ,17,1,130, 2016-10-01
26, Jacob Sartorius ,13,13,15, 2016-10-01
27, Camila Cabello ,29,13,34, 2016-10-01
28, Zayn ,14,13,34, 2016-10-01
29, Martin Garrix ,31,13,114, 2016-10-01
30, Shakira ,24,13,298, 2016-10-01
31, Charlie Puth ,34,13,21, 2016-10-01
32, Fifth Harmony ,30,13,69, 2016-10-01
33, Lucy Hale ,15,13,116, 2016-10-01
34, One Direction ,120,13,251, 2016-10-01
35, Mac Miller ,42,13,13, 2016-10-01
36, Jennifer Lopez ,44,13,290, 2016-10-01
37, Snoop Dogg ,46,13,269, 2016-10-01
38, Nick Jonas ,120,13,32, 2016-10-01
39, Justin Timberlake ,40,1,263, 2016-10-01
40, Marshmello ,120,13,1, 2016-10-01
41, Ellie Goulding ,37,13,154, 2016-10-01
42, Kanye West ,21,1,90, 2016-10-01
43, Chance The Rapper ,23,13,13, 2016-10-01
44, Austin Mahone ,120,13,154, 2016-10-01
45, Troye Sivan ,25,13,69, 2016-10-01
46, Meghan Trainor ,120,13,65, 2016-10-01
47, Skrillex ,36,13,188, 2016-10-01
48, Lana Del Rey ,120,13,108, 2016-10-01
49, Bea Miller ,120,13,28, 2016-10-01
50, Travis Scott ,38,13,8, 2016-10-01
1, Ariana Grande ,1,13,199, 2016-09-24
2, Shawn Mendes ,15,13,90, 2016-09-24
3, Rihanna ,6,1,292, 2016-09-24
4, Lali ,5,13,13, 2016-09-24
5, Lady Gaga ,120,1,298, 2016-09-24
6, Justin Bieber ,3,1,303, 2016-09-24
7, Drake ,9,13,278, 2016-09-24
8, Zendaya ,8,13,109, 2016-09-24
9, Demi Lovato ,7,13,293, 2016-09-24
10, Taylor Swift ,20,1,303, 2016-09-24
11, Beyonce ,2,1,300, 2016-09-24
12, Katy Perry ,23,1,303, 2016-09-24
13, Jacob Sartorius ,11,13,14, 2016-09-24
14, Zayn ,33,13,33, 2016-09-24
15, Lucy Hale ,12,13,115, 2016-09-24
16, Miley Cyrus ,14,1,231, 2016-09-24
17, 5 Seconds Of Summer ,16,1,129, 2016-09-24
18, Nicki Minaj ,4,13,301, 2016-09-24
19, Adele ,120,1,218, 2016-09-24
20, Wiz Khalifa ,17,13,290, 2016-09-24
21, Kanye West ,21,1,89, 2016-09-24
22, Mario Bautista ,28,13,14, 2016-09-24
23, Chance The Rapper ,31,13,12, 2016-09-24
24, Shakira ,44,13,297, 2016-09-24
25, Troye Sivan ,29,13,68, 2016-09-24
26, Selena Gomez ,13,13,301, 2016-09-24
27, twenty one pilots ,38,13,26, 2016-09-24
28, Jacob Whitesides ,45,13,46, 2016-09-24
29, Camila Cabello ,19,13,33, 2016-09-24
30, Fifth Harmony ,24,13,68, 2016-09-24
31, Martin Garrix ,22,13,113, 2016-09-24
32, Britney Spears ,18,1,262, 2016-09-24
33, Victoria Justice ,46,13,25, 2016-09-24
34, Charlie Puth ,40,13,20, 2016-09-24
35, Chris Brown ,10,13,274, 2016-09-24
36, Skrillex ,41,13,187, 2016-09-24
37, Ellie Goulding ,120,13,153, 2016-09-24
38, Travis Scott ,32,13,7, 2016-09-24
39, Major Lazer ,50,13,10, 2016-09-24
40, Justin Timberlake ,120,1,262, 2016-09-24
41, Sia ,120,13,4, 2016-09-24
42, Mac Miller ,120,13,12, 2016-09-24
43, The Chainsmokers ,42,13,6, 2016-09-24
44, Jennifer Lopez ,25,13,289, 2016-09-24
45, G-Eazy ,37,13,33, 2016-09-24
46, Snoop Dogg ,26,13,268, 2016-09-24
47, Halsey ,120,8,26, 2016-09-24
48, Tyga ,120,13,47, 2016-09-24
49, Teyana Taylor ,34,13,2, 2016-09-24
50, Lil Yachty ,120,13,2, 2016-09-24
1, Ariana Grande ,1,13,198, 2016-09-17
2, Beyonce ,9,1,299, 2016-09-17
3, Justin Bieber ,5,1,302, 2016-09-17
4, Nicki Minaj ,29,13,300, 2016-09-17
5, Lali ,3,13,12, 2016-09-17
6, Rihanna ,8,1,291, 2016-09-17
7, Demi Lovato ,12,13,292, 2016-09-17
8, Zendaya ,19,13,108, 2016-09-17
9, Drake ,4,13,277, 2016-09-17
10, Chris Brown ,50,13,273, 2016-09-17
11, Jacob Sartorius ,6,13,13, 2016-09-17
12, Lucy Hale ,18,13,114, 2016-09-17
13, Selena Gomez ,11,13,300, 2016-09-17
14, Miley Cyrus ,7,1,230, 2016-09-17
15, Shawn Mendes ,2,13,89, 2016-09-17
16, 5 Seconds Of Summer ,21,1,128, 2016-09-17
17, Wiz Khalifa ,17,13,289, 2016-09-17
18, Britney Spears ,15,1,261, 2016-09-17
19, Camila Cabello ,14,13,32, 2016-09-17
20, Taylor Swift ,13,1,302, 2016-09-17
21, Kanye West ,23,1,88, 2016-09-17
22, Martin Garrix ,16,13,112, 2016-09-17
23, Katy Perry ,25,1,302, 2016-09-17
24, Fifth Harmony ,26,13,67, 2016-09-17
25, Jennifer Lopez ,47,13,288, 2016-09-17
26, Snoop Dogg ,20,13,267, 2016-09-17
27, Juan Gabriel ,120,13,1, 2016-09-17
28, Mario Bautista ,10,13,13, 2016-09-17
29, Troye Sivan ,32,13,67, 2016-09-17
30, Coldplay ,28,1,169, 2016-09-17
31, Chance The Rapper ,120,13,11, 2016-09-17
32, Travi$ Scott ,120,13,6, 2016-09-17
33, Zayn ,40,13,32, 2016-09-17
34, Teyana Taylor ,120,13,1, 2016-09-17
35, Lil Wayne ,120,13,201, 2016-09-17
36, Nick Jonas ,120,13,31, 2016-09-17
37, G-Eazy ,30,13,32, 2016-09-17
38, twenty one pilots ,31,13,25, 2016-09-17
39, Alicia Keys ,120,1,107, 2016-09-17
40, Charlie Puth ,42,13,19, 2016-09-17
41, Skrillex ,33,13,186, 2016-09-17
42, The Chainsmokers ,22,13,5, 2016-09-17
43, Calvin Harris ,46,13,55, 2016-09-17
44, Shakira ,37,13,296, 2016-09-17
45, Jacob Whitesides ,120,13,45, 2016-09-17
46, Victoria Justice ,48,13,24, 2016-09-17
47, One Direction ,120,13,250, 2016-09-17
48, Future ,120,13,36, 2016-09-17
49, Sofia Carson ,120,13,4, 2016-09-17
50, Major Lazer ,44,13,9, 2016-09-17
1, Ariana Grande ,1,13,197, 2016-09-10
2, Shawn Mendes ,2,13,88, 2016-09-10
3, Lali ,9,13,11, 2016-09-10
4, Drake ,5,13,276, 2016-09-10
5, Justin Bieber ,6,1,301, 2016-09-10
6, Jacob Sartorius ,11,13,12, 2016-09-10
7, Miley Cyrus ,15,1,229, 2016-09-10
8, Rihanna ,7,1,290, 2016-09-10
9, Beyonce ,32,1,298, 2016-09-10
10, Mario Bautista ,4,13,12, 2016-09-10
11, Selena Gomez ,3,13,299, 2016-09-10
12, Demi Lovato ,8,13,291, 2016-09-10
13, Taylor Swift ,18,1,301, 2016-09-10
14, Camila Cabello ,20,13,31, 2016-09-10
15, Britney Spears ,26,1,260, 2016-09-10
16, Martin Garrix ,24,13,111, 2016-09-10
17, Wiz Khalifa ,13,13,288, 2016-09-10
18, Lucy Hale ,22,13,113, 2016-09-10
19, Zendaya ,33,13,107, 2016-09-10
20, Snoop Dogg ,21,13,266, 2016-09-10
21, 5 Seconds Of Summer ,12,1,127, 2016-09-10
22, The Chainsmokers ,30,13,4, 2016-09-10
23, Kanye West ,120,1,87, 2016-09-10
24, Laura Marano ,120,13,2, 2016-09-10
25, Katy Perry ,16,1,301, 2016-09-10
26, Fifth Harmony ,25,13,66, 2016-09-10
27, Melanie Martinez ,120,13,22, 2016-09-10
28, Coldplay ,120,1,168, 2016-09-10
29, Nicki Minaj ,41,13,299, 2016-09-10
30, G-Eazy ,44,13,31, 2016-09-10
31, twenty one pilots ,19,13,24, 2016-09-10
32, Troye Sivan ,27,13,66, 2016-09-10
33, Skrillex ,38,13,185, 2016-09-10
34, Austin Mahone ,35,13,153, 2016-09-10
35, Adele ,10,1,217, 2016-09-10
36, CD9 ,28,13,7, 2016-09-10
37, Shakira ,37,13,295, 2016-09-10
38, Justin Timberlake ,120,1,261, 2016-09-10
39, Lady Gaga ,23,1,297, 2016-09-10
40, Zayn ,45,13,31, 2016-09-10
41, VIXX ,34,13,16, 2016-09-10
42, Charlie Puth ,39,13,18, 2016-09-10
43, CL ,17,17,2, 2016-09-10
44, Major Lazer ,120,13,8, 2016-09-10
45, Lil Yachty ,120,13,1, 2016-09-10
46, Calvin Harris ,46,13,54, 2016-09-10
47, Jennifer Lopez ,40,13,287, 2016-09-10
48, Victoria Justice ,120,13,23, 2016-09-10
49, Ellie Goulding ,48,13,152, 2016-09-10
50, Chris Brown ,14,13,272, 2016-09-10
1, Ariana Grande ,2,13,196, 2016-09-03
2, Shawn Mendes ,4,13,87, 2016-09-03
3, Selena Gomez ,5,13,298, 2016-09-03
4, Mario Bautista ,3,13,11, 2016-09-03
5, Drake ,7,13,275, 2016-09-03
6, Justin Bieber ,1,1,300, 2016-09-03
7, Rihanna ,6,1,289, 2016-09-03
8, Demi Lovato ,11,13,290, 2016-09-03
9, Lali ,17,13,10, 2016-09-03
10, Adele ,27,1,216, 2016-09-03
11, Jacob Sartorius ,8,13,11, 2016-09-03
12, 5 Seconds Of Summer ,26,1,126, 2016-09-03
13, Wiz Khalifa ,14,13,287, 2016-09-03
14, Chris Brown ,120,13,271, 2016-09-03
15, Miley Cyrus ,15,1,228, 2016-09-03
16, Katy Perry ,16,1,300, 2016-09-03
17, CL ,120,17,1, 2016-09-03
18, Taylor Swift ,10,1,300, 2016-09-03
19, twenty one pilots ,19,13,23, 2016-09-03
20, Camila Cabello ,32,13,30, 2016-09-03
21, Snoop Dogg ,30,13,265, 2016-09-03
22, Lucy Hale ,34,13,112, 2016-09-03
23, Lady Gaga ,44,1,296, 2016-09-03
24, Martin Garrix ,25,13,110, 2016-09-03
25, Fifth Harmony ,21,13,65, 2016-09-03
26, Britney Spears ,13,1,259, 2016-09-03
27, Troye Sivan ,23,13,65, 2016-09-03
28, CD9 ,37,13,6, 2016-09-03
29, Metallica ,120,1,34, 2016-09-03
30, The Chainsmokers ,29,13,3, 2016-09-03
31, Little Mix ,120,13,107, 2016-09-03
32, Beyonce ,18,1,297, 2016-09-03
33, Zendaya ,31,13,106, 2016-09-03
34, VIXX ,46,13,15, 2016-09-03
35, Austin Mahone ,41,13,152, 2016-09-03
36, Eminem ,120,13,253, 2016-09-03
37, Shakira ,28,13,294, 2016-09-03
38, Skrillex ,33,13,184, 2016-09-03
39, Charlie Puth ,24,13,17, 2016-09-03
40, Jennifer Lopez ,20,13,286, 2016-09-03
41, Nicki Minaj ,38,13,298, 2016-09-03
42, One Direction ,35,13,249, 2016-09-03
43, Sofia Carson ,120,13,3, 2016-09-03
44, G-Eazy ,120,13,30, 2016-09-03
45, Zayn ,9,13,30, 2016-09-03
46, Calvin Harris ,120,13,53, 2016-09-03
47, Nick Jonas ,48,13,30, 2016-09-03
48, Ellie Goulding ,120,13,151, 2016-09-03
49, Madonna ,120,13,36, 2016-09-03
50, The Vamps ,120,13,51, 2016-09-03
1, Justin Bieber ,2,1,299, 2016-08-27
2, Ariana Grande ,1,13,195, 2016-08-27
3, Mario Bautista ,7,13,10, 2016-08-27
4, Shawn Mendes ,3,13,86, 2016-08-27
5, Selena Gomez ,6,13,297, 2016-08-27
6, Rihanna ,4,1,288, 2016-08-27
7, Drake ,5,13,274, 2016-08-27
8, Jacob Sartorius ,10,13,10, 2016-08-27
9, Zayn ,20,13,29, 2016-08-27
10, Taylor Swift ,23,1,299, 2016-08-27
11, Demi Lovato ,8,13,289, 2016-08-27
12, Chance The Rapper ,120,13,10, 2016-08-27
13, Britney Spears ,14,1,258, 2016-08-27
14, Wiz Khalifa ,12,13,286, 2016-08-27
15, Miley Cyrus ,13,1,227, 2016-08-27
16, Katy Perry ,9,1,299, 2016-08-27
17, Lali ,15,13,9, 2016-08-27
18, Beyonce ,38,1,296, 2016-08-27
19, twenty one pilots ,22,13,22, 2016-08-27
20, Jennifer Lopez ,42,13,285, 2016-08-27
21, Fifth Harmony ,18,13,64, 2016-08-27
22, Halsey ,39,8,25, 2016-08-27
23, Troye Sivan ,26,13,64, 2016-08-27
24, Charlie Puth ,17,13,16, 2016-08-27
25, Martin Garrix ,21,13,109, 2016-08-27
26, 5 Seconds Of Summer ,16,1,125, 2016-08-27
27, Adele ,19,1,215, 2016-08-27
28, Shakira ,29,13,293, 2016-08-27
29, The Chainsmokers ,120,13,2, 2016-08-27
30, Snoop Dogg ,37,13,264, 2016-08-27
31, Zendaya ,25,13,105, 2016-08-27
32, Camila Cabello ,11,13,29, 2016-08-27
33, Skrillex ,27,13,183, 2016-08-27
34, Lucy Hale ,28,13,111, 2016-08-27
35, One Direction ,40,13,248, 2016-08-27
36, Justin Timberlake ,120,1,260, 2016-08-27
37, CD9 ,24,13,5, 2016-08-27
38, Nicki Minaj ,120,13,297, 2016-08-27
39, Future ,120,13,35, 2016-08-27
40, Melanie Martinez ,50,13,21, 2016-08-27
41, Austin Mahone ,44,13,151, 2016-08-27
42, Victoria Justice ,33,13,22, 2016-08-27
43, Enrique Iglesias ,45,13,190, 2016-08-27
44, Lady Gaga ,35,1,295, 2016-08-27
45, PARTYNEXTDOOR ,120,43,2, 2016-08-27
46, VIXX ,30,13,14, 2016-08-27
47, Meghan Trainor ,32,13,64, 2016-08-27
48, Nick Jonas ,120,13,29, 2016-08-27
49, Travi$ Scott ,120,13,5, 2016-08-27
50, Conor Maynard ,49,13,3, 2016-08-27
1, Ariana Grande ,3,13,194, 2016-08-20
2, Justin Bieber ,1,1,298, 2016-08-20
3, Shawn Mendes ,4,13,85, 2016-08-20
4, Rihanna ,11,1,287, 2016-08-20
5, Drake ,6,13,273, 2016-08-20
6, Selena Gomez ,2,13,296, 2016-08-20
7, Mario Bautista ,16,13,9, 2016-08-20
8, Demi Lovato ,10,13,288, 2016-08-20
9, Katy Perry ,13,1,298, 2016-08-20
10, Jacob Sartorius ,9,13,9, 2016-08-20
11, Camila Cabello ,7,13,28, 2016-08-20
12, Wiz Khalifa ,28,13,285, 2016-08-20
13, Miley Cyrus ,20,1,226, 2016-08-20
14, Britney Spears ,39,1,257, 2016-08-20
15, Lali ,18,13,8, 2016-08-20
16, 5 Seconds Of Summer ,8,1,124, 2016-08-20
17, Charlie Puth ,47,13,15, 2016-08-20
18, Fifth Harmony ,12,13,63, 2016-08-20
19, Adele ,17,1,214, 2016-08-20
20, Zayn ,22,13,28, 2016-08-20
21, Martin Garrix ,27,13,108, 2016-08-20
22, twenty one pilots ,19,13,21, 2016-08-20
23, Taylor Swift ,15,1,298, 2016-08-20
24, CD9 ,33,13,4, 2016-08-20
25, Zendaya ,24,13,104, 2016-08-20
26, Troye Sivan ,21,13,63, 2016-08-20
27, Skrillex ,37,13,182, 2016-08-20
28, Lucy Hale ,25,13,110, 2016-08-20
29, Shakira ,48,13,292, 2016-08-20
30, VIXX ,120,13,13, 2016-08-20
31, Calvin Harris ,30,13,52, 2016-08-20
32, Meghan Trainor ,120,13,63, 2016-08-20
33, Victoria Justice ,120,13,21, 2016-08-20
34, Major Lazer ,23,13,7, 2016-08-20
35, Lady Gaga ,26,1,294, 2016-08-20
36, Eminem ,120,13,252, 2016-08-20
37, Snoop Dogg ,29,13,263, 2016-08-20
38, Beyonce ,5,1,295, 2016-08-20
39, Halsey ,31,8,24, 2016-08-20
40, One Direction ,36,13,247, 2016-08-20
41, 50 Cent ,120,13,150, 2016-08-20
42, Jennifer Lopez ,14,13,284, 2016-08-20
43, Avery Wilson ,46,13,23, 2016-08-20
44, Austin Mahone ,35,13,150, 2016-08-20
45, Enrique Iglesias ,45,13,189, 2016-08-20
46, Little Mix ,120,13,106, 2016-08-20
47, Panic! At The Disco ,120,13,6, 2016-08-20
48, Ellie Goulding ,44,13,150, 2016-08-20
49, Conor Maynard ,120,13,2, 2016-08-20
50, Melanie Martinez ,120,13,20, 2016-08-20
1, Justin Bieber ,1,1,297, 2016-08-13
2, Selena Gomez ,5,13,295, 2016-08-13
3, Ariana Grande ,2,13,193, 2016-08-13
4, Shawn Mendes ,3,13,84, 2016-08-13
5, Beyonce ,32,1,294, 2016-08-13
6, Drake ,17,13,272, 2016-08-13
7, Camila Cabello ,20,13,27, 2016-08-13
8, 5 Seconds Of Summer ,6,1,123, 2016-08-13
9, Jacob Sartorius ,13,13,8, 2016-08-13
10, Demi Lovato ,7,13,287, 2016-08-13
11, Rihanna ,15,1,286, 2016-08-13
12, Fifth Harmony ,16,13,62, 2016-08-13
13, Katy Perry ,12,1,297, 2016-08-13
14, Jennifer Lopez ,30,13,283, 2016-08-13
15, Taylor Swift ,9,1,297, 2016-08-13
16, Mario Bautista ,8,13,8, 2016-08-13
17, Adele ,14,1,213, 2016-08-13
18, Lali ,31,13,7, 2016-08-13
19, twenty one pilots ,22,13,20, 2016-08-13
20, Miley Cyrus ,26,1,225, 2016-08-13
21, Troye Sivan ,10,13,62, 2016-08-13
22, Zayn ,21,13,27, 2016-08-13
23, Major Lazer ,27,13,6, 2016-08-13
24, Zendaya ,19,13,103, 2016-08-13
25, Lucy Hale ,28,13,109, 2016-08-13
26, Lady Gaga ,29,1,293, 2016-08-13
27, Martin Garrix ,35,13,107, 2016-08-13
28, Wiz Khalifa ,25,13,284, 2016-08-13
29, Snoop Dogg ,23,13,262, 2016-08-13
30, Calvin Harris ,120,13,51, 2016-08-13
31, Halsey ,42,8,23, 2016-08-13
32, Nicki Minaj ,37,13,296, 2016-08-13
33, CD9 ,120,13,3, 2016-08-13
34, Kanye West ,120,1,86, 2016-08-13
35, Austin Mahone ,120,13,149, 2016-08-13
36, One Direction ,4,13,246, 2016-08-13
37, Skrillex ,47,13,181, 2016-08-13
38, G-Eazy ,49,13,29, 2016-08-13
39, Britney Spears ,24,1,256, 2016-08-13
40, Chris Brown ,11,13,270, 2016-08-13
41, Coldplay ,46,1,167, 2016-08-13
42, Nick Jonas ,38,13,28, 2016-08-13
43, Justin Timberlake ,41,1,259, 2016-08-13
44, Ellie Goulding ,33,13,149, 2016-08-13
45, Enrique Iglesias ,120,13,188, 2016-08-13
46, Avery Wilson ,40,13,22, 2016-08-13
47, Charlie Puth ,34,13,14, 2016-08-13
48, Shakira ,36,13,291, 2016-08-13
49, Joe Jonas ,120,13,2, 2016-08-13
50, Lana Del Rey ,120,13,107, 2016-08-13
1, Justin Bieber ,1,1,296, 2016-08-06
2, Ariana Grande ,6,13,192, 2016-08-06
3, Shawn Mendes ,3,13,83, 2016-08-06
4, One Direction ,26,13,245, 2016-08-06
5, Selena Gomez ,8,13,294, 2016-08-06
6, 5 Seconds Of Summer ,2,1,122, 2016-08-06
7, Demi Lovato ,11,13,286, 2016-08-06
8, Mario Bautista ,4,13,7, 2016-08-06
9, Taylor Swift ,13,1,296, 2016-08-06
10, Troye Sivan ,34,13,61, 2016-08-06
11, Chris Brown ,10,13,269, 2016-08-06
12, Katy Perry ,5,1,296, 2016-08-06
13, Jacob Sartorius ,7,13,7, 2016-08-06
14, Adele ,21,1,212, 2016-08-06
15, Rihanna ,15,1,285, 2016-08-06
16, Fifth Harmony ,20,13,61, 2016-08-06
17, Drake ,27,13,271, 2016-08-06
18, My Chemical Romance ,120,13,23, 2016-08-06
19, Zendaya ,18,13,102, 2016-08-06
20, Camila Cabello ,19,13,26, 2016-08-06
21, Zayn ,14,13,26, 2016-08-06
22, twenty one pilots ,23,13,19, 2016-08-06
23, Snoop Dogg ,22,13,261, 2016-08-06
24, Britney Spears ,16,1,255, 2016-08-06
25, Wiz Khalifa ,9,13,283, 2016-08-06
26, Miley Cyrus ,24,1,224, 2016-08-06
27, Major Lazer ,120,13,5, 2016-08-06
28, Lucy Hale ,28,13,108, 2016-08-06
29, Lady Gaga ,41,1,292, 2016-08-06
30, Jennifer Lopez ,25,13,282, 2016-08-06
31, Lali ,44,13,6, 2016-08-06
32, Beyonce ,17,1,293, 2016-08-06
33, Ellie Goulding ,120,13,148, 2016-08-06
34, Charlie Puth ,120,13,13, 2016-08-06
35, Martin Garrix ,29,13,106, 2016-08-06
36, Shakira ,31,13,290, 2016-08-06
37, Nicki Minaj ,33,13,295, 2016-08-06
38, Nick Jonas ,48,13,27, 2016-08-06
39, Gucci Mane ,120,13,3, 2016-08-06
40, Avery Wilson ,40,13,21, 2016-08-06
41, Justin Timberlake ,120,1,258, 2016-08-06
42, Halsey ,120,8,22, 2016-08-06
43, John Legend ,120,13,7, 2016-08-06
44, Timati ,120,13,15, 2016-08-06
45, Jacob Whitesides ,50,13,44, 2016-08-06
46, Coldplay ,120,1,166, 2016-08-06
47, Skrillex ,120,13,180, 2016-08-06
48, 50 Cent ,46,13,149, 2016-08-06
49, G-Eazy ,30,13,28, 2016-08-06
50, Meghan Trainor ,49,13,62, 2016-08-06
1, Justin Bieber ,1,1,295, 2016-07-30
2, 5 Seconds Of Summer ,15,1,121, 2016-07-30
3, Shawn Mendes ,5,13,82, 2016-07-30
4, Mario Bautista ,2,13,6, 2016-07-30
5, Katy Perry ,26,1,295, 2016-07-30
6, Ariana Grande ,4,13,191, 2016-07-30
7, Jacob Sartorius ,8,13,6, 2016-07-30
8, Selena Gomez ,6,13,293, 2016-07-30
9, Wiz Khalifa ,19,13,282, 2016-07-30
10, Chris Brown ,11,13,268, 2016-07-30
11, Demi Lovato ,17,13,285, 2016-07-30
12, Calvin Harris ,30,13,50, 2016-07-30
13, Taylor Swift ,3,1,295, 2016-07-30
14, Zayn ,12,13,25, 2016-07-30
15, Rihanna ,13,1,284, 2016-07-30
16, Britney Spears ,36,1,254, 2016-07-30
17, Beyonce ,9,1,292, 2016-07-30
18, Zendaya ,32,13,101, 2016-07-30
19, Camila Cabello ,7,13,25, 2016-07-30
20, Fifth Harmony ,10,13,60, 2016-07-30
21, Adele ,38,1,211, 2016-07-30
22, Snoop Dogg ,16,13,260, 2016-07-30
23, twenty one pilots ,24,13,18, 2016-07-30
24, Miley Cyrus ,20,1,223, 2016-07-30
25, Jennifer Lopez ,22,13,281, 2016-07-30
26, One Direction ,33,13,244, 2016-07-30
27, Drake ,27,13,270, 2016-07-30
28, Lucy Hale ,34,13,107, 2016-07-30
29, Martin Garrix ,29,13,105, 2016-07-30
30, G-Eazy ,42,13,27, 2016-07-30
31, Shakira ,25,13,289, 2016-07-30
32, Kanye West ,120,1,85, 2016-07-30
33, Nicki Minaj ,14,13,294, 2016-07-30
34, Troye Sivan ,21,13,60, 2016-07-30
35, Enrique Iglesias ,120,13,187, 2016-07-30
36, Ciara ,28,13,49, 2016-07-30
37, Little Mix ,45,13,105, 2016-07-30
38, Prince Royce ,120,13,76, 2016-07-30
39, Becky G ,120,13,72, 2016-07-30
40, Avery Wilson ,46,13,20, 2016-07-30
41, Lady Gaga ,120,1,291, 2016-07-30
42, Chance The Rapper ,41,13,9, 2016-07-30
43, Future ,44,13,34, 2016-07-30
44, Lali ,48,13,5, 2016-07-30
45, Sofia Carson ,120,13,2, 2016-07-30
46, 50 Cent ,49,13,148, 2016-07-30
47, Panic! At The Disco ,120,13,5, 2016-07-30
48, Nick Jonas ,120,13,26, 2016-07-30
49, Meghan Trainor ,35,13,61, 2016-07-30
50, Jacob Whitesides ,18,13,43, 2016-07-30
1, Justin Bieber ,1,1,294, 2016-07-23
2, Mario Bautista ,16,13,5, 2016-07-23
3, Taylor Swift ,21,1,294, 2016-07-23
4, Ariana Grande ,3,13,190, 2016-07-23
5, Shawn Mendes ,14,13,81, 2016-07-23
6, Selena Gomez ,10,13,292, 2016-07-23
7, Camila Cabello ,7,13,24, 2016-07-23
8, Jacob Sartorius ,9,13,5, 2016-07-23
9, Beyonce ,4,1,291, 2016-07-23
10, Fifth Harmony ,17,13,59, 2016-07-23
11, Chris Brown ,11,13,267, 2016-07-23
12, Zayn ,12,13,24, 2016-07-23
13, Rihanna ,5,1,283, 2016-07-23
14, Nicki Minaj ,6,13,293, 2016-07-23
15, 5 Seconds Of Summer ,15,1,120, 2016-07-23
16, Snoop Dogg ,29,13,259, 2016-07-23
17, Demi Lovato ,2,13,284, 2016-07-23
18, Jacob Whitesides ,49,13,42, 2016-07-23
19, Wiz Khalifa ,8,13,281, 2016-07-23
20, Miley Cyrus ,18,1,222, 2016-07-23
21, Troye Sivan ,26,13,59, 2016-07-23
22, Jennifer Lopez ,36,13,280, 2016-07-23
23, John Legend ,120,13,6, 2016-07-23
24, twenty one pilots ,23,13,17, 2016-07-23
25, Shakira ,20,13,288, 2016-07-23
26, Katy Perry ,27,1,294, 2016-07-23
27, Drake ,13,13,269, 2016-07-23
28, Ciara ,120,13,48, 2016-07-23
29, Martin Garrix ,25,13,104, 2016-07-23
30, Calvin Harris ,24,13,49, 2016-07-23
31, The Weeknd ,120,13,52, 2016-07-23
32, Zendaya ,28,13,100, 2016-07-23
33, One Direction ,33,13,243, 2016-07-23
34, Lucy Hale ,19,13,106, 2016-07-23
35, Meghan Trainor ,42,13,60, 2016-07-23
36, Britney Spears ,31,1,253, 2016-07-23
37, Justin Timberlake ,50,1,257, 2016-07-23
38, Adele ,22,1,210, 2016-07-23
39, Halsey ,37,8,21, 2016-07-23
40, Fergie ,120,13,1, 2016-07-23
41, Chance The Rapper ,120,13,8, 2016-07-23
42, G-Eazy ,30,13,26, 2016-07-23
43, YG ,120,13,1, 2016-07-23
44, Future ,120,13,33, 2016-07-23
45, Little Mix ,120,13,104, 2016-07-23
46, Avery Wilson ,35,13,19, 2016-07-23
47, David Guetta ,120,13,218, 2016-07-23
48, Lali ,39,13,4, 2016-07-23
49, 50 Cent ,120,13,147, 2016-07-23
50, Coldplay ,48,1,165, 2016-07-23
1, Justin Bieber ,1,1,293, 2016-07-16
2, Demi Lovato ,5,13,283, 2016-07-16
3, Ariana Grande ,3,13,189, 2016-07-16
4, Beyonce ,10,1,290, 2016-07-16
5, Rihanna ,7,1,282, 2016-07-16
6, Nicki Minaj ,17,13,292, 2016-07-16
7, Camila Cabello ,13,13,23, 2016-07-16
8, Wiz Khalifa ,14,13,280, 2016-07-16
9, Jacob Sartorius ,9,13,4, 2016-07-16
10, Selena Gomez ,2,13,291, 2016-07-16
11, Chris Brown ,11,13,266, 2016-07-16
12, Zayn ,4,13,23, 2016-07-16
13, Drake ,12,13,268, 2016-07-16
14, Shawn Mendes ,16,13,80, 2016-07-16
15, 5 Seconds Of Summer ,21,1,119, 2016-07-16
16, Mario Bautista ,20,13,4, 2016-07-16
17, Fifth Harmony ,6,13,58, 2016-07-16
18, Miley Cyrus ,26,1,221, 2016-07-16
19, Lucy Hale ,19,13,105, 2016-07-16
20, Shakira ,37,13,287, 2016-07-16
21, Taylor Swift ,15,1,293, 2016-07-16
22, Adele ,25,1,209, 2016-07-16
23, twenty one pilots ,18,13,16, 2016-07-16
24, Calvin Harris ,120,13,48, 2016-07-16
25, Martin Garrix ,36,13,103, 2016-07-16
26, Troye Sivan ,8,13,58, 2016-07-16
27, Katy Perry ,24,1,293, 2016-07-16
28, Zendaya ,31,13,99, 2016-07-16
29, Snoop Dogg ,29,13,258, 2016-07-16
30, G-Eazy ,46,13,25, 2016-07-16
31, Britney Spears ,23,1,252, 2016-07-16
32, Nick Jonas ,120,13,25, 2016-07-16
33, One Direction ,27,13,242, 2016-07-16
34, Logic ,120,34,2, 2016-07-16
35, Avery Wilson ,35,13,18, 2016-07-16
36, Jennifer Lopez ,30,13,279, 2016-07-16
37, Halsey ,42,8,20, 2016-07-16
38, Ellie Goulding ,34,13,147, 2016-07-16
39, Lali ,32,13,3, 2016-07-16
40, Lady Gaga ,33,1,290, 2016-07-16
41, Kanye West ,28,1,84, 2016-07-16
42, Meghan Trainor ,40,13,59, 2016-07-16
43, Melanie Martinez ,45,13,19, 2016-07-16
44, Enrique Iglesias ,120,13,186, 2016-07-16
45, Meek Mill ,120,13,49, 2016-07-16
46, Iggy Azalea ,120,13,69, 2016-07-16
47, CD9 ,44,13,2, 2016-07-16
48, Coldplay ,120,1,164, 2016-07-16
49, Jacob Whitesides ,120,13,41, 2016-07-16
50, Justin Timberlake ,41,1,256, 2016-07-16
1, Justin Bieber ,1,1,292, 2016-07-09
2, Selena Gomez ,3,13,290, 2016-07-09
3, Ariana Grande ,2,13,188, 2016-07-09
4, Zayn ,18,13,22, 2016-07-09
5, Demi Lovato ,8,13,282, 2016-07-09
6, Fifth Harmony ,14,13,57, 2016-07-09
7, Rihanna ,12,1,281, 2016-07-09
8, Troye Sivan ,16,13,57, 2016-07-09
9, Jacob Sartorius ,6,13,3, 2016-07-09
10, Beyonce ,7,1,289, 2016-07-09
11, Chris Brown ,5,13,265, 2016-07-09
12, Drake ,13,13,267, 2016-07-09
13, Camila Cabello ,21,13,22, 2016-07-09
14, Wiz Khalifa ,39,13,279, 2016-07-09
15, Taylor Swift ,10,1,292, 2016-07-09
16, Shawn Mendes ,17,13,79, 2016-07-09
17, Nicki Minaj ,11,13,291, 2016-07-09
18, twenty one pilots ,24,13,15, 2016-07-09
19, Lucy Hale ,9,13,104, 2016-07-09
20, Mario Bautista ,23,13,3, 2016-07-09
21, 5 Seconds Of Summer ,15,1,118, 2016-07-09
22, Little Mix ,19,13,103, 2016-07-09
23, Britney Spears ,31,1,251, 2016-07-09
24, Katy Perry ,28,1,292, 2016-07-09
25, Adele ,38,1,208, 2016-07-09
26, Miley Cyrus ,22,1,220, 2016-07-09
27, One Direction ,36,13,241, 2016-07-09
28, Kanye West ,120,1,83, 2016-07-09
29, Snoop Dogg ,30,13,257, 2016-07-09
30, Jennifer Lopez ,29,13,278, 2016-07-09
31, Zendaya ,32,13,98, 2016-07-09
32, Lali ,34,13,2, 2016-07-09
33, Lady Gaga ,27,1,289, 2016-07-09
34, Ellie Goulding ,33,13,146, 2016-07-09
35, Avery Wilson ,44,13,17, 2016-07-09
36, Martin Garrix ,35,13,102, 2016-07-09
37, Shakira ,40,13,286, 2016-07-09
38, Red Hot Chili Peppers ,20,13,30, 2016-07-09
39, Future ,120,13,32, 2016-07-09
40, Meghan Trainor ,45,13,58, 2016-07-09
41, Justin Timberlake ,49,1,255, 2016-07-09
42, Halsey ,120,8,19, 2016-07-09
43, Alessia Cara ,120,13,1, 2016-07-09
44, CD9 ,120,13,1, 2016-07-09
45, Melanie Martinez ,120,13,18, 2016-07-09
46, G-Eazy ,120,13,24, 2016-07-09
47, Chance The Rapper ,120,13,7, 2016-07-09
48, Gucci Mane ,120,13,2, 2016-07-09
49, Sofia Carson ,120,13,1, 2016-07-09
50, Lil Uzi Vert ,120,13,1, 2016-07-09
1, Justin Bieber ,1,1,291, 2016-07-02
2, Ariana Grande ,2,13,187, 2016-07-02
3, Selena Gomez ,5,13,289, 2016-07-02
4, Christina Grimmie ,4,13,77, 2016-07-02
5, Chris Brown ,6,13,264, 2016-07-02
6, Jacob Sartorius ,7,13,2, 2016-07-02
7, Beyonce ,18,1,288, 2016-07-02
8, Demi Lovato ,12,13,281, 2016-07-02
9, Lucy Hale ,24,13,103, 2016-07-02
10, Taylor Swift ,13,1,291, 2016-07-02
11, Nicki Minaj ,22,13,290, 2016-07-02
12, Rihanna ,31,1,280, 2016-07-02
13, Drake ,10,13,266, 2016-07-02
14, Fifth Harmony ,16,13,56, 2016-07-02
15, 5 Seconds Of Summer ,8,1,117, 2016-07-02
16, Troye Sivan ,14,13,56, 2016-07-02
17, Shawn Mendes ,15,13,78, 2016-07-02
18, Zayn ,9,13,21, 2016-07-02
19, Little Mix ,35,13,102, 2016-07-02
20, Red Hot Chili Peppers ,120,13,29, 2016-07-02
21, Camila Cabello ,11,13,21, 2016-07-02
22, Miley Cyrus ,23,1,219, 2016-07-02
23, Mario Bautista ,3,13,2, 2016-07-02
24, twenty one pilots ,29,13,14, 2016-07-02
25, Calvin Harris ,120,13,47, 2016-07-02
26, Nick Jonas ,17,13,24, 2016-07-02
27, Lady Gaga ,45,1,288, 2016-07-02
28, Katy Perry ,20,1,291, 2016-07-02
29, Jennifer Lopez ,21,13,277, 2016-07-02
30, Snoop Dogg ,27,13,256, 2016-07-02
31, Britney Spears ,36,1,250, 2016-07-02
32, Zendaya ,39,13,97, 2016-07-02
33, Ellie Goulding ,37,13,145, 2016-07-02
34, Lali ,120,13,1, 2016-07-02
35, Martin Garrix ,28,13,101, 2016-07-02
36, One Direction ,33,13,240, 2016-07-02
37, Coldplay ,34,1,163, 2016-07-02
38, Adele ,19,1,207, 2016-07-02
39, Wiz Khalifa ,26,13,278, 2016-07-02
40, Shakira ,38,13,285, 2016-07-02
41, Tyler  The Creator ,120,13,2, 2016-07-02
42, David Guetta ,30,13,217, 2016-07-02
43, Timati ,120,13,14, 2016-07-02
44, Avery Wilson ,40,13,16, 2016-07-02
45, Meghan Trainor ,44,13,57, 2016-07-02
46, Jacob Whitesides ,120,13,40, 2016-07-02
47, Austin Mahone ,120,13,148, 2016-07-02
48, Bea Miller ,43,13,27, 2016-07-02
49, Justin Timberlake ,42,1,254, 2016-07-02
50, Circa Survive ,120,13,1, 2016-07-02
1, Justin Bieber ,1,1,290, 2016-06-25
2, Ariana Grande ,4,13,186, 2016-06-25
3, Mario Bautista ,120,13,1, 2016-06-25
4, Christina Grimmie ,120,13,76, 2016-06-25
5, Selena Gomez ,3,13,288, 2016-06-25
6, Chris Brown ,6,13,263, 2016-06-25
7, Jacob Sartorius ,120,13,1, 2016-06-25
8, 5 Seconds Of Summer ,5,1,116, 2016-06-25
9, Zayn ,17,13,20, 2016-06-25
10, Drake ,7,13,265, 2016-06-25
11, Camila Cabello ,12,13,20, 2016-06-25
12, Demi Lovato ,10,13,280, 2016-06-25
13, Taylor Swift ,9,1,290, 2016-06-25
14, Troye Sivan ,15,13,55, 2016-06-25
15, Shawn Mendes ,2,13,77, 2016-06-25
16, Fifth Harmony ,11,13,55, 2016-06-25
17, Nick Jonas ,40,13,23, 2016-06-25
18, Beyonce ,23,1,287, 2016-06-25
19, Adele ,21,1,206, 2016-06-25
20, Katy Perry ,13,1,290, 2016-06-25
21, Jennifer Lopez ,18,13,276, 2016-06-25
22, Nicki Minaj ,24,13,289, 2016-06-25
23, Miley Cyrus ,19,1,218, 2016-06-25
24, Lucy Hale ,46,13,102, 2016-06-25
25, Chance The Rapper ,120,13,6, 2016-06-25
26, Wiz Khalifa ,30,13,277, 2016-06-25
27, Snoop Dogg ,26,13,255, 2016-06-25
28, Martin Garrix ,33,13,100, 2016-06-25
29, twenty one pilots ,27,13,13, 2016-06-25
30, David Guetta ,120,13,216, 2016-06-25
31, Rihanna ,14,1,279, 2016-06-25
32, Halsey ,38,8,18, 2016-06-25
33, One Direction ,16,13,239, 2016-06-25
34, Coldplay ,31,1,162, 2016-06-25
35, Little Mix ,32,13,101, 2016-06-25
36, Britney Spears ,25,1,249, 2016-06-25
37, Ellie Goulding ,35,13,144, 2016-06-25
38, Shakira ,36,13,284, 2016-06-25
39, Zendaya ,8,13,96, 2016-06-25
40, Avery Wilson ,37,13,15, 2016-06-25
41, Melanie Martinez ,22,13,17, 2016-06-25
42, Justin Timberlake ,34,1,253, 2016-06-25
43, Bea Miller ,120,13,26, 2016-06-25
44, Meghan Trainor ,20,13,56, 2016-06-25
45, Lady Gaga ,42,1,287, 2016-06-25
46, Skrillex ,50,13,179, 2016-06-25
47, Future ,120,13,31, 2016-06-25
48, G-Eazy ,29,13,23, 2016-06-25
49, Iggy Azalea ,120,13,68, 2016-06-25
50, Kanye West ,120,1,82, 2016-06-25
1, Justin Bieber ,1,1,289, 2016-06-18
2, Shawn Mendes ,11,13,76, 2016-06-18
3, Selena Gomez ,3,13,287, 2016-06-18
4, Ariana Grande ,2,13,185, 2016-06-18
5, 5 Seconds Of Summer ,14,1,115, 2016-06-18
6, Chris Brown ,5,13,262, 2016-06-18
7, Drake ,7,13,264, 2016-06-18
8, Zendaya ,10,13,95, 2016-06-18
9, Taylor Swift ,15,1,289, 2016-06-18
10, Demi Lovato ,8,13,279, 2016-06-18
11, Fifth Harmony ,6,13,54, 2016-06-18
12, Camila Cabello ,16,13,19, 2016-06-18
13, Katy Perry ,22,1,289, 2016-06-18
14, Rihanna ,9,1,278, 2016-06-18
15, Troye Sivan ,21,13,54, 2016-06-18
16, One Direction ,23,13,238, 2016-06-18
17, Zayn ,13,13,19, 2016-06-18
18, Jennifer Lopez ,17,13,275, 2016-06-18
19, Miley Cyrus ,35,1,217, 2016-06-18
20, Meghan Trainor ,18,13,55, 2016-06-18
21, Adele ,19,1,205, 2016-06-18
22, Melanie Martinez ,120,13,16, 2016-06-18
23, Beyonce ,4,1,286, 2016-06-18
24, Nicki Minaj ,12,13,288, 2016-06-18
25, Britney Spears ,26,1,248, 2016-06-18
26, Snoop Dogg ,24,13,254, 2016-06-18
27, twenty one pilots ,120,13,12, 2016-06-18
28, The Weeknd ,38,13,51, 2016-06-18
29, G-Eazy ,39,13,22, 2016-06-18
30, Wiz Khalifa ,25,13,276, 2016-06-18
31, Coldplay ,32,1,161, 2016-06-18
32, Little Mix ,44,13,100, 2016-06-18
33, Martin Garrix ,20,13,99, 2016-06-18
34, Justin Timberlake ,28,1,252, 2016-06-18
35, Ellie Goulding ,45,13,143, 2016-06-18
36, Shakira ,27,13,283, 2016-06-18
37, Avery Wilson ,43,13,14, 2016-06-18
38, Halsey ,120,8,17, 2016-06-18
39, Enrique Iglesias ,33,13,185, 2016-06-18
40, Nick Jonas ,30,13,22, 2016-06-18
41, Avicii ,120,13,44, 2016-06-18
42, Lady Gaga ,41,1,286, 2016-06-18
43, Travi$ Scott ,120,13,4, 2016-06-18
44, 50 Cent ,120,13,146, 2016-06-18
45, Austin Mahone ,36,13,147, 2016-06-18
46, Lucy Hale ,37,13,101, 2016-06-18
47, Joe Jonas ,120,13,1, 2016-06-18
48, Kevin Gates ,47,13,5, 2016-06-18
49, Johnny O ,120,44,2, 2016-06-18
50, Skrillex ,120,13,178, 2016-06-18
1, Justin Bieber ,1,1,288, 2016-06-11
2, Ariana Grande ,2,13,184, 2016-06-11
3, Selena Gomez ,3,13,286, 2016-06-11
4, Beyonce ,26,1,285, 2016-06-11
5, Chris Brown ,13,13,261, 2016-06-11
6, Fifth Harmony ,15,13,53, 2016-06-11
7, Drake ,9,13,263, 2016-06-11
8, Demi Lovato ,4,13,278, 2016-06-11
9, Rihanna ,5,1,277, 2016-06-11
10, Zendaya ,36,13,94, 2016-06-11
11, Shawn Mendes ,8,13,75, 2016-06-11
12, Nicki Minaj ,25,13,287, 2016-06-11
13, Zayn ,10,13,18, 2016-06-11
14, 5 Seconds Of Summer ,7,1,114, 2016-06-11
15, Taylor Swift ,6,1,288, 2016-06-11
16, Camila Cabello ,21,13,18, 2016-06-11
17, Jennifer Lopez ,28,13,274, 2016-06-11
18, Meghan Trainor ,16,13,54, 2016-06-11
19, Adele ,18,1,204, 2016-06-11
20, Martin Garrix ,39,13,98, 2016-06-11
21, Troye Sivan ,12,13,53, 2016-06-11
22, Katy Perry ,22,1,288, 2016-06-11
23, One Direction ,33,13,237, 2016-06-11
24, Snoop Dogg ,27,13,253, 2016-06-11
25, Wiz Khalifa ,30,13,275, 2016-06-11
26, Britney Spears ,24,1,247, 2016-06-11
27, Shakira ,20,13,282, 2016-06-11
28, Justin Timberlake ,14,1,251, 2016-06-11
29, Chance The Rapper ,19,13,5, 2016-06-11
30, Nick Jonas ,32,13,21, 2016-06-11
31, Tyga ,120,13,46, 2016-06-11
32, Coldplay ,45,1,160, 2016-06-11
33, Enrique Iglesias ,31,13,184, 2016-06-11
34, Gucci Mane ,120,13,1, 2016-06-11
35, Miley Cyrus ,17,1,216, 2016-06-11
36, Austin Mahone ,42,13,146, 2016-06-11
37, Lucy Hale ,23,13,100, 2016-06-11
38, The Weeknd ,40,13,50, 2016-06-11
39, G-Eazy ,37,13,21, 2016-06-11
40, Eminem ,120,13,251, 2016-06-11
41, Lady Gaga ,43,1,285, 2016-06-11
42, Ciara ,120,13,47, 2016-06-11
43, Avery Wilson ,41,13,13, 2016-06-11
44, Little Mix ,11,13,99, 2016-06-11
45, Ellie Goulding ,34,13,142, 2016-06-11
46, DNCE ,50,13,2, 2016-06-11
47, Kevin Gates ,49,13,4, 2016-06-11
48, Christina Aguilera ,120,13,81, 2016-06-11
49, The Vamps ,44,13,50, 2016-06-11
50, Charlie Puth ,120,13,12, 2016-06-11
1, Justin Bieber ,1,1,287, 2016-06-04
2, Ariana Grande ,3,13,183, 2016-06-04
3, Selena Gomez ,2,13,285, 2016-06-04
4, Demi Lovato ,9,13,277, 2016-06-04
5, Rihanna ,8,1,276, 2016-06-04
6, Taylor Swift ,5,1,287, 2016-06-04
7, 5 Seconds Of Summer ,7,1,113, 2016-06-04
8, Shawn Mendes ,19,13,74, 2016-06-04
9, Drake ,11,13,262, 2016-06-04
10, Zayn ,4,13,17, 2016-06-04
11, Little Mix ,26,13,98, 2016-06-04
12, Troye Sivan ,24,13,52, 2016-06-04
13, Chris Brown ,10,13,260, 2016-06-04
14, Justin Timberlake ,6,1,250, 2016-06-04
15, Fifth Harmony ,18,13,52, 2016-06-04
16, Meghan Trainor ,25,13,53, 2016-06-04
17, Miley Cyrus ,15,1,215, 2016-06-04
18, Adele ,23,1,203, 2016-06-04
19, Chance The Rapper ,17,13,4, 2016-06-04
20, Shakira ,43,13,281, 2016-06-04
21, Camila Cabello ,21,13,17, 2016-06-04
22, Katy Perry ,29,1,287, 2016-06-04
23, Lucy Hale ,33,13,99, 2016-06-04
24, Britney Spears ,27,1,246, 2016-06-04
25, Nicki Minaj ,12,13,286, 2016-06-04
26, Beyonce ,20,1,284, 2016-06-04
27, Snoop Dogg ,30,13,252, 2016-06-04
28, Jennifer Lopez ,14,13,273, 2016-06-04
29, Kanye West ,120,1,81, 2016-06-04
30, Wiz Khalifa ,28,13,274, 2016-06-04
31, Enrique Iglesias ,31,13,183, 2016-06-04
32, Nick Jonas ,40,13,20, 2016-06-04
33, One Direction ,16,13,236, 2016-06-04
34, Ellie Goulding ,41,13,141, 2016-06-04
35, Melanie Martinez ,49,13,15, 2016-06-04
36, Zendaya ,22,13,93, 2016-06-04
37, G-Eazy ,34,13,20, 2016-06-04
38, Bea Miller ,120,13,25, 2016-06-04
39, Martin Garrix ,36,13,97, 2016-06-04
40, The Weeknd ,120,13,49, 2016-06-04
41, Avery Wilson ,39,13,12, 2016-06-04
42, Austin Mahone ,38,13,145, 2016-06-04
43, Lady Gaga ,37,1,284, 2016-06-04
44, The Vamps ,42,13,49, 2016-06-04
45, Coldplay ,120,1,159, 2016-06-04
46, Becky G ,120,13,71, 2016-06-04
47, twenty one pilots ,48,13,11, 2016-06-04
48, The Chainsmokers ,120,13,1, 2016-06-04
49, Kevin Gates ,47,13,3, 2016-06-04
50, DNCE ,120,13,1, 2016-06-04
1, Justin Bieber ,1,1,286, 2016-05-28
2, Selena Gomez ,2,13,284, 2016-05-28
3, Ariana Grande ,3,13,182, 2016-05-28
4, Zayn ,9,13,16, 2016-05-28
5, Taylor Swift ,7,1,286, 2016-05-28
6, Justin Timberlake ,22,1,249, 2016-05-28
7, 5 Seconds Of Summer ,27,1,112, 2016-05-28
8, Rihanna ,11,1,275, 2016-05-28
9, Demi Lovato ,4,13,276, 2016-05-28
10, Chris Brown ,10,13,259, 2016-05-28
11, Drake ,6,13,261, 2016-05-28
12, Nicki Minaj ,5,13,285, 2016-05-28
13, Azealia Banks ,120,13,1, 2016-05-28
14, Jennifer Lopez ,14,13,272, 2016-05-28
15, Miley Cyrus ,15,1,214, 2016-05-28
16, One Direction ,20,13,235, 2016-05-28
17, Chance The Rapper ,40,13,3, 2016-05-28
18, Fifth Harmony ,18,13,51, 2016-05-28
19, Shawn Mendes ,8,13,73, 2016-05-28
20, Beyonce ,12,1,283, 2016-05-28
21, Camila Cabello ,19,13,16, 2016-05-28
22, Zendaya ,17,13,92, 2016-05-28
23, Adele ,25,1,202, 2016-05-28
24, Troye Sivan ,21,13,51, 2016-05-28
25, Meghan Trainor ,24,13,52, 2016-05-28
26, Little Mix ,28,13,97, 2016-05-28
27, Britney Spears ,30,1,245, 2016-05-28
28, Wiz Khalifa ,23,13,273, 2016-05-28
29, Katy Perry ,16,1,286, 2016-05-28
30, Snoop Dogg ,29,13,251, 2016-05-28
31, Enrique Iglesias ,120,13,182, 2016-05-28
32, Halsey ,34,8,16, 2016-05-28
33, Lucy Hale ,32,13,98, 2016-05-28
34, G-Eazy ,33,13,19, 2016-05-28
35, Gwen Stefani ,120,13,3, 2016-05-28
36, Martin Garrix ,120,13,96, 2016-05-28
37, Lady Gaga ,13,1,283, 2016-05-28
38, Austin Mahone ,120,13,144, 2016-05-28
39, Avery Wilson ,36,13,11, 2016-05-28
40, Nick Jonas ,48,13,19, 2016-05-28
41, Ellie Goulding ,35,13,140, 2016-05-28
42, The Vamps ,120,13,48, 2016-05-28
43, Shakira ,41,13,280, 2016-05-28
44, Johnny O ,120,44,1, 2016-05-28
45, Eminem ,120,13,250, 2016-05-28
46, Radiohead ,26,13,12, 2016-05-28
47, Kevin Gates ,50,13,2, 2016-05-28
48, twenty one pilots ,120,13,10, 2016-05-28
49, Melanie Martinez ,37,13,14, 2016-05-28
50, Thalia ,49,13,35, 2016-05-28
1, Justin Bieber ,1,1,285, 2016-05-21
2, Selena Gomez ,6,13,283, 2016-05-21
3, Ariana Grande ,3,13,181, 2016-05-21
4, Demi Lovato ,19,13,275, 2016-05-21
5, Nicki Minaj ,11,13,284, 2016-05-21
6, Drake ,2,13,260, 2016-05-21
7, Taylor Swift ,4,1,285, 2016-05-21
8, Shawn Mendes ,5,13,72, 2016-05-21
9, Zayn ,8,13,15, 2016-05-21
10, Chris Brown ,12,13,258, 2016-05-21
11, Rihanna ,15,1,274, 2016-05-21
12, Beyonce ,7,1,282, 2016-05-21
13, Lady Gaga ,50,1,282, 2016-05-21
14, Jennifer Lopez ,23,13,271, 2016-05-21
15, Miley Cyrus ,16,1,213, 2016-05-21
16, Katy Perry ,20,1,285, 2016-05-21
17, Zendaya ,25,13,91, 2016-05-21
18, Fifth Harmony ,14,13,50, 2016-05-21
19, Camila Cabello ,10,13,15, 2016-05-21
20, One Direction ,13,13,234, 2016-05-21
21, Troye Sivan ,24,13,50, 2016-05-21
22, Justin Timberlake ,28,1,248, 2016-05-21
23, Wiz Khalifa ,18,13,272, 2016-05-21
24, Meghan Trainor ,29,13,51, 2016-05-21
25, Adele ,41,1,201, 2016-05-21
26, Radiohead ,120,13,11, 2016-05-21
27, 5 Seconds Of Summer ,9,1,111, 2016-05-21
28, Little Mix ,27,13,96, 2016-05-21
29, Snoop Dogg ,26,13,250, 2016-05-21
30, Britney Spears ,22,1,244, 2016-05-21
31, The Weeknd ,44,13,48, 2016-05-21
32, Lucy Hale ,36,13,97, 2016-05-21
33, G-Eazy ,30,13,18, 2016-05-21
34, Halsey ,21,8,15, 2016-05-21
35, Ellie Goulding ,31,13,139, 2016-05-21
36, Avery Wilson ,34,13,10, 2016-05-21
37, Melanie Martinez ,42,13,13, 2016-05-21
38, Kanye West ,120,1,80, 2016-05-21
39, Conor Maynard ,120,13,1, 2016-05-21
40, Chance The Rapper ,120,13,2, 2016-05-21
41, Shakira ,120,13,279, 2016-05-21
42, Jacob Whitesides ,120,13,39, 2016-05-21
43, Red Hot Chili Peppers ,120,13,28, 2016-05-21
44, Meek Mill ,120,13,48, 2016-05-21
45, Hailee Steinfeld ,120,13,3, 2016-05-21
46, Rita Ora ,120,13,58, 2016-05-21
47, Victoria Justice ,120,13,20, 2016-05-21
48, Nick Jonas ,120,13,18, 2016-05-21
49, Thalia ,120,13,34, 2016-05-21
50, Kevin Gates ,120,13,1, 2016-05-21
1, Justin Bieber ,1,1,284, 2016-05-14
2, Drake ,10,13,259, 2016-05-14
3, Ariana Grande ,3,13,180, 2016-05-14
4, Taylor Swift ,5,1,284, 2016-05-14
5, Shawn Mendes ,7,13,71, 2016-05-14
6, Selena Gomez ,6,13,282, 2016-05-14
7, Beyonce ,13,1,281, 2016-05-14
8, Zayn ,8,13,14, 2016-05-14
9, 5 Seconds Of Summer ,9,1,110, 2016-05-14
10, Camila Cabello ,21,13,14, 2016-05-14
11, Nicki Minaj ,19,13,283, 2016-05-14
12, Chris Brown ,20,13,257, 2016-05-14
13, One Direction ,17,13,233, 2016-05-14
14, Fifth Harmony ,32,13,49, 2016-05-14
15, Rihanna ,4,1,273, 2016-05-14
16, Miley Cyrus ,23,1,212, 2016-05-14
17, Prince ,2,13,2, 2016-05-14
18, Wiz Khalifa ,14,13,271, 2016-05-14
19, Demi Lovato ,12,13,274, 2016-05-14
20, Katy Perry ,18,1,284, 2016-05-14
21, Halsey ,40,8,14, 2016-05-14
22, Britney Spears ,22,1,243, 2016-05-14
23, Jennifer Lopez ,28,13,270, 2016-05-14
24, Troye Sivan ,31,13,49, 2016-05-14
25, Zendaya ,15,13,90, 2016-05-14
26, Snoop Dogg ,16,13,249, 2016-05-14
27, Little Mix ,11,13,95, 2016-05-14
28, Justin Timberlake ,29,1,247, 2016-05-14
29, Meghan Trainor ,48,13,50, 2016-05-14
30, G-Eazy ,24,13,17, 2016-05-14
31, Ellie Goulding ,34,13,138, 2016-05-14
32, Austin Mahone ,30,13,143, 2016-05-14
33, Calvin Harris ,43,13,46, 2016-05-14
34, Avery Wilson ,35,13,9, 2016-05-14
35, Martin Garrix ,120,13,95, 2016-05-14
36, Lucy Hale ,26,13,96, 2016-05-14
37, Timati ,120,13,13, 2016-05-14
38, VIXX ,27,13,12, 2016-05-14
39, Jack & Jack ,37,35,9, 2016-05-14
40, GOT7 ,49,13,10, 2016-05-14
41, Adele ,120,1,200, 2016-05-14
42, Melanie Martinez ,33,13,12, 2016-05-14
43, Future ,120,13,30, 2016-05-14
44, The Weeknd ,25,13,47, 2016-05-14
45, Bryson Tiller ,120,13,4, 2016-05-14
46, Enrique Iglesias ,42,13,181, 2016-05-14
47, Iggy Azalea ,120,13,67, 2016-05-14
48, Zedd ,120,13,6, 2016-05-14
49, Young Thug ,50,13,6, 2016-05-14
50, Lady Gaga ,38,1,281, 2016-05-14
1, Justin Bieber ,1,1,283, 2016-05-07
2, Prince ,120,13,1, 2016-05-07
3, Ariana Grande ,3,13,179, 2016-05-07
4, Rihanna ,9,1,272, 2016-05-07
5, Taylor Swift ,2,1,283, 2016-05-07
6, Selena Gomez ,5,13,281, 2016-05-07
7, Shawn Mendes ,6,13,70, 2016-05-07
8, Zayn ,4,13,13, 2016-05-07
9, 5 Seconds Of Summer ,7,1,109, 2016-05-07
10, Drake ,12,13,258, 2016-05-07
11, Little Mix ,15,13,94, 2016-05-07
12, Demi Lovato ,10,13,273, 2016-05-07
13, Beyonce ,25,1,280, 2016-05-07
14, Wiz Khalifa ,23,13,270, 2016-05-07
15, Zendaya ,8,13,89, 2016-05-07
16, Snoop Dogg ,26,13,248, 2016-05-07
17, One Direction ,16,13,232, 2016-05-07
18, Katy Perry ,13,1,283, 2016-05-07
19, Nicki Minaj ,11,13,282, 2016-05-07
20, Chris Brown ,14,13,256, 2016-05-07
21, Camila Cabello ,20,13,13, 2016-05-07
22, Britney Spears ,35,1,242, 2016-05-07
23, Miley Cyrus ,18,1,211, 2016-05-07
24, G-Eazy ,19,13,16, 2016-05-07
25, The Weeknd ,50,13,46, 2016-05-07
26, Lucy Hale ,27,13,95, 2016-05-07
27, VIXX ,120,13,11, 2016-05-07
28, Jennifer Lopez ,33,13,269, 2016-05-07
29, Justin Timberlake ,41,1,246, 2016-05-07
30, Austin Mahone ,47,13,142, 2016-05-07
31, Troye Sivan ,30,13,48, 2016-05-07
32, Fifth Harmony ,32,13,48, 2016-05-07
33, Melanie Martinez ,45,13,11, 2016-05-07
34, Ellie Goulding ,48,13,137, 2016-05-07
35, Avery Wilson ,38,13,8, 2016-05-07
36, Bea Miller ,120,13,24, 2016-05-07
37, Jack & Jack ,39,35,8, 2016-05-07
38, Lady Gaga ,31,1,280, 2016-05-07
39, Jacob Whitesides ,21,13,38, 2016-05-07
40, Halsey ,24,8,13, 2016-05-07
41, The 1975 ,120,13,4, 2016-05-07
42, Enrique Iglesias ,120,13,180, 2016-05-07
43, Calvin Harris ,120,13,45, 2016-05-07
44, Shakira ,29,13,278, 2016-05-07
45, twenty one pilots ,43,13,9, 2016-05-07
46, Becky G ,120,13,70, 2016-05-07
47, Chino & Nacho ,120,13,1, 2016-05-07
48, Meghan Trainor ,120,13,49, 2016-05-07
49, GOT7 ,42,13,9, 2016-05-07
50, Young Thug ,120,13,5, 2016-05-07
1, Justin Bieber ,1,1,282, 2016-04-30
2, Taylor Swift ,2,1,282, 2016-04-30
3, Ariana Grande ,3,13,178, 2016-04-30
4, Zayn ,7,13,12, 2016-04-30
5, Selena Gomez ,4,13,280, 2016-04-30
6, Shawn Mendes ,10,13,69, 2016-04-30
7, 5 Seconds Of Summer ,13,1,108, 2016-04-30
8, Zendaya ,29,13,88, 2016-04-30
9, Rihanna ,9,1,271, 2016-04-30
10, Demi Lovato ,6,13,272, 2016-04-30
11, Nicki Minaj ,5,13,281, 2016-04-30
12, Drake ,11,13,257, 2016-04-30
13, Katy Perry ,19,1,282, 2016-04-30
14, Chris Brown ,12,13,255, 2016-04-30
15, Little Mix ,45,13,93, 2016-04-30
16, One Direction ,8,13,231, 2016-04-30
17, Kanye West ,30,1,79, 2016-04-30
18, Miley Cyrus ,16,1,210, 2016-04-30
19, G-Eazy ,28,13,15, 2016-04-30
20, Camila Cabello ,20,13,12, 2016-04-30
21, Jacob Whitesides ,27,13,37, 2016-04-30
22, Travis ,120,22,1, 2016-04-30
23, Wiz Khalifa ,18,13,269, 2016-04-30
24, Halsey ,40,8,12, 2016-04-30
25, Beyonce ,22,1,279, 2016-04-30
26, Snoop Dogg ,24,13,247, 2016-04-30
27, Lucy Hale ,17,13,94, 2016-04-30
28, Coldplay ,33,1,158, 2016-04-30
29, Shakira ,120,13,277, 2016-04-30
30, Troye Sivan ,31,13,47, 2016-04-30
31, Lady Gaga ,38,1,279, 2016-04-30
32, Fifth Harmony ,15,13,47, 2016-04-30
33, Jennifer Lopez ,14,13,268, 2016-04-30
34, The Vamps ,41,13,47, 2016-04-30
35, Britney Spears ,23,1,241, 2016-04-30
36, Martin Garrix ,50,13,94, 2016-04-30
37, Adele ,37,1,199, 2016-04-30
38, Avery Wilson ,35,13,7, 2016-04-30
39, Jack & Jack ,39,35,7, 2016-04-30
40, Ludacris ,120,13,96, 2016-04-30
41, Justin Timberlake ,25,1,245, 2016-04-30
42, GOT7 ,42,13,8, 2016-04-30
43, twenty one pilots ,34,13,8, 2016-04-30
44, Hailee Steinfeld ,36,13,2, 2016-04-30
45, Melanie Martinez ,120,13,10, 2016-04-30
46, Pentatonix ,120,13,28, 2016-04-30
47, Austin Mahone ,120,13,141, 2016-04-30
48, Ellie Goulding ,49,13,136, 2016-04-30
49, Charlie Puth ,47,13,11, 2016-04-30
50, The Weeknd ,32,13,45, 2016-04-30
1, Justin Bieber ,1,1,281, 2016-04-23
2, Taylor Swift ,8,1,281, 2016-04-23
3, Ariana Grande ,2,13,177, 2016-04-23
4, Selena Gomez ,3,13,279, 2016-04-23
5, Nicki Minaj ,24,13,280, 2016-04-23
6, Demi Lovato ,44,13,271, 2016-04-23
7, Zayn ,4,13,11, 2016-04-23
8, One Direction ,30,13,230, 2016-04-23
9, Rihanna ,5,1,270, 2016-04-23
10, Shawn Mendes ,9,13,68, 2016-04-23
11, Drake ,13,13,256, 2016-04-23
12, Chris Brown ,11,13,254, 2016-04-23
13, 5 Seconds Of Summer ,7,1,107, 2016-04-23
14, Jennifer Lopez ,18,13,267, 2016-04-23
15, Fifth Harmony ,26,13,46, 2016-04-23
16, Miley Cyrus ,10,1,209, 2016-04-23
17, Lucy Hale ,21,13,93, 2016-04-23
18, Wiz Khalifa ,14,13,268, 2016-04-23
19, Katy Perry ,27,1,281, 2016-04-23
20, Camila Cabello ,34,13,11, 2016-04-23
21, Ravi Shankar ,120,21,1, 2016-04-23
22, Beyonce ,12,1,278, 2016-04-23
23, Britney Spears ,15,1,240, 2016-04-23
24, Snoop Dogg ,17,13,246, 2016-04-23
25, Justin Timberlake ,32,1,244, 2016-04-23
26, Merle Haggard ,120,13,1, 2016-04-23
27, Jacob Whitesides ,120,13,36, 2016-04-23
28, G-Eazy ,22,13,14, 2016-04-23
29, Zendaya ,23,13,87, 2016-04-23
30, Kanye West ,6,1,78, 2016-04-23
31, Troye Sivan ,19,13,46, 2016-04-23
32, The Weeknd ,120,13,44, 2016-04-23
33, Coldplay ,28,1,157, 2016-04-23
34, twenty one pilots ,33,13,7, 2016-04-23
35, Avery Wilson ,31,13,6, 2016-04-23
36, Hailee Steinfeld ,120,13,1, 2016-04-23
37, Adele ,16,1,198, 2016-04-23
38, Lady Gaga ,46,1,278, 2016-04-23
39, Jack & Jack ,45,35,6, 2016-04-23
40, Halsey ,37,8,11, 2016-04-23
41, The Vamps ,42,13,46, 2016-04-23
42, GOT7 ,20,13,7, 2016-04-23
43, Meghan Trainor ,41,13,48, 2016-04-23
44, Bryson Tiller ,120,13,3, 2016-04-23
45, Little Mix ,43,13,92, 2016-04-23
46, Eminem ,120,13,249, 2016-04-23
47, Charlie Puth ,48,13,10, 2016-04-23
48, Skrillex ,120,13,177, 2016-04-23
49, Ellie Goulding ,29,13,135, 2016-04-23
50, Martin Garrix ,47,13,93, 2016-04-23
1, Justin Bieber ,1,1,280, 2016-04-16
2, Ariana Grande ,3,13,176, 2016-04-16
3, Selena Gomez ,5,13,278, 2016-04-16
4, Zayn ,4,13,10, 2016-04-16
5, Rihanna ,8,1,269, 2016-04-16
6, Kanye West ,7,1,77, 2016-04-16
7, 5 Seconds Of Summer ,9,1,106, 2016-04-16
8, Taylor Swift ,14,1,280, 2016-04-16
9, Shawn Mendes ,12,13,67, 2016-04-16
10, Miley Cyrus ,6,1,208, 2016-04-16
11, Chris Brown ,16,13,253, 2016-04-16
12, Beyonce ,19,1,277, 2016-04-16
13, Drake ,15,13,255, 2016-04-16
14, Wiz Khalifa ,26,13,267, 2016-04-16
15, Britney Spears ,23,1,239, 2016-04-16
16, Adele ,17,1,197, 2016-04-16
17, Snoop Dogg ,32,13,245, 2016-04-16
18, Jennifer Lopez ,29,13,266, 2016-04-16
19, Troye Sivan ,38,13,45, 2016-04-16
20, GOT7 ,2,13,6, 2016-04-16
21, Lucy Hale ,24,13,92, 2016-04-16
22, G-Eazy ,120,13,13, 2016-04-16
23, Zendaya ,20,13,86, 2016-04-16
24, Nicki Minaj ,11,13,279, 2016-04-16
25, Patty Duke ,120,25,1, 2016-04-16
26, Fifth Harmony ,13,13,45, 2016-04-16
27, Katy Perry ,21,1,280, 2016-04-16
28, Coldplay ,120,1,156, 2016-04-16
29, Ellie Goulding ,30,13,134, 2016-04-16
30, One Direction ,34,13,229, 2016-04-16
31, Avery Wilson ,28,13,5, 2016-04-16
32, Justin Timberlake ,39,1,243, 2016-04-16
33, twenty one pilots ,120,13,6, 2016-04-16
34, Camila Cabello ,18,13,10, 2016-04-16
35, Nick Jonas ,27,13,17, 2016-04-16
36, Daddy Yankee ,120,13,41, 2016-04-16
37, Halsey ,33,8,10, 2016-04-16
38, Iggy Azalea ,36,13,66, 2016-04-16
39, Roger Cicero ,120,39,1, 2016-04-16
40, Shakira ,47,13,276, 2016-04-16
41, Meghan Trainor ,22,13,47, 2016-04-16
42, The Vamps ,120,13,45, 2016-04-16
43, Little Mix ,45,13,91, 2016-04-16
44, Demi Lovato ,10,13,270, 2016-04-16
45, Jack & Jack ,37,35,5, 2016-04-16
46, Lady Gaga ,120,1,277, 2016-04-16
47, Martin Garrix ,120,13,92, 2016-04-16
48, Charlie Puth ,46,13,9, 2016-04-16
49, Austin Mahone ,43,13,140, 2016-04-16
50, Dulce Maria ,120,7,10, 2016-04-16
1, Justin Bieber ,1,1,279, 2016-04-09
2, GOT7 ,39,13,5, 2016-04-09
3, Ariana Grande ,2,13,175, 2016-04-09
4, Zayn ,3,13,9, 2016-04-09
5, Selena Gomez ,5,13,277, 2016-04-09
6, Miley Cyrus ,10,1,207, 2016-04-09
7, Kanye West ,17,1,76, 2016-04-09
8, Rihanna ,9,1,268, 2016-04-09
9, 5 Seconds Of Summer ,20,1,105, 2016-04-09
10, Demi Lovato ,15,13,269, 2016-04-09
11, Nicki Minaj ,7,13,278, 2016-04-09
12, Shawn Mendes ,21,13,66, 2016-04-09
13, Fifth Harmony ,13,13,44, 2016-04-09
14, Taylor Swift ,4,1,279, 2016-04-09
15, Drake ,16,13,254, 2016-04-09
16, Chris Brown ,12,13,252, 2016-04-09
17, Adele ,31,1,196, 2016-04-09
18, Camila Cabello ,11,13,9, 2016-04-09
19, Beyonce ,24,1,276, 2016-04-09
20, Zendaya ,27,13,85, 2016-04-09
21, Katy Perry ,18,1,279, 2016-04-09
22, Meghan Trainor ,120,13,46, 2016-04-09
23, Britney Spears ,46,1,238, 2016-04-09
24, Lucy Hale ,28,13,91, 2016-04-09
25, Jacob Whitesides ,33,13,35, 2016-04-09
26, Wiz Khalifa ,19,13,266, 2016-04-09
27, Nick Jonas ,120,13,16, 2016-04-09
28, Avery Wilson ,120,13,4, 2016-04-09
29, Jennifer Lopez ,32,13,265, 2016-04-09
30, Ellie Goulding ,38,13,133, 2016-04-09
31, The Weeknd ,41,13,43, 2016-04-09
32, Snoop Dogg ,29,13,244, 2016-04-09
33, Halsey ,8,8,9, 2016-04-09
34, One Direction ,22,13,228, 2016-04-09
35, Melanie Martinez ,23,13,9, 2016-04-09
36, Iggy Azalea ,120,13,65, 2016-04-09
37, Jack & Jack ,36,35,4, 2016-04-09
38, Troye Sivan ,25,13,44, 2016-04-09
39, Justin Timberlake ,45,1,242, 2016-04-09
40, DeStorm Power ,120,13,19, 2016-04-09
41, Eminem ,37,13,248, 2016-04-09
42, Diplo ,6,13,6, 2016-04-09
43, Austin Mahone ,120,13,139, 2016-04-09
44, Skrillex ,30,13,176, 2016-04-09
45, Little Mix ,26,13,90, 2016-04-09
46, Charlie Puth ,40,13,8, 2016-04-09
47, Shakira ,47,13,275, 2016-04-09
48, Zedd ,120,13,5, 2016-04-09
49, Becky G ,120,13,69, 2016-04-09
50, DJ Snake ,120,13,1, 2016-04-09
1, Justin Bieber ,1,1,278, 2016-04-02
2, Ariana Grande ,2,13,174, 2016-04-02
3, Zayn ,3,13,8, 2016-04-02
4, Taylor Swift ,13,1,278, 2016-04-02
5, Selena Gomez ,4,13,276, 2016-04-02
6, Diplo ,120,13,5, 2016-04-02
7, Nicki Minaj ,18,13,277, 2016-04-02
8, Halsey ,14,8,8, 2016-04-02
9, Rihanna ,16,1,267, 2016-04-02
10, Miley Cyrus ,10,1,206, 2016-04-02
11, Camila Cabello ,21,13,8, 2016-04-02
12, Chris Brown ,6,13,251, 2016-04-02
13, Fifth Harmony ,19,13,43, 2016-04-02
14, Calvin Harris ,120,13,44, 2016-04-02
15, Demi Lovato ,8,13,268, 2016-04-02
16, Drake ,22,13,253, 2016-04-02
17, Kanye West ,5,1,75, 2016-04-02
18, Katy Perry ,15,1,278, 2016-04-02
19, Wiz Khalifa ,31,13,265, 2016-04-02
20, 5 Seconds Of Summer ,9,1,104, 2016-04-02
21, Shawn Mendes ,12,13,65, 2016-04-02
22, One Direction ,23,13,227, 2016-04-02
23, Melanie Martinez ,36,13,8, 2016-04-02
24, Beyonce ,7,1,275, 2016-04-02
25, Troye Sivan ,11,13,43, 2016-04-02
26, Little Mix ,33,13,89, 2016-04-02
27, Zendaya ,17,13,84, 2016-04-02
28, Lucy Hale ,20,13,90, 2016-04-02
29, Snoop Dogg ,30,13,243, 2016-04-02
30, Skrillex ,45,13,175, 2016-04-02
31, Adele ,35,1,195, 2016-04-02
32, Jennifer Lopez ,25,13,264, 2016-04-02
33, Jacob Whitesides ,44,13,34, 2016-04-02
34, G-Eazy ,43,13,12, 2016-04-02
35, Martin Garrix ,120,13,91, 2016-04-02
36, Jack & Jack ,46,35,3, 2016-04-02
37, Eminem ,120,13,247, 2016-04-02
38, Ellie Goulding ,24,13,132, 2016-04-02
39, JJ Project ,120,13,4, 2016-04-02
40, Charlie Puth ,32,13,7, 2016-04-02
41, The Weeknd ,27,13,42, 2016-04-02
42, Lady Gaga ,26,1,276, 2016-04-02
43, Laura Marano ,120,13,1, 2016-04-02
44, Maroon 5 ,38,1,162, 2016-04-02
45, Justin Timberlake ,41,1,241, 2016-04-02
46, Britney Spears ,42,1,237, 2016-04-02
47, Shakira ,48,13,274, 2016-04-02
48, Bring Me The Horizon ,120,37,9, 2016-04-02
49, Timati ,39,13,12, 2016-04-02
50, twenty one pilots ,50,13,5, 2016-04-02
1, Justin Bieber ,1,1,277, 2016-03-26
2, Ariana Grande ,2,13,173, 2016-03-26
3, Zayn ,18,13,7, 2016-03-26
4, Selena Gomez ,11,13,275, 2016-03-26
5, Kanye West ,14,1,74, 2016-03-26
6, Chris Brown ,13,13,250, 2016-03-26
7, Beyonce ,25,1,274, 2016-03-26
8, Demi Lovato ,3,13,267, 2016-03-26
9, 5 Seconds Of Summer ,9,1,103, 2016-03-26
10, Miley Cyrus ,7,1,205, 2016-03-26
11, Troye Sivan ,19,13,42, 2016-03-26
12, Shawn Mendes ,10,13,64, 2016-03-26
13, Taylor Swift ,5,1,277, 2016-03-26
14, Halsey ,21,8,7, 2016-03-26
15, Katy Perry ,16,1,277, 2016-03-26
16, Rihanna ,20,1,266, 2016-03-26
17, Zendaya ,33,13,83, 2016-03-26
18, Nicki Minaj ,8,13,276, 2016-03-26
19, Fifth Harmony ,12,13,42, 2016-03-26
20, Lucy Hale ,15,13,89, 2016-03-26
21, Camila Cabello ,6,13,7, 2016-03-26
22, Drake ,22,13,252, 2016-03-26
23, One Direction ,23,13,226, 2016-03-26
24, Ellie Goulding ,35,13,131, 2016-03-26
25, Jennifer Lopez ,24,13,263, 2016-03-26
26, Lady Gaga ,4,1,275, 2016-03-26
27, The Weeknd ,31,13,41, 2016-03-26
28, John Legend ,120,13,5, 2016-03-26
29, Ciara ,39,13,46, 2016-03-26
30, Snoop Dogg ,27,13,242, 2016-03-26
31, Wiz Khalifa ,26,13,264, 2016-03-26
32, Charlie Puth ,46,13,6, 2016-03-26
33, Little Mix ,30,13,88, 2016-03-26
34, Austin Mahone ,41,13,138, 2016-03-26
35, Adele ,17,1,194, 2016-03-26
36, Melanie Martinez ,120,13,7, 2016-03-26
37, Kendrick Lamar ,28,13,11, 2016-03-26
38, Maroon 5 ,37,1,161, 2016-03-26
39, Timati ,120,13,11, 2016-03-26
40, Meghan Trainor ,40,13,45, 2016-03-26
41, Justin Timberlake ,32,1,240, 2016-03-26
42, Britney Spears ,29,1,236, 2016-03-26
43, G-Eazy ,43,13,11, 2016-03-26
44, Jacob Whitesides ,36,13,33, 2016-03-26
45, Skrillex ,48,13,174, 2016-03-26
46, Jack & Jack ,120,35,2, 2016-03-26
47, Chief Keef ,120,13,1, 2016-03-26
48, Shakira ,34,13,273, 2016-03-26
49, Future ,45,13,29, 2016-03-26
50, twenty one pilots ,120,13,4, 2016-03-26
1, Justin Bieber ,1,1,276, 2016-03-19
2, Ariana Grande ,5,13,172, 2016-03-19
3, Demi Lovato ,10,13,266, 2016-03-19
4, Lady Gaga ,18,1,274, 2016-03-19
5, Taylor Swift ,20,1,276, 2016-03-19
6, Camila Cabello ,14,13,6, 2016-03-19
7, Miley Cyrus ,16,1,204, 2016-03-19
8, Nicki Minaj ,21,13,275, 2016-03-19
9, 5 Seconds Of Summer ,17,1,102, 2016-03-19
10, Shawn Mendes ,15,13,63, 2016-03-19
11, Selena Gomez ,9,13,274, 2016-03-19
12, Fifth Harmony ,11,13,41, 2016-03-19
13, Chris Brown ,24,13,249, 2016-03-19
14, Kanye West ,2,1,73, 2016-03-19
15, Lucy Hale ,27,13,88, 2016-03-19
16, Katy Perry ,28,1,276, 2016-03-19
17, Adele ,13,1,193, 2016-03-19
18, Zayn ,4,13,6, 2016-03-19
19, Troye Sivan ,6,13,41, 2016-03-19
20, Rihanna ,3,1,265, 2016-03-19
21, Halsey ,29,8,6, 2016-03-19
22, Drake ,8,13,251, 2016-03-19
23, One Direction ,7,13,225, 2016-03-19
24, Jennifer Lopez ,22,13,262, 2016-03-19
25, Beyonce ,25,1,273, 2016-03-19
26, Wiz Khalifa ,23,13,263, 2016-03-19
27, Snoop Dogg ,30,13,241, 2016-03-19
28, Kendrick Lamar ,120,13,10, 2016-03-19
29, Britney Spears ,37,1,235, 2016-03-19
30, Little Mix ,12,13,87, 2016-03-19
31, The Weeknd ,120,13,40, 2016-03-19
32, Justin Timberlake ,49,1,239, 2016-03-19
33, Zendaya ,19,13,82, 2016-03-19
34, Shakira ,45,13,272, 2016-03-19
35, Ellie Goulding ,26,13,130, 2016-03-19
36, Jacob Whitesides ,38,13,32, 2016-03-19
37, Maroon 5 ,42,1,160, 2016-03-19
38, Martin Garrix ,44,13,90, 2016-03-19
39, Ciara ,120,13,45, 2016-03-19
40, Meghan Trainor ,120,13,44, 2016-03-19
41, Austin Mahone ,120,13,137, 2016-03-19
42, Metro Boomin ,120,13,2, 2016-03-19
43, G-Eazy ,120,13,10, 2016-03-19
44, The 1975 ,32,13,3, 2016-03-19
45, Future ,47,13,28, 2016-03-19
46, Charlie Puth ,120,13,5, 2016-03-19
47, Becky G ,41,13,68, 2016-03-19
48, Skrillex ,50,13,173, 2016-03-19
49, Tyler  The Creator ,120,13,1, 2016-03-19
50, deadmau5 ,120,13,25, 2016-03-19
1, Justin Bieber ,1,1,275, 2016-03-12
2, Kanye West ,2,1,72, 2016-03-12
3, Rihanna ,11,1,264, 2016-03-12
4, Zayn ,4,13,5, 2016-03-12
5, Ariana Grande ,5,13,171, 2016-03-12
6, Troye Sivan ,31,13,40, 2016-03-12
7, One Direction ,16,13,224, 2016-03-12
8, Drake ,13,13,250, 2016-03-12
9, Selena Gomez ,8,13,273, 2016-03-12
10, Demi Lovato ,6,13,265, 2016-03-12
11, Fifth Harmony ,120,13,40, 2016-03-12
12, Little Mix ,35,13,86, 2016-03-12
13, Adele ,17,1,192, 2016-03-12
14, Camila Cabello ,30,13,5, 2016-03-12
15, Shawn Mendes ,12,13,62, 2016-03-12
16, Miley Cyrus ,10,1,203, 2016-03-12
17, 5 Seconds Of Summer ,9,1,101, 2016-03-12
18, Lady Gaga ,7,1,273, 2016-03-12
19, Zendaya ,22,13,81, 2016-03-12
20, Taylor Swift ,3,1,275, 2016-03-12
21, Nicki Minaj ,27,13,274, 2016-03-12
22, Jennifer Lopez ,24,13,261, 2016-03-12
23, Wiz Khalifa ,18,13,262, 2016-03-12
24, Chris Brown ,20,13,248, 2016-03-12
25, Beyonce ,15,1,272, 2016-03-12
26, Ellie Goulding ,28,13,129, 2016-03-12
27, Lucy Hale ,26,13,87, 2016-03-12
28, Katy Perry ,14,1,275, 2016-03-12
29, Halsey ,23,8,5, 2016-03-12
30, Snoop Dogg ,29,13,240, 2016-03-12
31, Kesha ,21,21,83, 2016-03-12
32, The 1975 ,120,13,2, 2016-03-12
33, Young Thug ,40,13,4, 2016-03-12
34, twenty one pilots ,120,13,3, 2016-03-12
35, Jack & Jack ,120,35,1, 2016-03-12
36, Eminem ,48,13,246, 2016-03-12
37, Britney Spears ,39,1,234, 2016-03-12
38, Jacob Whitesides ,32,13,31, 2016-03-12
39, Coldplay ,120,1,155, 2016-03-12
40, Dulce Maria ,120,7,9, 2016-03-12
41, Becky G ,120,13,67, 2016-03-12
42, Maroon 5 ,120,1,159, 2016-03-12
43, 50 Cent ,120,13,145, 2016-03-12
44, Martin Garrix ,120,13,89, 2016-03-12
45, Shakira ,34,13,271, 2016-03-12
46, Bea Miller ,36,13,23, 2016-03-12
47, Future ,120,13,27, 2016-03-12
48, Timati ,120,13,10, 2016-03-12
49, Justin Timberlake ,45,1,238, 2016-03-12
50, Skrillex ,42,13,172, 2016-03-12
1, Justin Bieber ,1,1,274, 2016-03-05
2, Kanye West ,3,1,71, 2016-03-05
3, Taylor Swift ,14,1,274, 2016-03-05
4, Zayn ,2,13,4, 2016-03-05
5, Ariana Grande ,5,13,170, 2016-03-05
6, Demi Lovato ,8,13,264, 2016-03-05
7, Lady Gaga ,13,1,272, 2016-03-05
8, Selena Gomez ,6,13,272, 2016-03-05
9, 5 Seconds Of Summer ,9,1,100, 2016-03-05
10, Miley Cyrus ,12,1,202, 2016-03-05
11, Rihanna ,11,1,263, 2016-03-05
12, Shawn Mendes ,7,13,61, 2016-03-05
13, Drake ,10,13,249, 2016-03-05
14, Katy Perry ,17,1,274, 2016-03-05
15, Beyonce ,4,1,271, 2016-03-05
16, One Direction ,16,13,223, 2016-03-05
17, Adele ,24,1,191, 2016-03-05
18, Wiz Khalifa ,18,13,261, 2016-03-05
19, The Weeknd ,33,13,39, 2016-03-05
20, Chris Brown ,23,13,247, 2016-03-05
21, Kesha ,120,21,82, 2016-03-05
22, Zendaya ,15,13,80, 2016-03-05
23, Halsey ,39,8,4, 2016-03-05
24, Jennifer Lopez ,21,13,260, 2016-03-05
25, Kendrick Lamar ,120,13,9, 2016-03-05
26, Lucy Hale ,19,13,86, 2016-03-05
27, Nicki Minaj ,20,13,273, 2016-03-05
28, Ellie Goulding ,22,13,128, 2016-03-05
29, Snoop Dogg ,27,13,239, 2016-03-05
30, Camila Cabello ,36,13,4, 2016-03-05
31, Troye Sivan ,25,13,39, 2016-03-05
32, Jacob Whitesides ,50,13,30, 2016-03-05
33, Ed Sheeran ,120,1,104, 2016-03-05
34, Shakira ,42,13,270, 2016-03-05
35, Little Mix ,29,13,85, 2016-03-05
36, Bea Miller ,120,13,22, 2016-03-05
37, Bruno Mars ,26,1,239, 2016-03-05
38, Meghan Trainor ,120,13,43, 2016-03-05
39, Britney Spears ,31,1,233, 2016-03-05
40, Young Thug ,120,13,3, 2016-03-05
41, Austin Mahone ,37,13,136, 2016-03-05
42, Skrillex ,47,13,171, 2016-03-05
43, Tori Kelly ,120,13,7, 2016-03-05
44, Charlie Puth ,49,13,4, 2016-03-05
45, Justin Timberlake ,45,1,237, 2016-03-05
46, Diplo ,120,13,4, 2016-03-05
47, Thalia ,120,13,33, 2016-03-05
48, Eminem ,44,13,245, 2016-03-05
49, Sia ,120,13,3, 2016-03-05
50, G-Eazy ,34,13,9, 2016-03-05
1, Justin Bieber ,1,1,273, 2016-02-27
2, Zayn ,2,13,3, 2016-02-27
3, Kanye West ,9,1,70, 2016-02-27
4, Beyonce ,8,1,270, 2016-02-27
5, Ariana Grande ,4,13,169, 2016-02-27
6, Selena Gomez ,5,13,271, 2016-02-27
7, Shawn Mendes ,3,13,60, 2016-02-27
8, Demi Lovato ,11,13,263, 2016-02-27
9, 5 Seconds Of Summer ,28,1,99, 2016-02-27
10, Drake ,19,13,248, 2016-02-27
11, Rihanna ,12,1,262, 2016-02-27
12, Miley Cyrus ,6,1,201, 2016-02-27
13, Lady Gaga ,27,1,271, 2016-02-27
14, Taylor Swift ,14,1,273, 2016-02-27
15, Zendaya ,22,13,79, 2016-02-27
16, One Direction ,7,13,222, 2016-02-27
17, Katy Perry ,17,1,273, 2016-02-27
18, Wiz Khalifa ,10,13,260, 2016-02-27
19, Lucy Hale ,20,13,85, 2016-02-27
20, Nicki Minaj ,23,13,272, 2016-02-27
21, Jennifer Lopez ,25,13,259, 2016-02-27
22, Ellie Goulding ,24,13,127, 2016-02-27
23, Chris Brown ,18,13,246, 2016-02-27
24, Adele ,16,1,190, 2016-02-27
25, Troye Sivan ,15,13,38, 2016-02-27
26, Bruno Mars ,50,1,238, 2016-02-27
27, Snoop Dogg ,21,13,238, 2016-02-27
28, The Vamps ,38,13,44, 2016-02-27
29, Little Mix ,26,13,84, 2016-02-27
30, Future ,13,30,26, 2016-02-27
31, Britney Spears ,41,1,232, 2016-02-27
32, Ciara ,120,13,44, 2016-02-27
33, The Weeknd ,120,13,38, 2016-02-27
34, G-Eazy ,47,13,8, 2016-02-27
35, Coldplay ,42,1,154, 2016-02-27
36, Camila Cabello ,31,13,3, 2016-02-27
37, Austin Mahone ,39,13,135, 2016-02-27
38, Lana Del Rey ,44,13,106, 2016-02-27
39, Halsey ,30,8,3, 2016-02-27
40, Fifth Harmony ,37,13,39, 2016-02-27
41, Chance The Rapper ,120,13,1, 2016-02-27
42, Shakira ,29,13,269, 2016-02-27
43, Timati ,120,13,9, 2016-02-27
44, Eminem ,120,13,244, 2016-02-27
45, Justin Timberlake ,48,1,236, 2016-02-27
46, Jessie J ,40,46,70, 2016-02-27
47, Skrillex ,46,13,170, 2016-02-27
48, Tyga ,49,13,45, 2016-02-27
49, Charlie Puth ,36,13,3, 2016-02-27
50, Jacob Whitesides ,120,13,29, 2016-02-27
1, Justin Bieber ,1,1,272, 2016-02-20
2, Zayn ,3,13,2, 2016-02-20
3, Shawn Mendes ,5,13,59, 2016-02-20
4, Ariana Grande ,7,13,168, 2016-02-20
5, Selena Gomez ,12,13,270, 2016-02-20
6, Miley Cyrus ,11,1,200, 2016-02-20
7, One Direction ,4,13,221, 2016-02-20
8, Beyonce ,21,1,269, 2016-02-20
9, Kanye West ,2,1,69, 2016-02-20
10, Wiz Khalifa ,8,13,259, 2016-02-20
11, Demi Lovato ,10,13,262, 2016-02-20
12, Rihanna ,6,1,261, 2016-02-20
13, Future ,120,13,25, 2016-02-20
14, Taylor Swift ,9,1,272, 2016-02-20
15, Troye Sivan ,19,13,37, 2016-02-20
16, Adele ,33,1,189, 2016-02-20
17, Katy Perry ,16,1,272, 2016-02-20
18, Chris Brown ,15,13,245, 2016-02-20
19, Drake ,13,13,247, 2016-02-20
20, Lucy Hale ,20,13,84, 2016-02-20
21, Snoop Dogg ,24,13,237, 2016-02-20
22, Zendaya ,25,13,78, 2016-02-20
23, Nicki Minaj ,22,13,271, 2016-02-20
24, Ellie Goulding ,23,13,126, 2016-02-20
25, Jennifer Lopez ,17,13,258, 2016-02-20
26, Little Mix ,27,13,83, 2016-02-20
27, Lady Gaga ,26,1,270, 2016-02-20
28, 5 Seconds Of Summer ,14,1,98, 2016-02-20
29, Shakira ,28,13,268, 2016-02-20
30, Halsey ,44,8,2, 2016-02-20
31, Camila Cabello ,18,13,2, 2016-02-20
32, Bryson Tiller ,37,13,2, 2016-02-20
33, Young Thug ,120,13,2, 2016-02-20
34, Becky G ,36,13,66, 2016-02-20
35, Daddy Yankee ,120,13,40, 2016-02-20
36, Charlie Puth ,31,13,2, 2016-02-20
37, Fifth Harmony ,120,13,38, 2016-02-20
38, The Vamps ,29,13,43, 2016-02-20
39, Austin Mahone ,35,13,134, 2016-02-20
40, Jessie J ,120,40,69, 2016-02-20
41, Britney Spears ,30,1,231, 2016-02-20
42, Coldplay ,50,1,153, 2016-02-20
43, Claudia Leitte ,48,13,29, 2016-02-20
44, Lana Del Rey ,120,13,105, 2016-02-20
45, DeStorm Power ,120,13,18, 2016-02-20
46, Skrillex ,43,13,169, 2016-02-20
47, G-Eazy ,32,13,7, 2016-02-20
48, Justin Timberlake ,45,1,235, 2016-02-20
49, Tyga ,120,13,44, 2016-02-20
50, Bruno Mars ,120,1,237, 2016-02-20
1, Justin Bieber ,1,1,271, 2016-02-13
2, Kanye West ,19,1,68, 2016-02-13
3, ZAYN ,120,2,1, 2016-02-13
4, One Direction ,10,13,220, 2016-02-13
5, Shawn Mendes ,3,13,58, 2016-02-13
6, Rihanna ,36,1,260, 2016-02-13
7, Ariana Grande ,2,13,167, 2016-02-13
8, Wiz Khalifa ,18,13,258, 2016-02-13
9, Taylor Swift ,13,1,271, 2016-02-13
10, Demi Lovato ,7,13,261, 2016-02-13
11, Miley Cyrus ,5,1,199, 2016-02-13
12, Selena Gomez ,6,13,269, 2016-02-13
13, Drake ,12,13,246, 2016-02-13
14, 5 Seconds Of Summer ,16,1,97, 2016-02-13
15, Chris Brown ,8,13,244, 2016-02-13
16, Katy Perry ,9,1,271, 2016-02-13
17, Jennifer Lopez ,14,13,257, 2016-02-13
18, Camila Cabello ,120,13,1, 2016-02-13
19, Troye Sivan ,21,13,36, 2016-02-13
20, Lucy Hale ,15,13,83, 2016-02-13
21, Beyonce ,35,1,268, 2016-02-13
22, Nicki Minaj ,4,13,270, 2016-02-13
23, Ellie Goulding ,20,13,125, 2016-02-13
24, Snoop Dogg ,25,13,236, 2016-02-13
25, Zendaya ,11,13,77, 2016-02-13
26, Lady Gaga ,28,1,269, 2016-02-13
27, Little Mix ,24,13,82, 2016-02-13
28, Shakira ,27,13,267, 2016-02-13
29, The Vamps ,26,13,42, 2016-02-13
30, Britney Spears ,32,1,230, 2016-02-13
31, Charlie Puth ,120,13,1, 2016-02-13
32, G-Eazy ,33,13,6, 2016-02-13
33, Adele ,31,1,188, 2016-02-13
34, Melanie Martinez ,120,13,6, 2016-02-13
35, Austin Mahone ,22,13,133, 2016-02-13
36, Becky G ,39,13,65, 2016-02-13
37, Bryson Tiller ,120,13,1, 2016-02-13
38, RYEOWOOK ,120,38,1, 2016-02-13
39, J. Cole ,120,13,4, 2016-02-13
40, The Weeknd ,40,13,37, 2016-02-13
41, Jacob Whitesides ,34,13,28, 2016-02-13
42, Rita Ora ,45,13,57, 2016-02-13
43, Skrillex ,120,13,168, 2016-02-13
44, Halsey ,120,8,1, 2016-02-13
45, Justin Timberlake ,48,1,234, 2016-02-13
46, Meghan Trainor ,120,13,42, 2016-02-13
47, Meek Mill ,42,13,47, 2016-02-13
48, Claudia Leitte ,120,13,28, 2016-02-13
49, Bea Miller ,44,13,21, 2016-02-13
50, Coldplay ,120,1,152, 2016-02-13
1, Justin Bieber ,1,1,270, 2016-02-06
2, Ariana Grande ,2,13,166, 2016-02-06
3, Shawn Mendes ,8,13,57, 2016-02-06
4, Nicki Minaj ,6,13,269, 2016-02-06
5, Miley Cyrus ,20,1,198, 2016-02-06
6, Selena Gomez ,4,13,268, 2016-02-06
7, Demi Lovato ,10,13,260, 2016-02-06
8, Chris Brown ,11,13,243, 2016-02-06
9, Katy Perry ,14,1,270, 2016-02-06
10, One Direction ,5,13,219, 2016-02-06
11, Zendaya ,16,13,76, 2016-02-06
12, Drake ,12,13,245, 2016-02-06
13, Taylor Swift ,9,1,270, 2016-02-06
14, Jennifer Lopez ,15,13,256, 2016-02-06
15, Lucy Hale ,7,13,82, 2016-02-06
16, 5 Seconds Of Summer ,21,1,96, 2016-02-06
17, Glenn Frey ,120,17,1, 2016-02-06
18, Wiz Khalifa ,13,13,257, 2016-02-06
19, Kanye West ,47,1,67, 2016-02-06
20, Ellie Goulding ,32,13,124, 2016-02-06
21, Troye Sivan ,18,13,35, 2016-02-06
22, Austin Mahone ,28,13,132, 2016-02-06
23, 50 Cent ,120,13,144, 2016-02-06
24, Little Mix ,23,13,81, 2016-02-06
25, Snoop Dogg ,26,13,235, 2016-02-06
26, The Vamps ,34,13,41, 2016-02-06
27, Shakira ,40,13,266, 2016-02-06
28, Lady Gaga ,19,1,268, 2016-02-06
29, Fifth Harmony ,48,13,37, 2016-02-06
30, David Bowie ,3,13,4, 2016-02-06
31, Adele ,17,1,187, 2016-02-06
32, Britney Spears ,41,1,229, 2016-02-06
33, G-Eazy ,33,13,5, 2016-02-06
34, Jacob Whitesides ,42,13,27, 2016-02-06
35, Beyonce ,25,1,267, 2016-02-06
36, Rihanna ,24,1,259, 2016-02-06
37, Martin Garrix ,44,13,88, 2016-02-06
38, Timati ,120,13,8, 2016-02-06
39, Becky G ,39,13,64, 2016-02-06
40, The Weeknd ,27,13,36, 2016-02-06
41, Panic! At The Disco ,22,13,4, 2016-02-06
42, Meek Mill ,49,13,46, 2016-02-06
43, Future ,29,13,24, 2016-02-06
44, Bea Miller ,120,13,20, 2016-02-06
45, Rita Ora ,43,13,56, 2016-02-06
46, Eagles ,120,46,1, 2016-02-06
47, Eminem ,37,13,243, 2016-02-06
48, Justin Timberlake ,36,1,233, 2016-02-06
49, VIXX ,120,13,10, 2016-02-06
50, Ice Cube ,35,13,6, 2016-02-06
1, Justin Bieber ,1,1,269, 2016-01-30
2, Ariana Grande ,6,13,165, 2016-01-30
3, David Bowie ,50,13,3, 2016-01-30
4, Selena Gomez ,3,13,267, 2016-01-30
5, One Direction ,12,13,218, 2016-01-30
6, Nicki Minaj ,18,13,268, 2016-01-30
7, Lucy Hale ,7,13,81, 2016-01-30
8, Shawn Mendes ,2,13,56, 2016-01-30
9, Taylor Swift ,5,1,269, 2016-01-30
10, Demi Lovato ,4,13,259, 2016-01-30
11, Chris Brown ,19,13,242, 2016-01-30
12, Drake ,17,13,244, 2016-01-30
13, Wiz Khalifa ,16,13,256, 2016-01-30
14, Katy Perry ,10,1,269, 2016-01-30
15, Jennifer Lopez ,15,13,255, 2016-01-30
16, Zendaya ,20,13,75, 2016-01-30
17, Adele ,8,1,186, 2016-01-30
18, Troye Sivan ,32,13,34, 2016-01-30
19, Lady Gaga ,9,1,267, 2016-01-30
20, Miley Cyrus ,14,1,197, 2016-01-30
21, 5 Seconds Of Summer ,22,1,95, 2016-01-30
22, Panic! At The Disco ,120,13,3, 2016-01-30
23, Little Mix ,42,13,80, 2016-01-30
24, Rihanna ,23,1,258, 2016-01-30
25, Beyonce ,21,1,266, 2016-01-30
26, Snoop Dogg ,24,13,234, 2016-01-30
27, The Weeknd ,26,13,35, 2016-01-30
28, Austin Mahone ,44,13,131, 2016-01-30
29, Future ,31,13,23, 2016-01-30
30, Skrillex ,120,13,167, 2016-01-30
31, Celine Dion ,120,31,7, 2016-01-30
32, Ellie Goulding ,13,13,123, 2016-01-30
33, G-Eazy ,34,13,4, 2016-01-30
34, The Vamps ,120,13,40, 2016-01-30
35, Ice Cube ,120,13,5, 2016-01-30
36, Justin Timberlake ,33,1,232, 2016-01-30
37, Eminem ,120,13,242, 2016-01-30
38, DJ Khaled ,35,13,5, 2016-01-30
39, Becky G ,27,13,63, 2016-01-30
40, Shakira ,28,13,265, 2016-01-30
41, Britney Spears ,37,1,228, 2016-01-30
42, Jacob Whitesides ,39,13,26, 2016-01-30
43, Rita Ora ,36,13,55, 2016-01-30
44, Martin Garrix ,40,13,87, 2016-01-30
45, Sam Smith ,120,13,72, 2016-01-30
46, Hilary Duff ,120,13,7, 2016-01-30
47, Kanye West ,11,1,66, 2016-01-30
48, Fifth Harmony ,25,13,36, 2016-01-30
49, Meek Mill ,120,13,45, 2016-01-30
50, Calvin Harris ,120,13,43, 2016-01-30
1, Justin Bieber ,1,1,268, 2016-01-23
2, Shawn Mendes ,3,13,55, 2016-01-23
3, Selena Gomez ,7,13,266, 2016-01-23
4, Demi Lovato ,6,13,258, 2016-01-23
5, Taylor Swift ,4,1,268, 2016-01-23
6, Ariana Grande ,5,13,164, 2016-01-23
7, Lucy Hale ,18,13,80, 2016-01-23
8, Adele ,12,1,185, 2016-01-23
9, Lady Gaga ,25,1,266, 2016-01-23
10, Katy Perry ,10,1,268, 2016-01-23
11, Kanye West ,50,1,65, 2016-01-23
12, One Direction ,8,13,217, 2016-01-23
13, Ellie Goulding ,21,13,122, 2016-01-23
14, Miley Cyrus ,19,1,196, 2016-01-23
15, Jennifer Lopez ,11,13,254, 2016-01-23
16, Wiz Khalifa ,14,13,255, 2016-01-23
17, Drake ,9,13,243, 2016-01-23
18, Nicki Minaj ,2,13,267, 2016-01-23
19, Chris Brown ,17,13,241, 2016-01-23
20, Zendaya ,15,13,74, 2016-01-23
21, Beyonce ,26,1,265, 2016-01-23
22, 5 Seconds Of Summer ,13,1,94, 2016-01-23
23, Rihanna ,22,1,257, 2016-01-23
24, Snoop Dogg ,33,13,233, 2016-01-23
25, Fifth Harmony ,38,13,35, 2016-01-23
26, The Weeknd ,41,13,34, 2016-01-23
27, Becky G ,20,13,62, 2016-01-23
28, Shakira ,32,13,264, 2016-01-23
29, Timati ,48,13,7, 2016-01-23
30, Fall Out Boy ,120,13,10, 2016-01-23
31, Future ,49,13,22, 2016-01-23
32, Troye Sivan ,23,13,33, 2016-01-23
33, Justin Timberlake ,120,1,231, 2016-01-23
34, G-Eazy ,120,13,3, 2016-01-23
35, DJ Khaled ,37,13,4, 2016-01-23
36, Rita Ora ,40,13,54, 2016-01-23
37, Britney Spears ,28,1,227, 2016-01-23
38, Jessie J ,120,21,68, 2016-01-23
39, Jacob Whitesides ,42,13,25, 2016-01-23
40, Martin Garrix ,27,13,86, 2016-01-23
41, Plies ,35,35,2, 2016-01-23
42, Little Mix ,31,13,79, 2016-01-23
43, Ludacris ,120,13,95, 2016-01-23
44, Austin Mahone ,24,13,130, 2016-01-23
45, Meghan Trainor ,120,13,41, 2016-01-23
46, 50 Cent ,120,13,143, 2016-01-23
47, Tyga ,39,13,43, 2016-01-23
48, Tori Kelly ,120,13,6, 2016-01-23
49, Iggy Azalea ,47,13,64, 2016-01-23
50, David Bowie ,120,13,2, 2016-01-23
1, Justin Bieber ,1,1,267, 2016-01-16
2, Nicki Minaj ,8,13,266, 2016-01-16
3, Shawn Mendes ,10,13,54, 2016-01-16
4, Taylor Swift ,3,1,267, 2016-01-16
5, Ariana Grande ,2,13,163, 2016-01-16
6, Demi Lovato ,12,13,257, 2016-01-16
7, Selena Gomez ,6,13,265, 2016-01-16
8, One Direction ,4,13,216, 2016-01-16
9, Drake ,11,13,242, 2016-01-16
10, Katy Perry ,14,1,267, 2016-01-16
11, Jennifer Lopez ,23,13,253, 2016-01-16
12, Adele ,7,1,184, 2016-01-16
13, 5 Seconds Of Summer ,18,1,93, 2016-01-16
14, Wiz Khalifa ,16,13,254, 2016-01-16
15, Zendaya ,26,13,73, 2016-01-16
16, Motorhead ,120,16,1, 2016-01-16
17, Chris Brown ,5,13,240, 2016-01-16
18, Lucy Hale ,17,13,79, 2016-01-16
19, Miley Cyrus ,9,1,195, 2016-01-16
20, Becky G ,15,13,61, 2016-01-16
21, Ellie Goulding ,37,13,121, 2016-01-16
22, Rihanna ,28,1,256, 2016-01-16
23, Troye Sivan ,22,13,32, 2016-01-16
24, Austin Mahone ,21,13,129, 2016-01-16
25, Lady Gaga ,20,1,265, 2016-01-16
26, Beyonce ,27,1,264, 2016-01-16
27, Martin Garrix ,33,13,85, 2016-01-16
28, Britney Spears ,41,1,226, 2016-01-16
29, Travi$ Scott ,120,13,3, 2016-01-16
30, The Vamps ,120,13,39, 2016-01-16
31, Little Mix ,25,13,78, 2016-01-16
32, Shakira ,30,13,263, 2016-01-16
33, Snoop Dogg ,19,13,232, 2016-01-16
34, Natalie Cole ,120,34,1, 2016-01-16
35, Plies ,120,35,1, 2016-01-16
36, Skrillex ,32,13,166, 2016-01-16
37, DJ Khaled ,29,13,3, 2016-01-16
38, Fifth Harmony ,36,13,34, 2016-01-16
39, Tyga ,50,13,42, 2016-01-16
40, Rita Ora ,120,13,53, 2016-01-16
41, The Weeknd ,13,13,33, 2016-01-16
42, Jacob Whitesides ,44,13,24, 2016-01-16
43, Big Sean ,120,13,26, 2016-01-16
44, Melanie Martinez ,35,13,5, 2016-01-16
45, Pentatonix ,31,13,27, 2016-01-16
46, Ross Lynch ,120,46,1, 2016-01-16
47, Iggy Azalea ,120,13,63, 2016-01-16
48, Timati ,49,13,6, 2016-01-16
49, Future ,120,13,21, 2016-01-16
50, Kanye West ,120,1,64, 2016-01-16
1, Justin Bieber ,1,1,266, 2016-01-09
2, Ariana Grande ,2,13,162, 2016-01-09
3, Taylor Swift ,5,1,266, 2016-01-09
4, One Direction ,8,13,215, 2016-01-09
5, Chris Brown ,3,13,239, 2016-01-09
6, Selena Gomez ,4,13,264, 2016-01-09
7, Adele ,18,1,183, 2016-01-09
8, Nicki Minaj ,7,13,265, 2016-01-09
9, Miley Cyrus ,11,1,194, 2016-01-09
10, Shawn Mendes ,10,13,53, 2016-01-09
11, Drake ,14,13,241, 2016-01-09
12, Demi Lovato ,6,13,256, 2016-01-09
13, The Weeknd ,19,13,32, 2016-01-09
14, Katy Perry ,12,1,266, 2016-01-09
15, Becky G ,31,13,60, 2016-01-09
16, Wiz Khalifa ,13,13,253, 2016-01-09
17, Lucy Hale ,25,13,78, 2016-01-09
18, 5 Seconds Of Summer ,9,1,92, 2016-01-09
19, Snoop Dogg ,23,13,231, 2016-01-09
20, Lady Gaga ,24,1,264, 2016-01-09
21, Austin Mahone ,15,13,128, 2016-01-09
22, Troye Sivan ,16,13,31, 2016-01-09
23, Jennifer Lopez ,27,13,252, 2016-01-09
24, deadmau5 ,120,13,24, 2016-01-09
25, Little Mix ,33,13,77, 2016-01-09
26, Zendaya ,21,13,72, 2016-01-09
27, Beyonce ,30,1,263, 2016-01-09
28, Rihanna ,17,1,255, 2016-01-09
29, DJ Khaled ,22,13,2, 2016-01-09
30, Shakira ,50,13,262, 2016-01-09
31, Pentatonix ,26,13,26, 2016-01-09
32, Skrillex ,32,13,165, 2016-01-09
33, Martin Garrix ,44,13,84, 2016-01-09
34, Meghan Trainor ,120,13,40, 2016-01-09
35, Melanie Martinez ,120,13,4, 2016-01-09
36, Fifth Harmony ,28,13,33, 2016-01-09
37, Ellie Goulding ,20,13,120, 2016-01-09
38, Sam Smith ,34,13,71, 2016-01-09
39, 50 Cent ,48,13,142, 2016-01-09
40, Justin Timberlake ,46,1,230, 2016-01-09
41, Britney Spears ,41,1,225, 2016-01-09
42, Meek Mill ,120,13,44, 2016-01-09
43, Mariah Carey ,120,1,65, 2016-01-09
44, Jacob Whitesides ,37,13,23, 2016-01-09
45, Ed Sheeran ,120,1,103, 2016-01-09
46, Bea Miller ,120,13,19, 2016-01-09
47, VIXX ,120,13,9, 2016-01-09
48, Victoria Justice ,120,13,19, 2016-01-09
49, Timati ,120,13,5, 2016-01-09
50, Tyga ,120,13,41, 2016-01-09
1, Justin Bieber ,1,1,265, 2016-01-02
2, Ariana Grande ,9,13,161, 2016-01-02
3, Chris Brown ,11,13,238, 2016-01-02
4, Selena Gomez ,2,13,263, 2016-01-02
5, Taylor Swift ,5,1,265, 2016-01-02
6, Demi Lovato ,6,13,255, 2016-01-02
7, Nicki Minaj ,7,13,264, 2016-01-02
8, One Direction ,4,13,214, 2016-01-02
9, 5 Seconds Of Summer ,8,1,91, 2016-01-02
10, Shawn Mendes ,3,13,52, 2016-01-02
11, Miley Cyrus ,12,1,193, 2016-01-02
12, Katy Perry ,15,1,265, 2016-01-02
13, Wiz Khalifa ,18,13,252, 2016-01-02
14, Drake ,14,13,240, 2016-01-02
15, Austin Mahone ,29,13,127, 2016-01-02
16, Troye Sivan ,17,13,30, 2016-01-02
17, Rihanna ,22,1,254, 2016-01-02
18, Adele ,10,1,182, 2016-01-02
19, The Weeknd ,13,13,31, 2016-01-02
20, Ellie Goulding ,23,13,119, 2016-01-02
21, Zendaya ,20,13,71, 2016-01-02
22, DJ Khaled ,120,13,1, 2016-01-02
23, Snoop Dogg ,31,13,230, 2016-01-02
24, Lady Gaga ,16,1,263, 2016-01-02
25, Lucy Hale ,26,13,77, 2016-01-02
26, Pentatonix ,33,13,25, 2016-01-02
27, Jennifer Lopez ,32,13,251, 2016-01-02
28, Fifth Harmony ,19,13,32, 2016-01-02
29, Ice Cube ,120,13,4, 2016-01-02
30, Beyonce ,25,1,262, 2016-01-02
31, Becky G ,27,13,59, 2016-01-02
32, Skrillex ,36,13,164, 2016-01-02
33, Little Mix ,24,13,76, 2016-01-02
34, Sam Smith ,21,13,70, 2016-01-02
35, Rita Ora ,47,13,52, 2016-01-02
36, Mac Miller ,120,13,11, 2016-01-02
37, Jacob Whitesides ,120,13,22, 2016-01-02
38, Future ,120,13,20, 2016-01-02
39, Tori Kelly ,120,13,5, 2016-01-02
40, Lil Durk ,120,13,1, 2016-01-02
41, Britney Spears ,35,1,224, 2016-01-02
42, G-Eazy ,120,13,2, 2016-01-02
43, David Guetta ,120,13,215, 2016-01-02
44, Martin Garrix ,38,13,83, 2016-01-02
45, Travi$ Scott ,120,13,2, 2016-01-02
46, Justin Timberlake ,120,1,229, 2016-01-02
47, Lana Del Rey ,30,13,104, 2016-01-02
48, 50 Cent ,120,13,141, 2016-01-02
49, PSY ,37,1,56, 2016-01-02
50, Shakira ,50,13,261, 2016-01-02
1, Justin Bieber ,1,1,264, 2015-12-26
2, Selena Gomez ,6,13,262, 2015-12-26
3, Shawn Mendes ,5,13,51, 2015-12-26
4, One Direction ,3,13,213, 2015-12-26
5, Taylor Swift ,2,1,264, 2015-12-26
6, Demi Lovato ,7,13,254, 2015-12-26
7, Nicki Minaj ,10,13,263, 2015-12-26
8, 5 Seconds Of Summer ,9,1,90, 2015-12-26
9, Ariana Grande ,12,13,160, 2015-12-26
10, Adele ,4,1,181, 2015-12-26
11, Chris Brown ,15,13,237, 2015-12-26
12, Miley Cyrus ,11,1,192, 2015-12-26
13, The Weeknd ,17,13,30, 2015-12-26
14, Drake ,13,13,239, 2015-12-26
15, Katy Perry ,16,1,264, 2015-12-26
16, Lady Gaga ,20,1,262, 2015-12-26
17, Troye Sivan ,8,13,29, 2015-12-26
18, Wiz Khalifa ,14,13,251, 2015-12-26
19, Fifth Harmony ,26,13,31, 2015-12-26
20, Zendaya ,19,13,70, 2015-12-26
21, Sam Smith ,31,13,69, 2015-12-26
22, Rihanna ,22,1,253, 2015-12-26
23, Ellie Goulding ,49,13,118, 2015-12-26
24, Little Mix ,23,13,75, 2015-12-26
25, Beyonce ,30,1,261, 2015-12-26
26, Lucy Hale ,18,13,76, 2015-12-26
27, Becky G ,29,13,58, 2015-12-26
28, Ed Sheeran ,34,1,102, 2015-12-26
29, Austin Mahone ,25,13,126, 2015-12-26
30, Lana Del Rey ,120,13,103, 2015-12-26
31, Snoop Dogg ,36,13,229, 2015-12-26
32, Jennifer Lopez ,39,13,250, 2015-12-26
33, Pentatonix ,38,13,24, 2015-12-26
34, Jessie J ,43,21,67, 2015-12-26
35, Britney Spears ,32,1,223, 2015-12-26
36, Skrillex ,40,13,163, 2015-12-26
37, PSY ,21,1,55, 2015-12-26
38, Martin Garrix ,28,13,82, 2015-12-26
39, Melanie Martinez ,120,13,3, 2015-12-26
40, Meghan Trainor ,41,13,39, 2015-12-26
41, Us The Duo ,120,13,3, 2015-12-26
42, Kanye West ,120,1,63, 2015-12-26
43, Bea Miller ,48,13,18, 2015-12-26
44, The Vamps ,42,13,38, 2015-12-26
45, Gwen Stefani ,120,13,2, 2015-12-26
46, Michael Buble ,120,13,10, 2015-12-26
47, Rita Ora ,120,13,51, 2015-12-26
48, Ciara ,120,13,43, 2015-12-26
49, Coldplay ,35,1,151, 2015-12-26
50, Shakira ,46,13,260, 2015-12-26
1, Justin Bieber ,1,1,263, 2015-12-19
2, Taylor Swift ,16,1,263, 2015-12-19
3, One Direction ,2,13,212, 2015-12-19
4, Adele ,3,1,180, 2015-12-19
5, Shawn Mendes ,10,13,50, 2015-12-19
6, Selena Gomez ,6,13,261, 2015-12-19
7, Demi Lovato ,7,13,253, 2015-12-19
8, Troye Sivan ,40,13,28, 2015-12-19
9, 5 Seconds Of Summer ,8,1,89, 2015-12-19
10, Nicki Minaj ,5,13,262, 2015-12-19
11, Miley Cyrus ,12,1,191, 2015-12-19
12, Ariana Grande ,4,13,159, 2015-12-19
13, Drake ,11,13,238, 2015-12-19
14, Wiz Khalifa ,19,13,250, 2015-12-19
15, Chris Brown ,9,13,236, 2015-12-19
16, Katy Perry ,13,1,263, 2015-12-19
17, The Weeknd ,20,13,29, 2015-12-19
18, Lucy Hale ,32,13,75, 2015-12-19
19, Zendaya ,25,13,69, 2015-12-19
20, Lady Gaga ,21,1,261, 2015-12-19
21, PSY ,120,1,54, 2015-12-19
22, Rihanna ,15,1,252, 2015-12-19
23, Little Mix ,23,13,74, 2015-12-19
24, Scott Weiland ,120,13,1, 2015-12-19
25, Austin Mahone ,28,13,125, 2015-12-19
26, Fifth Harmony ,17,13,30, 2015-12-19
27, G-Eazy ,120,13,1, 2015-12-19
28, Martin Garrix ,43,13,81, 2015-12-19
29, Becky G ,31,13,57, 2015-12-19
30, Beyonce ,24,1,260, 2015-12-19
31, Sam Smith ,26,13,68, 2015-12-19
32, Britney Spears ,37,1,222, 2015-12-19
33, Future ,120,13,19, 2015-12-19
34, Ed Sheeran ,22,1,101, 2015-12-19
35, Coldplay ,34,1,150, 2015-12-19
36, Snoop Dogg ,41,13,228, 2015-12-19
37, Ludacris ,120,13,94, 2015-12-19
38, Pentatonix ,45,13,23, 2015-12-19
39, Jennifer Lopez ,14,13,249, 2015-12-19
40, Skrillex ,35,13,162, 2015-12-19
41, Meghan Trainor ,36,13,38, 2015-12-19
42, The Vamps ,18,13,37, 2015-12-19
43, Jessie J ,48,21,66, 2015-12-19
44, Justin Timberlake ,49,1,228, 2015-12-19
45, Jacob Whitesides ,27,13,21, 2015-12-19
46, Shakira ,44,13,259, 2015-12-19
47, Kid Cudi ,120,11,5, 2015-12-19
48, Bea Miller ,30,13,17, 2015-12-19
49, Ellie Goulding ,33,13,117, 2015-12-19
50, Daddy Yankee ,38,13,39, 2015-12-19
1, Justin Bieber ,1,1,262, 2015-12-12
2, One Direction ,2,13,211, 2015-12-12
3, Adele ,9,1,179, 2015-12-12
4, Ariana Grande ,4,13,158, 2015-12-12
5, Nicki Minaj ,17,13,261, 2015-12-12
6, Selena Gomez ,7,13,260, 2015-12-12
7, Demi Lovato ,8,13,252, 2015-12-12
8, 5 Seconds Of Summer ,6,1,88, 2015-12-12
9, Chris Brown ,15,13,235, 2015-12-12
10, Shawn Mendes ,3,13,49, 2015-12-12
11, Drake ,12,13,237, 2015-12-12
12, Miley Cyrus ,5,1,190, 2015-12-12
13, Katy Perry ,13,1,262, 2015-12-12
14, Jennifer Lopez ,29,13,248, 2015-12-12
15, Rihanna ,16,1,251, 2015-12-12
16, Taylor Swift ,10,1,262, 2015-12-12
17, Fifth Harmony ,20,13,29, 2015-12-12
18, The Vamps ,35,13,36, 2015-12-12
19, Wiz Khalifa ,11,13,249, 2015-12-12
20, The Weeknd ,18,13,28, 2015-12-12
21, Lady Gaga ,23,1,260, 2015-12-12
22, Ed Sheeran ,27,1,100, 2015-12-12
23, Little Mix ,25,13,73, 2015-12-12
24, Beyonce ,21,1,259, 2015-12-12
25, Zendaya ,14,13,68, 2015-12-12
26, Sam Smith ,19,13,67, 2015-12-12
27, Jacob Whitesides ,120,13,20, 2015-12-12
28, Austin Mahone ,22,13,124, 2015-12-12
29, VIXX ,32,13,8, 2015-12-12
30, Bea Miller ,120,13,16, 2015-12-12
31, Becky G ,40,13,56, 2015-12-12
32, Lucy Hale ,43,13,74, 2015-12-12
33, Ellie Goulding ,26,13,116, 2015-12-12
34, Coldplay ,42,1,149, 2015-12-12
35, Skrillex ,44,13,161, 2015-12-12
36, Meghan Trainor ,37,13,37, 2015-12-12
37, Britney Spears ,36,1,221, 2015-12-12
38, Daddy Yankee ,120,13,38, 2015-12-12
39, Melanie Martinez ,33,13,2, 2015-12-12
40, Troye Sivan ,28,13,27, 2015-12-12
41, Snoop Dogg ,46,13,227, 2015-12-12
42, Kendrick Lamar ,120,13,8, 2015-12-12
43, Martin Garrix ,50,13,80, 2015-12-12
44, Shakira ,49,13,258, 2015-12-12
45, Pentatonix ,47,13,22, 2015-12-12
46, J. Cole ,120,13,3, 2015-12-12
47, Claudia Leitte ,120,13,27, 2015-12-12
48, Jessie J ,120,21,65, 2015-12-12
49, Justin Timberlake ,120,1,227, 2015-12-12
50, 50 Cent ,120,13,140, 2015-12-12
1, Justin Bieber ,1,1,261, 2015-12-05
2, One Direction ,2,13,210, 2015-12-05
3, Shawn Mendes ,5,13,48, 2015-12-05
4, Ariana Grande ,3,13,157, 2015-12-05
5, Miley Cyrus ,7,1,189, 2015-12-05
6, 5 Seconds Of Summer ,10,1,87, 2015-12-05
7, Selena Gomez ,6,13,259, 2015-12-05
8, Demi Lovato ,9,13,251, 2015-12-05
9, Adele ,4,1,178, 2015-12-05
10, Taylor Swift ,8,1,261, 2015-12-05
11, Wiz Khalifa ,20,13,248, 2015-12-05
12, Drake ,11,13,236, 2015-12-05
13, Katy Perry ,12,1,261, 2015-12-05
14, Zendaya ,19,13,67, 2015-12-05
15, Chris Brown ,15,13,234, 2015-12-05
16, Rihanna ,25,1,250, 2015-12-05
17, Nicki Minaj ,17,13,260, 2015-12-05
18, The Weeknd ,21,13,27, 2015-12-05
19, Sam Smith ,28,13,66, 2015-12-05
20, Fifth Harmony ,33,13,28, 2015-12-05
21, Beyonce ,16,1,258, 2015-12-05
22, Austin Mahone ,30,13,123, 2015-12-05
23, Lady Gaga ,24,1,259, 2015-12-05
24, Soulja Boy ,120,13,24, 2015-12-05
25, Little Mix ,22,13,72, 2015-12-05
26, Ellie Goulding ,27,13,115, 2015-12-05
27, Ed Sheeran ,23,1,99, 2015-12-05
28, Troye Sivan ,26,13,26, 2015-12-05
29, Jennifer Lopez ,29,13,247, 2015-12-05
30, Eminem ,38,13,241, 2015-12-05
31, Dulce Maria ,13,7,8, 2015-12-05
32, VIXX ,14,13,7, 2015-12-05
33, Melanie Martinez ,120,13,1, 2015-12-05
34, Future ,42,13,18, 2015-12-05
35, The Vamps ,120,13,35, 2015-12-05
36, Britney Spears ,32,1,220, 2015-12-05
37, Meghan Trainor ,41,13,36, 2015-12-05
38, Rita Ora ,36,13,50, 2015-12-05
39, Lana Del Rey ,120,13,102, 2015-12-05
40, Becky G ,120,13,55, 2015-12-05
41, Eagles Of Death Metal ,18,13,2, 2015-12-05
42, Coldplay ,120,1,148, 2015-12-05
43, Lucy Hale ,34,13,73, 2015-12-05
44, Skrillex ,40,13,160, 2015-12-05
45, Big Sean ,48,13,25, 2015-12-05
46, Snoop Dogg ,43,13,226, 2015-12-05
47, Pentatonix ,46,13,21, 2015-12-05
48, Gwen Stefani ,120,13,1, 2015-12-05
49, Shakira ,120,13,257, 2015-12-05
50, Martin Garrix ,50,13,79, 2015-12-05
1, Justin Bieber ,1,1,260, 2015-11-28
2, One Direction ,2,13,209, 2015-11-28
3, Ariana Grande ,5,13,156, 2015-11-28
4, Adele ,14,1,177, 2015-11-28
5, Shawn Mendes ,7,13,47, 2015-11-28
6, Selena Gomez ,8,13,258, 2015-11-28
7, Miley Cyrus ,6,1,188, 2015-11-28
8, Taylor Swift ,11,1,260, 2015-11-28
9, Demi Lovato ,3,13,250, 2015-11-28
10, 5 Seconds Of Summer ,4,1,86, 2015-11-28
11, Drake ,10,13,235, 2015-11-28
12, Katy Perry ,12,1,260, 2015-11-28
13, Dulce Maria ,42,7,7, 2015-11-28
14, VIXX ,46,13,6, 2015-11-28
15, Chris Brown ,15,13,233, 2015-11-28
16, Beyonce ,17,1,257, 2015-11-28
17, Nicki Minaj ,13,13,259, 2015-11-28
18, Eagles Of Death Metal ,120,13,1, 2015-11-28
19, Zendaya ,21,13,66, 2015-11-28
20, Wiz Khalifa ,19,13,247, 2015-11-28
21, The Weeknd ,16,13,26, 2015-11-28
22, Little Mix ,9,13,71, 2015-11-28
23, Ed Sheeran ,29,1,98, 2015-11-28
24, Lady Gaga ,23,1,258, 2015-11-28
25, Rihanna ,24,1,249, 2015-11-28
26, Troye Sivan ,28,13,25, 2015-11-28
27, Ellie Goulding ,18,13,114, 2015-11-28
28, Sam Smith ,20,13,65, 2015-11-28
29, Jennifer Lopez ,34,13,246, 2015-11-28
30, Austin Mahone ,26,13,122, 2015-11-28
31, Jacob Whitesides ,27,13,19, 2015-11-28
32, Britney Spears ,35,1,219, 2015-11-28
33, Fifth Harmony ,36,13,27, 2015-11-28
34, Lucy Hale ,25,13,72, 2015-11-28
35, Logic ,120,35,1, 2015-11-28
36, Rita Ora ,38,13,49, 2015-11-28
37, Young Thug ,120,13,1, 2015-11-28
38, Eminem ,37,13,240, 2015-11-28
39, Justin Timberlake ,33,1,226, 2015-11-28
40, Skrillex ,39,13,159, 2015-11-28
41, Meghan Trainor ,45,13,35, 2015-11-28
42, Future ,32,13,17, 2015-11-28
43, Snoop Dogg ,120,13,225, 2015-11-28
44, 50 Cent ,120,13,139, 2015-11-28
45, Nick Jonas ,44,13,15, 2015-11-28
46, Pentatonix ,50,13,20, 2015-11-28
47, Metro Boomin ,120,13,1, 2015-11-28
48, Big Sean ,120,13,24, 2015-11-28
49, Maroon 5 ,120,1,158, 2015-11-28
50, Martin Garrix ,31,13,78, 2015-11-28
1, Justin Bieber ,1,1,259, 2015-11-21
2, One Direction ,3,13,208, 2015-11-21
3, Demi Lovato ,6,13,249, 2015-11-21
4, 5 Seconds Of Summer ,4,1,85, 2015-11-21
5, Ariana Grande ,2,13,155, 2015-11-21
6, Miley Cyrus ,8,1,187, 2015-11-21
7, Shawn Mendes ,12,13,46, 2015-11-21
8, Selena Gomez ,9,13,257, 2015-11-21
9, Little Mix ,29,13,70, 2015-11-21
10, Drake ,10,13,234, 2015-11-21
11, Taylor Swift ,5,1,259, 2015-11-21
12, Katy Perry ,11,1,259, 2015-11-21
13, Nicki Minaj ,7,13,258, 2015-11-21
14, Adele ,19,1,176, 2015-11-21
15, Chris Brown ,16,13,232, 2015-11-21
16, The Weeknd ,30,13,25, 2015-11-21
17, Beyonce ,15,1,256, 2015-11-21
18, Ellie Goulding ,25,13,113, 2015-11-21
19, Wiz Khalifa ,14,13,246, 2015-11-21
20, Sam Smith ,28,13,64, 2015-11-21
21, Zendaya ,20,13,65, 2015-11-21
22, B.o.B ,120,13,3, 2015-11-21
23, Lady Gaga ,22,1,257, 2015-11-21
24, Rihanna ,17,1,248, 2015-11-21
25, Lucy Hale ,13,13,71, 2015-11-21
26, Austin Mahone ,33,13,121, 2015-11-21
27, Jacob Whitesides ,120,13,18, 2015-11-21
28, Troye Sivan ,40,13,24, 2015-11-21
29, Ed Sheeran ,31,1,97, 2015-11-21
30, The Vamps ,39,13,34, 2015-11-21
31, Martin Garrix ,27,13,77, 2015-11-21
32, Future ,34,13,16, 2015-11-21
33, Justin Timberlake ,44,1,225, 2015-11-21
34, Jennifer Lopez ,24,13,245, 2015-11-21
35, Britney Spears ,35,1,218, 2015-11-21
36, Fifth Harmony ,21,13,26, 2015-11-21
37, Eminem ,120,13,239, 2015-11-21
38, Rita Ora ,37,13,48, 2015-11-21
39, Skrillex ,26,13,158, 2015-11-21
40, Coldplay ,120,1,147, 2015-11-21
41, Ciara ,49,13,42, 2015-11-21
42, Dulce Maria ,23,7,6, 2015-11-21
43, Pablo Alboran ,120,13,1, 2015-11-21
44, Nick Jonas ,47,13,14, 2015-11-21
45, Meghan Trainor ,120,13,34, 2015-11-21
46, VIXX ,120,13,5, 2015-11-21
47, Ludacris ,120,13,93, 2015-11-21
48, Enrique Iglesias ,41,13,179, 2015-11-21
49, Chris Stapleton ,120,13,1, 2015-11-21
50, Pentatonix ,48,13,19, 2015-11-21
1, Justin Bieber ,1,1,258, 2015-11-14
2, Ariana Grande ,3,13,154, 2015-11-14
3, One Direction ,6,13,207, 2015-11-14
4, 5 Seconds Of Summer ,2,1,84, 2015-11-14
5, Taylor Swift ,9,1,258, 2015-11-14
6, Demi Lovato ,5,13,248, 2015-11-14
7, Nicki Minaj ,13,13,257, 2015-11-14
8, Miley Cyrus ,17,1,186, 2015-11-14
9, Selena Gomez ,12,13,256, 2015-11-14
10, Drake ,8,13,233, 2015-11-14
11, Katy Perry ,11,1,258, 2015-11-14
12, Shawn Mendes ,14,13,45, 2015-11-14
13, Lucy Hale ,39,13,70, 2015-11-14
14, Wiz Khalifa ,15,13,245, 2015-11-14
15, Beyonce ,10,1,255, 2015-11-14
16, Chris Brown ,29,13,231, 2015-11-14
17, Rihanna ,16,1,247, 2015-11-14
18, twenty one pilots ,49,13,2, 2015-11-14
19, Adele ,4,1,175, 2015-11-14
20, Zendaya ,20,13,64, 2015-11-14
21, Fifth Harmony ,28,13,25, 2015-11-14
22, Lady Gaga ,18,1,256, 2015-11-14
23, Dulce Maria ,7,7,5, 2015-11-14
24, Jennifer Lopez ,26,13,244, 2015-11-14
25, Ellie Goulding ,25,13,112, 2015-11-14
26, Skrillex ,23,13,157, 2015-11-14
27, Martin Garrix ,45,13,76, 2015-11-14
28, Sam Smith ,27,13,63, 2015-11-14
29, Little Mix ,35,13,69, 2015-11-14
30, The Weeknd ,19,13,24, 2015-11-14
31, Ed Sheeran ,21,1,96, 2015-11-14
32, Snoop Dogg ,30,13,224, 2015-11-14
33, Austin Mahone ,32,13,120, 2015-11-14
34, Future ,38,13,15, 2015-11-14
35, Britney Spears ,120,1,217, 2015-11-14
36, Shakira ,43,13,256, 2015-11-14
37, Rita Ora ,44,13,47, 2015-11-14
38, Timati ,120,13,4, 2015-11-14
39, The Vamps ,33,13,33, 2015-11-14
40, Troye Sivan ,22,13,23, 2015-11-14
41, Enrique Iglesias ,120,13,178, 2015-11-14
42, Maroon 5 ,120,1,157, 2015-11-14
43, Jessie J ,47,21,64, 2015-11-14
44, Justin Timberlake ,37,1,224, 2015-11-14
45, Becky G ,34,13,54, 2015-11-14
46, David Guetta ,120,13,214, 2015-11-14
47, Nick Jonas ,120,13,13, 2015-11-14
48, Pentatonix ,31,13,18, 2015-11-14
49, Ciara ,120,13,41, 2015-11-14
50, Daddy Yankee ,120,13,37, 2015-11-14
1, Justin Bieber ,1,1,257, 2015-11-07
2, 5 Seconds Of Summer ,6,1,83, 2015-11-07
3, Ariana Grande ,2,13,153, 2015-11-07
4, Adele ,120,1,174, 2015-11-07
5, Demi Lovato ,5,13,247, 2015-11-07
6, One Direction ,3,13,206, 2015-11-07
7, Dulce Maria ,10,7,4, 2015-11-07
8, Drake ,11,13,232, 2015-11-07
9, Taylor Swift ,4,1,257, 2015-11-07
10, Beyonce ,12,1,254, 2015-11-07
11, Katy Perry ,14,1,257, 2015-11-07
12, Selena Gomez ,7,13,255, 2015-11-07
13, Nicki Minaj ,17,13,256, 2015-11-07
14, Shawn Mendes ,9,13,44, 2015-11-07
15, Wiz Khalifa ,16,13,244, 2015-11-07
16, Rihanna ,8,1,246, 2015-11-07
17, Miley Cyrus ,13,1,185, 2015-11-07
18, Lady Gaga ,34,1,255, 2015-11-07
19, The Weeknd ,22,13,23, 2015-11-07
20, Zendaya ,20,13,63, 2015-11-07
21, Ed Sheeran ,30,1,95, 2015-11-07
22, Troye Sivan ,18,13,22, 2015-11-07
23, Skrillex ,37,13,156, 2015-11-07
24, Jacob Whitesides ,25,13,17, 2015-11-07
25, Ellie Goulding ,29,13,111, 2015-11-07
26, Jennifer Lopez ,27,13,243, 2015-11-07
27, Sam Smith ,38,13,62, 2015-11-07
28, Fifth Harmony ,24,13,24, 2015-11-07
29, Chris Brown ,15,13,230, 2015-11-07
30, Snoop Dogg ,35,13,223, 2015-11-07
31, Pentatonix ,32,13,17, 2015-11-07
32, Austin Mahone ,28,13,119, 2015-11-07
33, The Vamps ,31,13,32, 2015-11-07
34, Becky G ,23,13,53, 2015-11-07
35, Little Mix ,19,13,68, 2015-11-07
36, Us The Duo ,120,13,2, 2015-11-07
37, Justin Timberlake ,43,1,223, 2015-11-07
38, Future ,41,13,14, 2015-11-07
39, Lucy Hale ,21,13,69, 2015-11-07
40, Meghan Trainor ,50,13,33, 2015-11-07
41, Meek Mill ,120,13,43, 2015-11-07
42, Calvin Harris ,120,13,42, 2015-11-07
43, Shakira ,26,13,255, 2015-11-07
44, Rita Ora ,46,13,46, 2015-11-07
45, Martin Garrix ,33,13,75, 2015-11-07
46, Panic! At The Disco ,120,13,2, 2015-11-07
47, Jessie J ,49,21,63, 2015-11-07
48, JJ Project ,120,13,3, 2015-11-07
49, twenty one pilots ,120,13,1, 2015-11-07
50, Avery Wilson ,45,13,3, 2015-11-07
1, Justin Bieber ,1,1,256, 2015-10-31
2, Ariana Grande ,4,13,152, 2015-10-31
3, One Direction ,7,13,205, 2015-10-31
4, Taylor Swift ,5,1,256, 2015-10-31
5, Demi Lovato ,6,13,246, 2015-10-31
6, 5 Seconds Of Summer ,2,1,82, 2015-10-31
7, Selena Gomez ,3,13,254, 2015-10-31
8, Rihanna ,12,1,245, 2015-10-31
9, Shawn Mendes ,8,13,43, 2015-10-31
10, Dulce Maria ,40,7,3, 2015-10-31
11, Drake ,11,13,231, 2015-10-31
12, Beyonce ,13,1,253, 2015-10-31
13, Miley Cyrus ,9,1,184, 2015-10-31
14, Katy Perry ,16,1,256, 2015-10-31
15, Chris Brown ,18,13,229, 2015-10-31
16, Wiz Khalifa ,14,13,243, 2015-10-31
17, Nicki Minaj ,10,13,255, 2015-10-31
18, Troye Sivan ,35,13,21, 2015-10-31
19, Little Mix ,25,13,67, 2015-10-31
20, Zendaya ,19,13,62, 2015-10-31
21, Lucy Hale ,29,13,68, 2015-10-31
22, The Weeknd ,24,13,22, 2015-10-31
23, Becky G ,21,13,52, 2015-10-31
24, Fifth Harmony ,22,13,23, 2015-10-31
25, Jacob Whitesides ,34,13,16, 2015-10-31
26, Shakira ,30,13,254, 2015-10-31
27, Jennifer Lopez ,32,13,242, 2015-10-31
28, Austin Mahone ,20,13,118, 2015-10-31
29, Ellie Goulding ,26,13,110, 2015-10-31
30, Ed Sheeran ,23,1,94, 2015-10-31
31, The Vamps ,17,13,31, 2015-10-31
32, Pentatonix ,120,13,16, 2015-10-31
33, Martin Garrix ,48,13,74, 2015-10-31
34, Lady Gaga ,15,1,254, 2015-10-31
35, Snoop Dogg ,27,13,222, 2015-10-31
36, Bea Miller ,47,13,15, 2015-10-31
37, Skrillex ,36,13,155, 2015-10-31
38, Sam Smith ,37,13,61, 2015-10-31
39, Fall Out Boy ,120,13,9, 2015-10-31
40, DeStorm Power ,44,13,17, 2015-10-31
41, Future ,42,13,13, 2015-10-31
42, Britney Spears ,41,1,216, 2015-10-31
43, Justin Timberlake ,120,1,222, 2015-10-31
44, Major Lazer ,120,13,4, 2015-10-31
45, Avery Wilson ,46,13,2, 2015-10-31
46, Rita Ora ,49,13,45, 2015-10-31
47, Eminem ,28,13,238, 2015-10-31
48, Enrique Iglesias ,50,13,177, 2015-10-31
49, Jessie J ,45,21,62, 2015-10-31
50, Meghan Trainor ,120,13,32, 2015-10-31
1, Justin Bieber ,1,1,255, 2015-10-24
2, 5 Seconds Of Summer ,2,1,81, 2015-10-24
3, Selena Gomez ,8,13,253, 2015-10-24
4, Ariana Grande ,3,13,151, 2015-10-24
5, Taylor Swift ,5,1,255, 2015-10-24
6, Demi Lovato ,4,13,245, 2015-10-24
7, One Direction ,6,13,204, 2015-10-24
8, Shawn Mendes ,10,13,42, 2015-10-24
9, Miley Cyrus ,11,1,183, 2015-10-24
10, Nicki Minaj ,12,13,254, 2015-10-24
11, Drake ,13,13,230, 2015-10-24
12, Rihanna ,7,1,244, 2015-10-24
13, Beyonce ,9,1,252, 2015-10-24
14, Wiz Khalifa ,16,13,242, 2015-10-24
15, Lady Gaga ,28,1,253, 2015-10-24
16, Katy Perry ,14,1,255, 2015-10-24
17, The Vamps ,19,13,30, 2015-10-24
18, Chris Brown ,26,13,228, 2015-10-24
19, Zendaya ,15,13,61, 2015-10-24
20, Austin Mahone ,24,13,117, 2015-10-24
21, Becky G ,27,13,51, 2015-10-24
22, Fifth Harmony ,23,13,22, 2015-10-24
23, Ed Sheeran ,22,1,93, 2015-10-24
24, The Weeknd ,18,13,21, 2015-10-24
25, Little Mix ,17,13,66, 2015-10-24
26, Ellie Goulding ,29,13,109, 2015-10-24
27, Snoop Dogg ,31,13,221, 2015-10-24
28, Eminem ,120,13,237, 2015-10-24
29, Lucy Hale ,20,13,67, 2015-10-24
30, Shakira ,33,13,253, 2015-10-24
31, JJ Project ,32,13,2, 2015-10-24
32, Jennifer Lopez ,30,13,241, 2015-10-24
33, The 1975 ,120,13,1, 2015-10-24
34, Jacob Whitesides ,120,13,15, 2015-10-24
35, Troye Sivan ,35,13,20, 2015-10-24
36, Skrillex ,42,13,154, 2015-10-24
37, Sam Smith ,25,13,60, 2015-10-24
38, Kanye West ,120,1,62, 2015-10-24
39, Calvin Harris ,120,13,41, 2015-10-24
40, Dulce Maria ,47,7,2, 2015-10-24
41, Britney Spears ,50,1,215, 2015-10-24
42, Future ,120,13,12, 2015-10-24
43, Bruno Mars ,120,1,236, 2015-10-24
44, DeStorm Power ,21,13,16, 2015-10-24
45, Jessie J ,36,21,61, 2015-10-24
46, Avery Wilson ,120,13,1, 2015-10-24
47, Bea Miller ,39,13,14, 2015-10-24
48, Martin Garrix ,34,13,73, 2015-10-24
49, Rita Ora ,43,13,44, 2015-10-24
50, Enrique Iglesias ,44,13,176, 2015-10-24
1, Justin Bieber ,1,1,254, 2015-10-17
2, 5 Seconds Of Summer ,12,1,80, 2015-10-17
3, Ariana Grande ,3,13,150, 2015-10-17
4, Demi Lovato ,6,13,244, 2015-10-17
5, Taylor Swift ,4,1,254, 2015-10-17
6, One Direction ,2,13,203, 2015-10-17
7, Rihanna ,10,1,243, 2015-10-17
8, Selena Gomez ,5,13,252, 2015-10-17
9, Beyonce ,14,1,251, 2015-10-17
10, Shawn Mendes ,8,13,41, 2015-10-17
11, Miley Cyrus ,11,1,182, 2015-10-17
12, Nicki Minaj ,9,13,253, 2015-10-17
13, Drake ,7,13,229, 2015-10-17
14, Katy Perry ,13,1,254, 2015-10-17
15, Zendaya ,18,13,60, 2015-10-17
16, Wiz Khalifa ,15,13,241, 2015-10-17
17, Little Mix ,16,13,65, 2015-10-17
18, The Weeknd ,23,13,20, 2015-10-17
19, The Vamps ,37,13,29, 2015-10-17
20, Lucy Hale ,26,13,66, 2015-10-17
21, DeStorm Power ,28,13,15, 2015-10-17
22, Ed Sheeran ,19,1,92, 2015-10-17
23, Fifth Harmony ,29,13,21, 2015-10-17
24, Austin Mahone ,30,13,116, 2015-10-17
25, Sam Smith ,24,13,59, 2015-10-17
26, Chris Brown ,17,13,227, 2015-10-17
27, Becky G ,31,13,50, 2015-10-17
28, Lady Gaga ,21,1,252, 2015-10-17
29, Ellie Goulding ,22,13,108, 2015-10-17
30, Jennifer Lopez ,32,13,240, 2015-10-17
31, Snoop Dogg ,34,13,220, 2015-10-17
32, JJ Project ,120,13,1, 2015-10-17
33, Shakira ,39,13,252, 2015-10-17
34, Martin Garrix ,36,13,72, 2015-10-17
35, Troye Sivan ,25,13,19, 2015-10-17
36, Jessie J ,48,21,60, 2015-10-17
37, Pentatonix ,40,13,15, 2015-10-17
38, Lana Del Rey ,35,13,101, 2015-10-17
39, Bea Miller ,46,13,13, 2015-10-17
40, Maroon 5 ,43,1,156, 2015-10-17
41, Imagine Dragons ,120,1,27, 2015-10-17
42, Skrillex ,42,13,153, 2015-10-17
43, Rita Ora ,41,13,43, 2015-10-17
44, Enrique Iglesias ,120,13,175, 2015-10-17
45, David Guetta ,45,13,213, 2015-10-17
46, Major Lazer ,120,13,3, 2015-10-17
47, Dulce Maria ,120,7,1, 2015-10-17
48, Meghan Trainor ,120,13,31, 2015-10-17
49, Ciara ,120,13,40, 2015-10-17
50, Britney Spears ,120,1,214, 2015-10-17
1, Justin Bieber ,1,1,253, 2015-10-10
2, One Direction ,11,13,202, 2015-10-10
3, Ariana Grande ,2,13,149, 2015-10-10
4, Taylor Swift ,3,1,253, 2015-10-10
5, Selena Gomez ,5,13,251, 2015-10-10
6, Demi Lovato ,4,13,243, 2015-10-10
7, Drake ,9,13,228, 2015-10-10
8, Shawn Mendes ,6,13,40, 2015-10-10
9, Nicki Minaj ,25,13,252, 2015-10-10
10, Rihanna ,12,1,242, 2015-10-10
11, Miley Cyrus ,13,1,181, 2015-10-10
12, 5 Seconds Of Summer ,8,1,79, 2015-10-10
13, Katy Perry ,15,1,253, 2015-10-10
14, Beyonce ,7,1,250, 2015-10-10
15, Wiz Khalifa ,16,13,240, 2015-10-10
16, Little Mix ,31,13,64, 2015-10-10
17, Chris Brown ,10,13,226, 2015-10-10
18, Zendaya ,24,13,59, 2015-10-10
19, Ed Sheeran ,20,1,91, 2015-10-10
20, Jacob Whitesides ,21,13,14, 2015-10-10
21, Lady Gaga ,14,1,251, 2015-10-10
22, Ellie Goulding ,32,13,107, 2015-10-10
23, The Weeknd ,19,13,19, 2015-10-10
24, Sam Smith ,39,13,58, 2015-10-10
25, Troye Sivan ,36,13,18, 2015-10-10
26, Lucy Hale ,17,13,65, 2015-10-10
27, Kanye West ,29,1,61, 2015-10-10
28, DeStorm Power ,120,13,14, 2015-10-10
29, Fifth Harmony ,38,13,20, 2015-10-10
30, Austin Mahone ,26,13,115, 2015-10-10
31, Becky G ,43,13,49, 2015-10-10
32, Jennifer Lopez ,28,13,239, 2015-10-10
33, Meek Mill ,120,13,42, 2015-10-10
34, Snoop Dogg ,41,13,219, 2015-10-10
35, Lana Del Rey ,18,13,100, 2015-10-10
36, Martin Garrix ,30,13,71, 2015-10-10
37, The Vamps ,22,13,28, 2015-10-10
38, Future ,23,13,11, 2015-10-10
39, Shakira ,35,13,251, 2015-10-10
40, Pentatonix ,120,13,14, 2015-10-10
41, Rita Ora ,34,13,42, 2015-10-10
42, Skrillex ,120,13,152, 2015-10-10
43, Maroon 5 ,47,1,155, 2015-10-10
44, Eminem ,50,13,236, 2015-10-10
45, David Guetta ,120,13,212, 2015-10-10
46, Bea Miller ,42,13,12, 2015-10-10
47, Daddy Yankee ,48,13,36, 2015-10-10
48, Jessie J ,33,21,59, 2015-10-10
49, Bryan White ,120,13,1, 2015-10-10
50, Tyga ,27,13,40, 2015-10-10
1, Justin Bieber ,1,1,252, 2015-10-03
2, Ariana Grande ,4,13,148, 2015-10-03
3, Taylor Swift ,2,1,252, 2015-10-03
4, Demi Lovato ,6,13,242, 2015-10-03
5, Selena Gomez ,3,13,250, 2015-10-03
6, Shawn Mendes ,7,13,39, 2015-10-03
7, Beyonce ,5,1,249, 2015-10-03
8, 5 Seconds Of Summer ,9,1,78, 2015-10-03
9, Drake ,13,13,227, 2015-10-03
10, Chris Brown ,11,13,225, 2015-10-03
11, One Direction ,10,13,201, 2015-10-03
12, Rihanna ,17,1,241, 2015-10-03
13, Miley Cyrus ,8,1,180, 2015-10-03
14, Lady Gaga ,20,1,250, 2015-10-03
15, Katy Perry ,12,1,252, 2015-10-03
16, Wiz Khalifa ,15,13,239, 2015-10-03
17, Lucy Hale ,23,13,64, 2015-10-03
18, Lana Del Rey ,37,13,99, 2015-10-03
19, The Weeknd ,16,13,18, 2015-10-03
20, Ed Sheeran ,24,1,90, 2015-10-03
21, Jacob Whitesides ,39,13,13, 2015-10-03
22, The Vamps ,35,13,27, 2015-10-03
23, Future ,120,13,10, 2015-10-03
24, Zendaya ,22,13,58, 2015-10-03
25, Nicki Minaj ,19,13,251, 2015-10-03
26, Austin Mahone ,14,13,114, 2015-10-03
27, Tyga ,28,13,39, 2015-10-03
28, Jennifer Lopez ,32,13,238, 2015-10-03
29, Kanye West ,40,1,60, 2015-10-03
30, Martin Garrix ,120,13,70, 2015-10-03
31, Little Mix ,18,13,63, 2015-10-03
32, Ellie Goulding ,42,13,106, 2015-10-03
33, Jessie J ,36,21,58, 2015-10-03
34, Rita Ora ,34,13,41, 2015-10-03
35, Shakira ,31,13,250, 2015-10-03
36, Troye Sivan ,27,13,17, 2015-10-03
37, Justin Timberlake ,30,1,221, 2015-10-03
38, Fifth Harmony ,29,13,19, 2015-10-03
39, Sam Smith ,21,13,57, 2015-10-03
40, Britney Spears ,44,1,213, 2015-10-03
41, Snoop Dogg ,33,13,218, 2015-10-03
42, Bea Miller ,120,13,11, 2015-10-03
43, Becky G ,25,13,48, 2015-10-03
44, Nick Jonas ,120,13,12, 2015-10-03
45, Tori Kelly ,120,13,4, 2015-10-03
46, Bruno Mars ,43,1,235, 2015-10-03
47, Maroon 5 ,120,1,154, 2015-10-03
48, Daddy Yankee ,120,13,35, 2015-10-03
49, Madonna ,47,13,35, 2015-10-03
50, Eminem ,120,13,235, 2015-10-03
1, Justin Bieber ,1,1,251, 2015-09-26
2, Taylor Swift ,2,1,251, 2015-09-26
3, Selena Gomez ,8,13,249, 2015-09-26
4, Ariana Grande ,6,13,147, 2015-09-26
5, Beyonce ,19,1,248, 2015-09-26
6, Demi Lovato ,5,13,241, 2015-09-26
7, Shawn Mendes ,12,13,38, 2015-09-26
8, Miley Cyrus ,3,1,179, 2015-09-26
9, 5 Seconds Of Summer ,4,1,77, 2015-09-26
10, One Direction ,9,13,200, 2015-09-26
11, Chris Brown ,11,13,224, 2015-09-26
12, Katy Perry ,16,1,251, 2015-09-26
13, Drake ,21,13,226, 2015-09-26
14, Austin Mahone ,20,13,113, 2015-09-26
15, Wiz Khalifa ,14,13,238, 2015-09-26
16, The Weeknd ,13,13,17, 2015-09-26
17, Rihanna ,10,1,240, 2015-09-26
18, Little Mix ,26,13,62, 2015-09-26
19, Nicki Minaj ,7,13,250, 2015-09-26
20, Lady Gaga ,22,1,249, 2015-09-26
21, Sam Smith ,32,13,56, 2015-09-26
22, Zendaya ,18,13,57, 2015-09-26
23, Lucy Hale ,50,13,63, 2015-09-26
24, Ed Sheeran ,24,1,89, 2015-09-26
25, Becky G ,23,13,47, 2015-09-26
26, DeStorm Power ,42,13,13, 2015-09-26
27, Troye Sivan ,15,13,16, 2015-09-26
28, Tyga ,120,13,38, 2015-09-26
29, Fifth Harmony ,17,13,18, 2015-09-26
30, Justin Timberlake ,40,1,220, 2015-09-26
31, Shakira ,33,13,249, 2015-09-26
32, Jennifer Lopez ,36,13,237, 2015-09-26
33, Snoop Dogg ,30,13,217, 2015-09-26
34, Rita Ora ,35,13,40, 2015-09-26
35, The Vamps ,48,13,26, 2015-09-26
36, Jessie J ,29,21,57, 2015-09-26
37, Lana Del Rey ,44,13,98, 2015-09-26
38, Bring Me The Horizon ,120,37,8, 2015-09-26
39, Jacob Whitesides ,27,13,12, 2015-09-26
40, Kanye West ,28,1,59, 2015-09-26
41, Calvin Harris ,39,13,40, 2015-09-26
42, Ellie Goulding ,45,13,105, 2015-09-26
43, Bruno Mars ,47,1,234, 2015-09-26
44, Britney Spears ,120,1,212, 2015-09-26
45, Ciara ,120,13,39, 2015-09-26
46, Timati ,120,13,3, 2015-09-26
47, Madonna ,120,13,34, 2015-09-26
48, Fedez ,120,13,1, 2015-09-26
49, Meek Mill ,41,13,41, 2015-09-26
50, Jake Miller ,120,13,2, 2015-09-26
1, Justin Bieber ,1,1,250, 2015-09-19
2, Taylor Swift ,3,1,250, 2015-09-19
3, Miley Cyrus ,6,1,178, 2015-09-19
4, 5 Seconds Of Summer ,2,1,76, 2015-09-19
5, Demi Lovato ,7,13,240, 2015-09-19
6, Ariana Grande ,5,13,146, 2015-09-19
7, Nicki Minaj ,12,13,249, 2015-09-19
8, Selena Gomez ,8,13,248, 2015-09-19
9, One Direction ,9,13,199, 2015-09-19
10, Rihanna ,16,1,239, 2015-09-19
11, Chris Brown ,14,13,223, 2015-09-19
12, Shawn Mendes ,11,13,37, 2015-09-19
13, The Weeknd ,10,13,16, 2015-09-19
14, Wiz Khalifa ,18,13,237, 2015-09-19
15, Troye Sivan ,30,13,15, 2015-09-19
16, Katy Perry ,15,1,250, 2015-09-19
17, Fifth Harmony ,4,13,17, 2015-09-19
18, Zendaya ,28,13,56, 2015-09-19
19, Beyonce ,29,1,247, 2015-09-19
20, Austin Mahone ,25,13,112, 2015-09-19
21, Drake ,24,13,225, 2015-09-19
22, Lady Gaga ,13,1,248, 2015-09-19
23, Becky G ,22,13,46, 2015-09-19
24, Ed Sheeran ,19,1,88, 2015-09-19
25, Prince Royce ,120,13,75, 2015-09-19
26, Little Mix ,17,13,61, 2015-09-19
27, Jacob Whitesides ,120,13,11, 2015-09-19
28, Kanye West ,36,1,58, 2015-09-19
29, Jessie J ,39,21,56, 2015-09-19
30, Snoop Dogg ,32,13,216, 2015-09-19
31, Travi$ Scott ,120,13,1, 2015-09-19
32, Sam Smith ,27,13,55, 2015-09-19
33, Shakira ,26,13,248, 2015-09-19
34, VIXX ,47,13,4, 2015-09-19
35, Rita Ora ,23,13,39, 2015-09-19
36, Jennifer Lopez ,21,13,236, 2015-09-19
37, Pentatonix ,40,13,13, 2015-09-19
38, Kat Graham ,120,38,2, 2015-09-19
39, Calvin Harris ,38,13,39, 2015-09-19
40, Justin Timberlake ,34,1,219, 2015-09-19
41, Meek Mill ,42,13,40, 2015-09-19
42, DeStorm Power ,35,13,12, 2015-09-19
43, Bea Miller ,49,13,10, 2015-09-19
44, Lana Del Rey ,50,13,97, 2015-09-19
45, Ellie Goulding ,46,13,104, 2015-09-19
46, Martin Garrix ,31,13,69, 2015-09-19
47, Bruno Mars ,41,1,233, 2015-09-19
48, The Vamps ,120,13,25, 2015-09-19
49, Maroon 5 ,120,1,153, 2015-09-19
50, Lucy Hale ,20,13,62, 2015-09-19
1, Justin Bieber ,1,1,249, 2015-09-12
2, 5 Seconds Of Summer ,6,1,75, 2015-09-12
3, Taylor Swift ,4,1,249, 2015-09-12
4, Fifth Harmony ,10,13,16, 2015-09-12
5, Ariana Grande ,2,13,145, 2015-09-12
6, Miley Cyrus ,7,1,177, 2015-09-12
7, Demi Lovato ,5,13,239, 2015-09-12
8, Selena Gomez ,8,13,247, 2015-09-12
9, One Direction ,3,13,198, 2015-09-12
10, The Weeknd ,16,13,15, 2015-09-12
11, Shawn Mendes ,9,13,36, 2015-09-12
12, Nicki Minaj ,12,13,248, 2015-09-12
13, Lady Gaga ,19,1,247, 2015-09-12
14, Chris Brown ,11,13,222, 2015-09-12
15, Katy Perry ,13,1,249, 2015-09-12
16, Rihanna ,21,1,238, 2015-09-12
17, Little Mix ,15,13,60, 2015-09-12
18, Wiz Khalifa ,14,13,236, 2015-09-12
19, Ed Sheeran ,36,1,87, 2015-09-12
20, Lucy Hale ,31,13,61, 2015-09-12
21, Jennifer Lopez ,39,13,235, 2015-09-12
22, Becky G ,20,13,45, 2015-09-12
23, Rita Ora ,23,13,38, 2015-09-12
24, Drake ,22,13,224, 2015-09-12
25, Austin Mahone ,18,13,111, 2015-09-12
26, Shakira ,40,13,247, 2015-09-12
27, Sam Smith ,32,13,54, 2015-09-12
28, Zendaya ,28,13,55, 2015-09-12
29, Beyonce ,17,1,246, 2015-09-12
30, Troye Sivan ,25,13,14, 2015-09-12
31, Martin Garrix ,34,13,68, 2015-09-12
32, Snoop Dogg ,33,13,215, 2015-09-12
33, Britney Spears ,42,1,211, 2015-09-12
34, Justin Timberlake ,45,1,218, 2015-09-12
35, DeStorm Power ,35,13,11, 2015-09-12
36, Kanye West ,47,1,57, 2015-09-12
37, Skrillex ,41,13,151, 2015-09-12
38, Calvin Harris ,26,13,38, 2015-09-12
39, Jessie J ,38,21,55, 2015-09-12
40, Pentatonix ,120,13,12, 2015-09-12
41, Bruno Mars ,48,1,232, 2015-09-12
42, Meek Mill ,120,13,39, 2015-09-12
43, Eminem ,120,13,234, 2015-09-12
44, Ice Cube ,29,13,3, 2015-09-12
45, 50 Cent ,120,13,138, 2015-09-12
46, Ellie Goulding ,43,13,103, 2015-09-12
47, VIXX ,24,13,3, 2015-09-12
48, Enrique Iglesias ,120,13,174, 2015-09-12
49, Bea Miller ,37,13,9, 2015-09-12
50, Lana Del Rey ,30,13,96, 2015-09-12
1, Justin Bieber ,1,1,248, 2015-09-05
2, Ariana Grande ,2,13,144, 2015-09-05
3, One Direction ,9,13,197, 2015-09-05
4, Taylor Swift ,3,1,248, 2015-09-05
5, Demi Lovato ,8,13,238, 2015-09-05
6, 5 Seconds Of Summer ,4,1,74, 2015-09-05
7, Miley Cyrus ,6,1,176, 2015-09-05
8, Selena Gomez ,10,13,246, 2015-09-05
9, Shawn Mendes ,7,13,35, 2015-09-05
10, Fifth Harmony ,18,13,15, 2015-09-05
11, Chris Brown ,12,13,221, 2015-09-05
12, Nicki Minaj ,5,13,247, 2015-09-05
13, Katy Perry ,17,1,248, 2015-09-05
14, Wiz Khalifa ,23,13,235, 2015-09-05
15, Little Mix ,14,13,59, 2015-09-05
16, The Weeknd ,29,13,14, 2015-09-05
17, Beyonce ,13,1,245, 2015-09-05
18, Austin Mahone ,25,13,110, 2015-09-05
19, Lady Gaga ,15,1,246, 2015-09-05
20, Becky G ,21,13,44, 2015-09-05
21, Rihanna ,22,1,237, 2015-09-05
22, Drake ,20,13,223, 2015-09-05
23, Rita Ora ,49,13,37, 2015-09-05
24, VIXX ,16,13,2, 2015-09-05
25, Troye Sivan ,42,13,13, 2015-09-05
26, Calvin Harris ,120,13,37, 2015-09-05
27, Jacob Whitesides ,39,13,10, 2015-09-05
28, Zendaya ,28,13,54, 2015-09-05
29, Ice Cube ,34,13,2, 2015-09-05
30, Lana Del Rey ,30,13,95, 2015-09-05
31, Lucy Hale ,11,13,60, 2015-09-05
32, Sam Smith ,27,13,53, 2015-09-05
33, Snoop Dogg ,40,13,214, 2015-09-05
34, Martin Garrix ,43,13,67, 2015-09-05
35, DeStorm Power ,31,13,10, 2015-09-05
36, Ed Sheeran ,19,1,86, 2015-09-05
37, Bea Miller ,32,13,8, 2015-09-05
38, Jessie J ,38,21,54, 2015-09-05
39, Jennifer Lopez ,44,13,234, 2015-09-05
40, Shakira ,24,13,246, 2015-09-05
41, Skrillex ,45,13,150, 2015-09-05
42, Britney Spears ,120,1,210, 2015-09-05
43, Ellie Goulding ,120,13,102, 2015-09-05
44, The Vamps ,41,13,24, 2015-09-05
45, Justin Timberlake ,35,1,217, 2015-09-05
46, Nick Jonas ,46,13,11, 2015-09-05
47, Kanye West ,120,1,56, 2015-09-05
48, Bruno Mars ,120,1,231, 2015-09-05
49, Dr. Dre ,120,13,7, 2015-09-05
50, Ludacris ,120,13,92, 2015-09-05
1, Justin Bieber ,1,1,247, 2015-08-29
2, Ariana Grande ,3,13,143, 2015-08-29
3, Taylor Swift ,2,1,247, 2015-08-29
4, 5 Seconds Of Summer ,5,1,73, 2015-08-29
5, Nicki Minaj ,4,13,246, 2015-08-29
6, Miley Cyrus ,8,1,175, 2015-08-29
7, Shawn Mendes ,10,13,34, 2015-08-29
8, Demi Lovato ,12,13,237, 2015-08-29
9, One Direction ,7,13,196, 2015-08-29
10, Selena Gomez ,11,13,245, 2015-08-29
11, Lucy Hale ,14,13,59, 2015-08-29
12, Chris Brown ,17,13,220, 2015-08-29
13, Beyonce ,37,1,244, 2015-08-29
14, Little Mix ,20,13,58, 2015-08-29
15, Lady Gaga ,19,1,245, 2015-08-29
16, VIXX ,120,13,1, 2015-08-29
17, Katy Perry ,16,1,247, 2015-08-29
18, Fifth Harmony ,29,13,14, 2015-08-29
19, Ed Sheeran ,21,1,85, 2015-08-29
20, Drake ,9,13,222, 2015-08-29
21, Becky G ,27,13,43, 2015-08-29
22, Rihanna ,6,1,236, 2015-08-29
23, Wiz Khalifa ,18,13,234, 2015-08-29
24, Shakira ,26,13,245, 2015-08-29
25, Austin Mahone ,40,13,109, 2015-08-29
26, Meek Mill ,15,13,38, 2015-08-29
27, Sam Smith ,22,13,52, 2015-08-29
28, Zendaya ,13,13,53, 2015-08-29
29, The Weeknd ,33,13,13, 2015-08-29
30, Lana Del Rey ,38,13,94, 2015-08-29
31, DeStorm Power ,120,13,9, 2015-08-29
32, Bea Miller ,42,13,7, 2015-08-29
33, Luke Bryan ,120,13,2, 2015-08-29
34, Ice Cube ,120,13,1, 2015-08-29
35, Justin Timberlake ,23,1,216, 2015-08-29
36, Eminem ,49,13,233, 2015-08-29
37, Tyga ,45,13,37, 2015-08-29
38, Jessie J ,32,21,53, 2015-08-29
39, Jacob Whitesides ,41,13,9, 2015-08-29
40, Snoop Dogg ,24,13,213, 2015-08-29
41, The Vamps ,25,13,23, 2015-08-29
42, Troye Sivan ,47,13,12, 2015-08-29
43, Martin Garrix ,39,13,66, 2015-08-29
44, Jennifer Lopez ,30,13,233, 2015-08-29
45, Skrillex ,31,13,149, 2015-08-29
46, Nick Jonas ,120,13,10, 2015-08-29
47, Tori Kelly ,120,13,3, 2015-08-29
48, Fall Out Boy ,120,13,8, 2015-08-29
49, Rita Ora ,36,13,36, 2015-08-29
50, Kat Graham ,120,38,1, 2015-08-29
1, Justin Bieber ,1,1,246, 2015-08-22
2, Taylor Swift ,3,1,246, 2015-08-22
3, Ariana Grande ,5,13,142, 2015-08-22
4, Nicki Minaj ,2,13,245, 2015-08-22
5, 5 Seconds Of Summer ,8,1,72, 2015-08-22
6, Rihanna ,21,1,235, 2015-08-22
7, One Direction ,4,13,195, 2015-08-22
8, Miley Cyrus ,9,1,174, 2015-08-22
9, Drake ,7,13,221, 2015-08-22
10, Shawn Mendes ,11,13,33, 2015-08-22
11, Selena Gomez ,13,13,244, 2015-08-22
12, Demi Lovato ,15,13,236, 2015-08-22
13, Zendaya ,30,13,52, 2015-08-22
14, Lucy Hale ,25,13,58, 2015-08-22
15, Meek Mill ,6,13,37, 2015-08-22
16, Katy Perry ,16,1,246, 2015-08-22
17, Chris Brown ,10,13,219, 2015-08-22
18, Wiz Khalifa ,18,13,233, 2015-08-22
19, Lady Gaga ,14,1,244, 2015-08-22
20, Little Mix ,35,13,57, 2015-08-22
21, Ed Sheeran ,40,1,84, 2015-08-22
22, Sam Smith ,33,13,51, 2015-08-22
23, Justin Timberlake ,39,1,215, 2015-08-22
24, Snoop Dogg ,37,13,212, 2015-08-22
25, The Vamps ,32,13,22, 2015-08-22
26, Shakira ,28,13,244, 2015-08-22
27, Becky G ,23,13,42, 2015-08-22
28, Daddy Yankee ,48,13,34, 2015-08-22
29, Fifth Harmony ,27,13,13, 2015-08-22
30, Jennifer Lopez ,19,13,232, 2015-08-22
31, Skrillex ,38,13,148, 2015-08-22
32, Jessie J ,29,21,52, 2015-08-22
33, The Weeknd ,20,13,12, 2015-08-22
34, Meghan Trainor ,120,13,30, 2015-08-22
35, Dr. Dre ,120,13,6, 2015-08-22
36, Rita Ora ,120,13,35, 2015-08-22
37, Beyonce ,47,1,243, 2015-08-22
38, Lana Del Rey ,120,13,93, 2015-08-22
39, Martin Garrix ,34,13,65, 2015-08-22
40, Austin Mahone ,22,13,108, 2015-08-22
41, Jacob Whitesides ,36,13,8, 2015-08-22
42, Bea Miller ,26,13,6, 2015-08-22
43, Prince Royce ,46,13,74, 2015-08-22
44, Diplo ,120,13,3, 2015-08-22
45, Tyga ,120,13,36, 2015-08-22
46, Calvin Harris ,43,13,36, 2015-08-22
47, Troye Sivan ,41,13,11, 2015-08-22
48, Bruno Mars ,120,1,230, 2015-08-22
49, Eminem ,44,13,232, 2015-08-22
50, Ellie Goulding ,31,13,101, 2015-08-22
1, Justin Bieber ,1,1,245, 2015-08-15
2, Nicki Minaj ,2,13,244, 2015-08-15
3, Taylor Swift ,4,1,245, 2015-08-15
4, One Direction ,12,13,194, 2015-08-15
5, Ariana Grande ,3,13,141, 2015-08-15
6, Meek Mill ,5,13,36, 2015-08-15
7, Drake ,14,13,220, 2015-08-15
8, 5 Seconds Of Summer ,6,1,71, 2015-08-15
9, Miley Cyrus ,9,1,173, 2015-08-15
10, Chris Brown ,15,13,218, 2015-08-15
11, Shawn Mendes ,16,13,32, 2015-08-15
12, DeStorm Power ,11,13,8, 2015-08-15
13, Selena Gomez ,7,13,243, 2015-08-15
14, Lady Gaga ,19,1,243, 2015-08-15
15, Demi Lovato ,8,13,235, 2015-08-15
16, Katy Perry ,10,1,245, 2015-08-15
17, SOJA ,120,17,1, 2015-08-15
18, Wiz Khalifa ,21,13,232, 2015-08-15
19, Jennifer Lopez ,31,13,231, 2015-08-15
20, The Weeknd ,41,13,11, 2015-08-15
21, Rihanna ,17,1,234, 2015-08-15
22, Austin Mahone ,27,13,107, 2015-08-15
23, Becky G ,36,13,41, 2015-08-15
24, Ronnie Banks ,120,13,2, 2015-08-15
25, Lucy Hale ,28,13,57, 2015-08-15
26, Bea Miller ,13,13,5, 2015-08-15
27, Fifth Harmony ,30,13,12, 2015-08-15
28, Shakira ,29,13,243, 2015-08-15
29, Jessie J ,26,21,51, 2015-08-15
30, Zendaya ,23,13,51, 2015-08-15
31, Ellie Goulding ,42,13,100, 2015-08-15
32, The Vamps ,37,13,21, 2015-08-15
33, Sam Smith ,35,13,50, 2015-08-15
34, Martin Garrix ,40,13,64, 2015-08-15
35, Little Mix ,20,13,56, 2015-08-15
36, Jacob Whitesides ,32,13,7, 2015-08-15
37, Snoop Dogg ,25,13,211, 2015-08-15
38, Skrillex ,120,13,147, 2015-08-15
39, Justin Timberlake ,39,1,214, 2015-08-15
40, Ed Sheeran ,18,1,83, 2015-08-15
41, Troye Sivan ,120,13,10, 2015-08-15
42, Timati ,120,13,2, 2015-08-15
43, Calvin Harris ,44,13,35, 2015-08-15
44, Eminem ,33,13,231, 2015-08-15
45, Big Sean ,46,13,23, 2015-08-15
46, Prince Royce ,120,13,73, 2015-08-15
47, Beyonce ,34,1,242, 2015-08-15
48, Daddy Yankee ,47,13,33, 2015-08-15
49, Future ,38,13,9, 2015-08-15
50, Fall Out Boy ,120,13,7, 2015-08-15
1, Justin Bieber ,1,1,245, 2015-08-08
2, Nicki Minaj ,5,13,244, 2015-08-08
3, Ariana Grande ,3,13,141, 2015-08-08
4, Taylor Swift ,6,1,245, 2015-08-08
5, Meek Mill ,21,13,36, 2015-08-08
6, 5 Seconds Of Summer ,2,1,71, 2015-08-08
7, Selena Gomez ,8,13,243, 2015-08-08
8, Demi Lovato ,7,13,235, 2015-08-08
9, Miley Cyrus ,10,1,173, 2015-08-08
10, Katy Perry ,16,1,245, 2015-08-08
11, DeStorm Power ,4,13,8, 2015-08-08
12, One Direction ,11,13,194, 2015-08-08
13, Bea Miller ,26,13,5, 2015-08-08
14, Drake ,25,13,220, 2015-08-08
15, Chris Brown ,18,13,218, 2015-08-08
16, Shawn Mendes ,9,13,32, 2015-08-08
17, Rihanna ,13,1,234, 2015-08-08
18, Ed Sheeran ,27,1,83, 2015-08-08
19, Lady Gaga ,14,1,243, 2015-08-08
20, Little Mix ,15,13,56, 2015-08-08
21, Wiz Khalifa ,12,13,232, 2015-08-08
22, Girls' Generation ,44,13,2, 2015-08-08
23, Zendaya ,23,13,51, 2015-08-08
24, Bruno Mars ,120,1,229, 2015-08-08
25, Snoop Dogg ,35,13,211, 2015-08-08
26, Jessie J ,31,21,51, 2015-08-08
27, Austin Mahone ,20,13,107, 2015-08-08
28, Lucy Hale ,36,13,57, 2015-08-08
29, Shakira ,24,13,243, 2015-08-08
30, Fifth Harmony ,19,13,12, 2015-08-08
31, Jennifer Lopez ,41,13,231, 2015-08-08
32, Jacob Whitesides ,37,13,7, 2015-08-08
33, Eminem ,120,13,231, 2015-08-08
34, Beyonce ,120,1,242, 2015-08-08
35, Sam Smith ,22,13,50, 2015-08-08
36, Becky G ,17,13,41, 2015-08-08
37, The Vamps ,120,13,21, 2015-08-08
38, Future ,32,13,9, 2015-08-08
39, Justin Timberlake ,45,1,214, 2015-08-08
40, Martin Garrix ,48,13,64, 2015-08-08
41, The Weeknd ,30,13,11, 2015-08-08
42, Ellie Goulding ,38,13,100, 2015-08-08
43, Ludacris ,120,13,91, 2015-08-08
44, Calvin Harris ,50,13,35, 2015-08-08
45, Rita Ora ,120,13,34, 2015-08-08
46, Big Sean ,120,13,23, 2015-08-08
47, Daddy Yankee ,46,13,33, 2015-08-08
48, Tyga ,120,13,35, 2015-08-08
49, Meghan Trainor ,40,13,29, 2015-08-08
50, 50 Cent ,42,13,137, 2015-08-08
1, Justin Bieber ,1,1,243, 2015-08-01
2, 5 Seconds Of Summer ,10,1,69, 2015-08-01
3, Ariana Grande ,5,13,139, 2015-08-01
4, DeStorm Power ,15,13,6, 2015-08-01
5, Nicki Minaj ,4,13,242, 2015-08-01
6, Taylor Swift ,2,1,243, 2015-08-01
7, Demi Lovato ,3,13,233, 2015-08-01
8, Selena Gomez ,6,13,241, 2015-08-01
9, Shawn Mendes ,14,13,30, 2015-08-01
10, Miley Cyrus ,7,1,171, 2015-08-01
11, One Direction ,8,13,192, 2015-08-01
12, Wiz Khalifa ,11,13,230, 2015-08-01
13, Rihanna ,12,1,232, 2015-08-01
14, Lady Gaga ,21,1,241, 2015-08-01
15, Little Mix ,18,13,54, 2015-08-01
16, Katy Perry ,17,1,243, 2015-08-01
17, Becky G ,23,13,39, 2015-08-01
18, Chris Brown ,24,13,216, 2015-08-01
19, Fifth Harmony ,22,13,10, 2015-08-01
20, Austin Mahone ,19,13,105, 2015-08-01
21, Meek Mill ,16,13,34, 2015-08-01
22, Sam Smith ,25,13,48, 2015-08-01
23, Zendaya ,27,13,49, 2015-08-01
24, Shakira ,31,13,241, 2015-08-01
25, Drake ,9,13,218, 2015-08-01
26, Bea Miller ,46,13,3, 2015-08-01
27, Ed Sheeran ,13,1,81, 2015-08-01
28, Joan Sebastian ,120,13,1, 2015-08-01
29, Ronnie Banks ,120,13,1, 2015-08-01
30, The Weeknd ,20,13,9, 2015-08-01
31, Jessie J ,38,21,49, 2015-08-01
32, Future ,120,13,7, 2015-08-01
33, Skrillex ,33,13,146, 2015-08-01
34, Ciara ,44,13,38, 2015-08-01
35, Snoop Dogg ,28,13,209, 2015-08-01
36, Lucy Hale ,36,13,55, 2015-08-01
37, Jacob Whitesides ,29,13,5, 2015-08-01
38, Ellie Goulding ,32,13,98, 2015-08-01
39, Lana Del Rey ,120,13,92, 2015-08-01
40, Meghan Trainor ,39,13,28, 2015-08-01
41, Jennifer Lopez ,41,13,229, 2015-08-01
42, 50 Cent ,120,13,136, 2015-08-01
43, PARTYNEXTDOOR ,120,43,1, 2015-08-01
44, Girls' Generation ,120,13,1, 2015-08-01
45, Justin Timberlake ,120,1,212, 2015-08-01
46, Daddy Yankee ,48,13,31, 2015-08-01
47, Enrique Iglesias ,49,13,173, 2015-08-01
48, Martin Garrix ,34,13,62, 2015-08-01
49, Panic! At The Disco ,120,13,1, 2015-08-01
50, Calvin Harris ,120,13,33, 2015-08-01
1, Justin Bieber ,2,1,242, 2015-07-25
2, Taylor Swift ,1,1,242, 2015-07-25
3, Demi Lovato ,3,13,232, 2015-07-25
4, Nicki Minaj ,4,13,241, 2015-07-25
5, Ariana Grande ,6,13,138, 2015-07-25
6, Selena Gomez ,8,13,240, 2015-07-25
7, Miley Cyrus ,7,1,170, 2015-07-25
8, One Direction ,19,13,191, 2015-07-25
9, Drake ,20,13,217, 2015-07-25
10, 5 Seconds Of Summer ,25,1,68, 2015-07-25
11, Wiz Khalifa ,12,13,229, 2015-07-25
12, Rihanna ,5,1,231, 2015-07-25
13, Ed Sheeran ,15,1,80, 2015-07-25
14, Shawn Mendes ,17,13,29, 2015-07-25
15, DeStorm Power ,11,13,5, 2015-07-25
16, Meek Mill ,16,13,33, 2015-07-25
17, Katy Perry ,18,1,242, 2015-07-25
18, Little Mix ,29,13,53, 2015-07-25
19, Austin Mahone ,10,13,104, 2015-07-25
20, The Weeknd ,34,13,8, 2015-07-25
21, Lady Gaga ,27,1,240, 2015-07-25
22, Fifth Harmony ,41,13,9, 2015-07-25
23, Becky G ,24,13,38, 2015-07-25
24, Chris Brown ,13,13,215, 2015-07-25
25, Sam Smith ,33,13,47, 2015-07-25
26, Beyonce ,9,1,240, 2015-07-25
27, Zendaya ,14,13,48, 2015-07-25
28, Snoop Dogg ,28,13,208, 2015-07-25
29, Jacob Whitesides ,50,13,4, 2015-07-25
30, Tyga ,120,13,34, 2015-07-25
31, Shakira ,22,13,240, 2015-07-25
32, Ellie Goulding ,35,13,97, 2015-07-25
33, Skrillex ,30,13,145, 2015-07-25
34, Martin Garrix ,36,13,61, 2015-07-25
35, Jake Miller ,120,13,1, 2015-07-25
36, Lucy Hale ,21,13,54, 2015-07-25
37, The Vamps ,37,13,19, 2015-07-25
38, Jessie J ,39,21,48, 2015-07-25
39, Meghan Trainor ,120,13,27, 2015-07-25
40, Bruno Mars ,38,1,228, 2015-07-25
41, Jennifer Lopez ,23,13,228, 2015-07-25
42, Major Lazer ,120,13,2, 2015-07-25
43, Troye Sivan ,31,13,9, 2015-07-25
44, Ciara ,47,13,37, 2015-07-25
45, Britney Spears ,120,1,209, 2015-07-25
46, Bea Miller ,120,13,2, 2015-07-25
47, Big Sean ,46,13,21, 2015-07-25
48, Daddy Yankee ,120,13,30, 2015-07-25
49, Enrique Iglesias ,120,13,172, 2015-07-25
50, Rita Ora ,48,13,33, 2015-07-25
1, Taylor Swift ,1,1,241, 2015-07-18
2, Justin Bieber ,2,1,241, 2015-07-18
3, Demi Lovato ,12,13,231, 2015-07-18
4, Nicki Minaj ,4,13,240, 2015-07-18
5, Rihanna ,10,1,230, 2015-07-18
6, Ariana Grande ,3,13,137, 2015-07-18
7, Miley Cyrus ,14,1,169, 2015-07-18
8, Selena Gomez ,6,13,239, 2015-07-18
9, Beyonce ,11,1,239, 2015-07-18
10, Austin Mahone ,48,13,103, 2015-07-18
11, DeStorm Power ,7,13,4, 2015-07-18
12, Wiz Khalifa ,15,13,228, 2015-07-18
13, Chris Brown ,8,13,214, 2015-07-18
14, Zendaya ,24,13,47, 2015-07-18
15, Ed Sheeran ,18,1,79, 2015-07-18
16, Meek Mill ,17,13,32, 2015-07-18
17, Shawn Mendes ,5,13,28, 2015-07-18
18, Katy Perry ,20,1,241, 2015-07-18
19, One Direction ,13,13,190, 2015-07-18
20, Drake ,27,13,216, 2015-07-18
21, Lucy Hale ,26,13,53, 2015-07-18
22, Shakira ,32,13,239, 2015-07-18
23, Jennifer Lopez ,21,13,227, 2015-07-18
24, Becky G ,16,13,37, 2015-07-18
25, 5 Seconds Of Summer ,9,1,67, 2015-07-18
26, Calvin Harris ,39,13,32, 2015-07-18
27, Lady Gaga ,19,1,239, 2015-07-18
28, Snoop Dogg ,29,13,207, 2015-07-18
29, Little Mix ,25,13,52, 2015-07-18
30, Skrillex ,36,13,144, 2015-07-18
31, Troye Sivan ,37,13,8, 2015-07-18
32, Fall Out Boy ,23,13,6, 2015-07-18
33, Sam Smith ,28,13,46, 2015-07-18
34, The Weeknd ,30,13,7, 2015-07-18
35, Ellie Goulding ,31,13,96, 2015-07-18
36, Martin Garrix ,45,13,60, 2015-07-18
37, The Vamps ,120,13,18, 2015-07-18
38, Bruno Mars ,41,1,227, 2015-07-18
39, Jessie J ,42,21,47, 2015-07-18
40, Ricky Martin ,120,13,9, 2015-07-18
41, Fifth Harmony ,22,13,8, 2015-07-18
42, Maroon 5 ,120,1,152, 2015-07-18
43, Eminem ,44,13,229, 2015-07-18
44, David Guetta ,50,13,211, 2015-07-18
45, Diplo ,120,13,2, 2015-07-18
46, Big Sean ,49,13,20, 2015-07-18
47, Ciara ,120,13,36, 2015-07-18
48, Rita Ora ,35,13,32, 2015-07-18
49, Nick Jonas ,120,13,9, 2015-07-18
50, Jacob Whitesides ,43,13,3, 2015-07-18
1, Taylor Swift ,2,1,240, 2015-07-11
2, Justin Bieber ,1,1,240, 2015-07-11
3, Ariana Grande ,3,13,136, 2015-07-11
4, Nicki Minaj ,5,13,239, 2015-07-11
5, Shawn Mendes ,9,13,27, 2015-07-11
6, Selena Gomez ,4,13,238, 2015-07-11
7, DeStorm Power ,12,13,3, 2015-07-11
8, Chris Brown ,8,13,213, 2015-07-11
9, 5 Seconds Of Summer ,19,1,66, 2015-07-11
10, Rihanna ,7,1,229, 2015-07-11
11, Beyonce ,11,1,238, 2015-07-11
12, Demi Lovato ,13,13,230, 2015-07-11
13, One Direction ,18,13,189, 2015-07-11
14, Miley Cyrus ,6,1,168, 2015-07-11
15, Wiz Khalifa ,15,13,227, 2015-07-11
16, Becky G ,17,13,36, 2015-07-11
17, Meek Mill ,28,13,31, 2015-07-11
18, Ed Sheeran ,14,1,78, 2015-07-11
19, Lady Gaga ,22,1,238, 2015-07-11
20, Katy Perry ,10,1,240, 2015-07-11
21, Jennifer Lopez ,16,13,226, 2015-07-11
22, Fifth Harmony ,24,13,7, 2015-07-11
23, Fall Out Boy ,34,13,5, 2015-07-11
24, Zendaya ,35,13,46, 2015-07-11
25, Little Mix ,25,13,51, 2015-07-11
26, Lucy Hale ,21,13,52, 2015-07-11
27, Drake ,26,13,215, 2015-07-11
28, Sam Smith ,29,13,45, 2015-07-11
29, Snoop Dogg ,27,13,206, 2015-07-11
30, The Weeknd ,32,13,6, 2015-07-11
31, Ellie Goulding ,42,13,95, 2015-07-11
32, Shakira ,23,13,238, 2015-07-11
33, Tori Kelly ,120,13,2, 2015-07-11
34, Pentatonix ,120,13,11, 2015-07-11
35, Rita Ora ,120,13,31, 2015-07-11
36, Skrillex ,39,13,143, 2015-07-11
37, Troye Sivan ,41,13,7, 2015-07-11
38, Justin Timberlake ,30,1,211, 2015-07-11
39, Calvin Harris ,45,13,31, 2015-07-11
40, Enrique Iglesias ,120,13,171, 2015-07-11
41, Bruno Mars ,44,1,226, 2015-07-11
42, Jessie J ,31,21,46, 2015-07-11
43, Jacob Whitesides ,120,13,2, 2015-07-11
44, Eminem ,120,13,228, 2015-07-11
45, Martin Garrix ,37,13,59, 2015-07-11
46, Major Lazer ,120,13,1, 2015-07-11
47, Iggy Azalea ,20,13,62, 2015-07-11
48, Austin Mahone ,33,13,102, 2015-07-11
49, Big Sean ,120,13,19, 2015-07-11
50, David Guetta ,120,13,210, 2015-07-11
1, Justin Bieber ,2,1,239, 2015-07-04
2, Taylor Swift ,1,1,239, 2015-07-04
3, Ariana Grande ,3,13,135, 2015-07-04
4, Selena Gomez ,4,13,237, 2015-07-04
5, Nicki Minaj ,6,13,238, 2015-07-04
6, Miley Cyrus ,5,1,167, 2015-07-04
7, Rihanna ,14,1,228, 2015-07-04
8, Chris Brown ,11,13,212, 2015-07-04
9, Shawn Mendes ,18,13,26, 2015-07-04
10, Katy Perry ,16,1,239, 2015-07-04
11, Beyonce ,7,1,237, 2015-07-04
12, DeStorm Power ,15,13,2, 2015-07-04
13, Demi Lovato ,10,13,229, 2015-07-04
14, Ed Sheeran ,20,1,77, 2015-07-04
15, Wiz Khalifa ,17,13,226, 2015-07-04
16, Jennifer Lopez ,12,13,225, 2015-07-04
17, Becky G ,26,13,35, 2015-07-04
18, One Direction ,8,13,188, 2015-07-04
19, 5 Seconds Of Summer ,9,1,65, 2015-07-04
20, Iggy Azalea ,27,13,61, 2015-07-04
21, Lucy Hale ,23,13,51, 2015-07-04
22, Lady Gaga ,24,1,237, 2015-07-04
23, Shakira ,25,13,237, 2015-07-04
24, Fifth Harmony ,22,13,6, 2015-07-04
25, Little Mix ,13,13,50, 2015-07-04
26, Drake ,30,13,214, 2015-07-04
27, Snoop Dogg ,28,13,205, 2015-07-04
28, Meek Mill ,33,13,30, 2015-07-04
29, Sam Smith ,38,13,44, 2015-07-04
30, Justin Timberlake ,41,1,210, 2015-07-04
31, Jessie J ,40,21,45, 2015-07-04
32, The Weeknd ,29,13,5, 2015-07-04
33, Austin Mahone ,36,13,101, 2015-07-04
34, Fall Out Boy ,21,13,4, 2015-07-04
35, Zendaya ,19,13,45, 2015-07-04
36, Lana Del Rey ,46,13,91, 2015-07-04
37, Martin Garrix ,42,13,58, 2015-07-04
38, Britney Spears ,120,1,208, 2015-07-04
39, Skrillex ,37,13,142, 2015-07-04
40, Maroon 5 ,32,1,151, 2015-07-04
41, Troye Sivan ,35,13,6, 2015-07-04
42, Ellie Goulding ,34,13,94, 2015-07-04
43, Madonna ,120,13,33, 2015-07-04
44, Bruno Mars ,45,1,225, 2015-07-04
45, Calvin Harris ,120,13,30, 2015-07-04
46, Hilary Duff ,120,13,6, 2015-07-04
47, Jhene Aiko ,120,13,2, 2015-07-04
48, Bea Miller ,120,13,1, 2015-07-04
49, Ciara ,43,13,35, 2015-07-04
50, Daddy Yankee ,50,13,29, 2015-07-04
1, Taylor Swift ,2,1,238, 2015-06-27
2, Justin Bieber ,3,1,238, 2015-06-27
3, Ariana Grande ,1,13,134, 2015-06-27
4, Selena Gomez ,8,13,236, 2015-06-27
5, Miley Cyrus ,5,1,166, 2015-06-27
6, Nicki Minaj ,7,13,237, 2015-06-27
7, Beyonce ,6,1,236, 2015-06-27
8, One Direction ,19,13,187, 2015-06-27
9, 5 Seconds Of Summer ,34,1,64, 2015-06-27
10, Demi Lovato ,12,13,228, 2015-06-27
11, Chris Brown ,15,13,211, 2015-06-27
12, Jennifer Lopez ,4,13,224, 2015-06-27
13, Little Mix ,120,13,49, 2015-06-27
14, Rihanna ,9,1,227, 2015-06-27
15, DeStorm Power ,120,13,1, 2015-06-27
16, Katy Perry ,10,1,238, 2015-06-27
17, Wiz Khalifa ,13,13,225, 2015-06-27
18, Shawn Mendes ,35,13,25, 2015-06-27
19, Zendaya ,23,13,44, 2015-06-27
20, Ed Sheeran ,17,1,76, 2015-06-27
21, Fall Out Boy ,120,13,3, 2015-06-27
22, Fifth Harmony ,41,13,5, 2015-06-27
23, Lucy Hale ,29,13,50, 2015-06-27
24, Lady Gaga ,16,1,236, 2015-06-27
25, Shakira ,11,13,236, 2015-06-27
26, Becky G ,38,13,34, 2015-06-27
27, Iggy Azalea ,20,13,60, 2015-06-27
28, Snoop Dogg ,31,13,204, 2015-06-27
29, The Weeknd ,47,13,4, 2015-06-27
30, Drake ,18,13,213, 2015-06-27
31, David Guetta ,26,13,209, 2015-06-27
32, Maroon 5 ,33,1,150, 2015-06-27
33, Meek Mill ,49,13,29, 2015-06-27
34, Ellie Goulding ,22,13,93, 2015-06-27
35, Troye Sivan ,120,13,5, 2015-06-27
36, Austin Mahone ,120,13,100, 2015-06-27
37, Skrillex ,50,13,141, 2015-06-27
38, Sam Smith ,32,13,43, 2015-06-27
39, Prince Royce ,120,13,72, 2015-06-27
40, Jessie J ,37,21,44, 2015-06-27
41, Justin Timberlake ,14,1,209, 2015-06-27
42, Martin Garrix ,28,13,57, 2015-06-27
43, Ciara ,45,13,34, 2015-06-27
44, Diplo ,120,13,1, 2015-06-27
45, Bruno Mars ,21,1,224, 2015-06-27
46, Lana Del Rey ,120,13,90, 2015-06-27
47, Enrique Iglesias ,24,13,170, 2015-06-27
48, Eminem ,39,13,227, 2015-06-27
49, Kanye West ,43,1,55, 2015-06-27
50, Daddy Yankee ,25,13,28, 2015-06-27
1, Ariana Grande ,2,13,133, 2015-06-20
2, Taylor Swift ,1,1,237, 2015-06-20
3, Justin Bieber ,3,1,237, 2015-06-20
4, Jennifer Lopez ,4,13,223, 2015-06-20
5, Miley Cyrus ,9,1,165, 2015-06-20
6, Beyonce ,10,1,235, 2015-06-20
7, Nicki Minaj ,6,13,236, 2015-06-20
8, Selena Gomez ,5,13,235, 2015-06-20
9, Rihanna ,8,1,226, 2015-06-20
10, Katy Perry ,7,1,237, 2015-06-20
11, Shakira ,12,13,235, 2015-06-20
12, Demi Lovato ,11,13,227, 2015-06-20
13, Wiz Khalifa ,14,13,224, 2015-06-20
14, Justin Timberlake ,15,1,208, 2015-06-20
15, Chris Brown ,19,13,210, 2015-06-20
16, Lady Gaga ,13,1,235, 2015-06-20
17, Ed Sheeran ,16,1,75, 2015-06-20
18, Drake ,18,13,212, 2015-06-20
19, One Direction ,26,13,186, 2015-06-20
20, Iggy Azalea ,47,13,59, 2015-06-20
21, Bruno Mars ,29,1,223, 2015-06-20
22, Ellie Goulding ,33,13,92, 2015-06-20
23, Zendaya ,21,13,43, 2015-06-20
24, Enrique Iglesias ,20,13,169, 2015-06-20
25, Daddy Yankee ,28,13,27, 2015-06-20
26, David Guetta ,24,13,208, 2015-06-20
27, Romeo Santos ,22,13,86, 2015-06-20
28, Martin Garrix ,25,13,56, 2015-06-20
29, Lucy Hale ,40,13,49, 2015-06-20
30, Tyga ,17,13,33, 2015-06-20
31, Snoop Dogg ,37,13,203, 2015-06-20
32, Sam Smith ,31,13,42, 2015-06-20
33, Maroon 5 ,23,1,149, 2015-06-20
34, 5 Seconds Of Summer ,32,1,63, 2015-06-20
35, Shawn Mendes ,35,13,24, 2015-06-20
36, Calvin Harris ,30,13,29, 2015-06-20
37, Jessie J ,43,21,43, 2015-06-20
38, Becky G ,27,13,33, 2015-06-20
39, Eminem ,44,13,226, 2015-06-20
40, Claudia Leitte ,34,13,26, 2015-06-20
41, Fifth Harmony ,120,13,4, 2015-06-20
42, Bob Marley ,46,13,169, 2015-06-20
43, Kanye West ,41,1,54, 2015-06-20
44, Ludacris ,36,13,90, 2015-06-20
45, Ciara ,120,13,33, 2015-06-20
46, Britney Spears ,48,1,207, 2015-06-20
47, The Weeknd ,120,13,3, 2015-06-20
48, Thalia ,120,13,32, 2015-06-20
49, Meek Mill ,50,13,28, 2015-06-20
50, Skrillex ,120,13,140, 2015-06-20
1, Taylor Swift ,1,1,236, 2015-06-13
2, Ariana Grande ,2,13,132, 2015-06-13
3, Justin Bieber ,5,1,236, 2015-06-13
4, Jennifer Lopez ,10,13,222, 2015-06-13
5, Selena Gomez ,6,13,234, 2015-06-13
6, Nicki Minaj ,3,13,235, 2015-06-13
7, Katy Perry ,7,1,236, 2015-06-13
8, Rihanna ,9,1,225, 2015-06-13
9, Miley Cyrus ,8,1,164, 2015-06-13
10, Beyonce ,4,1,234, 2015-06-13
11, Demi Lovato ,12,13,226, 2015-06-13
12, Shakira ,14,13,234, 2015-06-13
13, Lady Gaga ,11,1,234, 2015-06-13
14, Wiz Khalifa ,13,13,223, 2015-06-13
15, Justin Timberlake ,16,1,207, 2015-06-13
16, Ed Sheeran ,15,1,74, 2015-06-13
17, Tyga ,23,13,32, 2015-06-13
18, Drake ,17,13,211, 2015-06-13
19, Chris Brown ,18,13,209, 2015-06-13
20, Enrique Iglesias ,24,13,168, 2015-06-13
21, Zendaya ,20,13,42, 2015-06-13
22, Romeo Santos ,25,13,85, 2015-06-13
23, Maroon 5 ,21,1,148, 2015-06-13
24, David Guetta ,39,13,207, 2015-06-13
25, Martin Garrix ,34,13,55, 2015-06-13
26, One Direction ,26,13,185, 2015-06-13
27, Becky G ,36,13,32, 2015-06-13
28, Daddy Yankee ,33,13,26, 2015-06-13
29, Bruno Mars ,28,1,222, 2015-06-13
30, Calvin Harris ,22,13,28, 2015-06-13
31, Sam Smith ,19,13,41, 2015-06-13
32, 5 Seconds Of Summer ,31,1,62, 2015-06-13
33, Ellie Goulding ,30,13,91, 2015-06-13
34, Claudia Leitte ,50,13,25, 2015-06-13
35, Shawn Mendes ,45,13,23, 2015-06-13
36, Ludacris ,38,13,89, 2015-06-13
37, Snoop Dogg ,32,13,202, 2015-06-13
38, A$AP Rocky ,120,13,2, 2015-06-13
39, Austin Mahone ,120,13,99, 2015-06-13
40, Lucy Hale ,41,13,48, 2015-06-13
41, Kanye West ,48,1,53, 2015-06-13
42, Coldplay ,37,1,146, 2015-06-13
43, Jessie J ,120,21,42, 2015-06-13
44, Eminem ,27,13,225, 2015-06-13
45, Ricky Martin ,120,13,8, 2015-06-13
46, Bob Marley ,40,13,168, 2015-06-13
47, Iggy Azalea ,35,13,58, 2015-06-13
48, Britney Spears ,46,1,206, 2015-06-13
49, Linkin Park ,43,1,183, 2015-06-13
50, Meek Mill ,42,13,27, 2015-06-13
1, Taylor Swift ,1,1,235, 2015-06-06
2, Ariana Grande ,2,13,131, 2015-06-06
3, Nicki Minaj ,10,13,234, 2015-06-06
4, Beyonce ,6,1,233, 2015-06-06
5, Justin Bieber ,3,1,235, 2015-06-06
6, Selena Gomez ,4,13,233, 2015-06-06
7, Katy Perry ,5,1,235, 2015-06-06
8, Miley Cyrus ,8,1,163, 2015-06-06
9, Rihanna ,9,1,224, 2015-06-06
10, Jennifer Lopez ,7,13,221, 2015-06-06
11, Lady Gaga ,16,1,233, 2015-06-06
12, Demi Lovato ,11,13,225, 2015-06-06
13, Wiz Khalifa ,12,13,222, 2015-06-06
14, Shakira ,13,13,233, 2015-06-06
15, Ed Sheeran ,15,1,73, 2015-06-06
16, Justin Timberlake ,14,1,206, 2015-06-06
17, Drake ,26,13,210, 2015-06-06
18, Chris Brown ,17,13,208, 2015-06-06
19, Sam Smith ,29,13,40, 2015-06-06
20, Zendaya ,27,13,41, 2015-06-06
21, Maroon 5 ,19,1,147, 2015-06-06
22, Calvin Harris ,38,13,27, 2015-06-06
23, Tyga ,44,13,31, 2015-06-06
24, Enrique Iglesias ,23,13,167, 2015-06-06
25, Romeo Santos ,31,13,84, 2015-06-06
26, One Direction ,25,13,184, 2015-06-06
27, Eminem ,28,13,224, 2015-06-06
28, Bruno Mars ,30,1,221, 2015-06-06
29, Meghan Trainor ,45,13,26, 2015-06-06
30, Ellie Goulding ,24,13,90, 2015-06-06
31, 5 Seconds Of Summer ,34,1,61, 2015-06-06
32, Snoop Dogg ,33,13,201, 2015-06-06
33, Daddy Yankee ,39,13,25, 2015-06-06
34, Martin Garrix ,22,13,54, 2015-06-06
35, Iggy Azalea ,35,13,57, 2015-06-06
36, Becky G ,21,13,31, 2015-06-06
37, Coldplay ,120,1,145, 2015-06-06
38, Ludacris ,32,13,88, 2015-06-06
39, David Guetta ,120,13,206, 2015-06-06
40, Bob Marley ,48,13,167, 2015-06-06
41, Lucy Hale ,36,13,47, 2015-06-06
42, Meek Mill ,42,13,26, 2015-06-06
43, Linkin Park ,120,1,182, 2015-06-06
44, Prince Royce ,18,13,71, 2015-06-06
45, Shawn Mendes ,120,13,22, 2015-06-06
46, Britney Spears ,40,1,205, 2015-06-06
47, Thalia ,37,13,31, 2015-06-06
48, Kanye West ,41,1,52, 2015-06-06
49, Fifth Harmony ,120,13,3, 2015-06-06
50, Claudia Leitte ,43,13,24, 2015-06-06
1, Taylor Swift ,1,1,234, 2015-05-30
2, Ariana Grande ,6,13,130, 2015-05-30
3, Justin Bieber ,5,1,234, 2015-05-30
4, Selena Gomez ,3,13,232, 2015-05-30
5, Katy Perry ,4,1,234, 2015-05-30
6, Beyonce ,2,1,232, 2015-05-30
7, Jennifer Lopez ,8,13,220, 2015-05-30
8, Miley Cyrus ,10,1,162, 2015-05-30
9, Rihanna ,7,1,223, 2015-05-30
10, Nicki Minaj ,9,13,233, 2015-05-30
11, Demi Lovato ,11,13,224, 2015-05-30
12, Wiz Khalifa ,12,13,221, 2015-05-30
13, Shakira ,13,13,232, 2015-05-30
14, Justin Timberlake ,16,1,205, 2015-05-30
15, Ed Sheeran ,14,1,72, 2015-05-30
16, Lady Gaga ,15,1,232, 2015-05-30
17, Chris Brown ,17,13,207, 2015-05-30
18, Prince Royce ,36,13,70, 2015-05-30
19, Maroon 5 ,34,1,146, 2015-05-30
20, B.B. King ,120,13,1, 2015-05-30
21, Becky G ,18,13,30, 2015-05-30
22, Martin Garrix ,35,13,53, 2015-05-30
23, Enrique Iglesias ,31,13,166, 2015-05-30
24, Ellie Goulding ,24,13,89, 2015-05-30
25, One Direction ,23,13,183, 2015-05-30
26, Drake ,19,13,209, 2015-05-30
27, Zendaya ,20,13,40, 2015-05-30
28, Eminem ,28,13,223, 2015-05-30
29, Sam Smith ,26,13,39, 2015-05-30
30, Bruno Mars ,29,1,220, 2015-05-30
31, Romeo Santos ,21,13,83, 2015-05-30
32, Ludacris ,22,13,87, 2015-05-30
33, Snoop Dogg ,32,13,200, 2015-05-30
34, 5 Seconds Of Summer ,25,1,60, 2015-05-30
35, Iggy Azalea ,42,13,56, 2015-05-30
36, Lucy Hale ,49,13,46, 2015-05-30
37, Thalia ,30,13,30, 2015-05-30
38, Calvin Harris ,120,13,26, 2015-05-30
39, Daddy Yankee ,40,13,24, 2015-05-30
40, Britney Spears ,38,1,204, 2015-05-30
41, Kanye West ,43,1,51, 2015-05-30
42, Meek Mill ,41,13,25, 2015-05-30
43, Claudia Leitte ,120,13,23, 2015-05-30
44, Tyga ,50,13,30, 2015-05-30
45, Meghan Trainor ,48,13,25, 2015-05-30
46, Ciara ,33,13,32, 2015-05-30
47, Austin Mahone ,45,13,98, 2015-05-30
48, Bob Marley ,120,13,166, 2015-05-30
49, Skrillex ,44,13,139, 2015-05-30
50, Avril Lavigne ,120,1,209, 2015-05-30
1, Taylor Swift ,1,1,233, 2015-05-23
2, Beyonce ,11,1,231, 2015-05-23
3, Selena Gomez ,4,13,231, 2015-05-23
4, Katy Perry ,6,1,233, 2015-05-23
5, Justin Bieber ,5,1,233, 2015-05-23
6, Ariana Grande ,2,13,129, 2015-05-23
7, Rihanna ,8,1,222, 2015-05-23
8, Jennifer Lopez ,7,13,219, 2015-05-23
9, Nicki Minaj ,3,13,232, 2015-05-23
10, Miley Cyrus ,9,1,161, 2015-05-23
11, Demi Lovato ,10,13,223, 2015-05-23
12, Wiz Khalifa ,12,13,220, 2015-05-23
13, Shakira ,14,13,231, 2015-05-23
14, Ed Sheeran ,15,1,71, 2015-05-23
15, Lady Gaga ,16,1,231, 2015-05-23
16, Justin Timberlake ,13,1,204, 2015-05-23
17, Chris Brown ,20,13,206, 2015-05-23
18, Becky G ,18,13,29, 2015-05-23
19, Drake ,19,13,208, 2015-05-23
20, Zendaya ,36,13,39, 2015-05-23
21, Romeo Santos ,17,13,82, 2015-05-23
22, Ludacris ,21,13,86, 2015-05-23
23, One Direction ,23,13,182, 2015-05-23
24, Ellie Goulding ,24,13,88, 2015-05-23
25, 5 Seconds Of Summer ,27,1,59, 2015-05-23
26, Sam Smith ,33,13,38, 2015-05-23
27, David Guetta ,44,13,205, 2015-05-23
28, Eminem ,25,13,222, 2015-05-23
29, Bruno Mars ,29,1,219, 2015-05-23
30, Thalia ,28,13,29, 2015-05-23
31, Enrique Iglesias ,34,13,165, 2015-05-23
32, Snoop Dogg ,35,13,199, 2015-05-23
33, Ciara ,39,13,31, 2015-05-23
34, Maroon 5 ,31,1,145, 2015-05-23
35, Martin Garrix ,22,13,52, 2015-05-23
36, Prince Royce ,40,13,69, 2015-05-23
37, Madonna ,120,13,32, 2015-05-23
38, Britney Spears ,48,1,203, 2015-05-23
39, Rita Ora ,120,13,30, 2015-05-23
40, Daddy Yankee ,30,13,23, 2015-05-23
41, Meek Mill ,32,13,24, 2015-05-23
42, Iggy Azalea ,38,13,55, 2015-05-23
43, Kanye West ,120,1,50, 2015-05-23
44, Skrillex ,45,13,138, 2015-05-23
45, Austin Mahone ,47,13,97, 2015-05-23
46, 50 Cent ,120,13,135, 2015-05-23
47, Shawn Mendes ,26,13,21, 2015-05-23
48, Meghan Trainor ,46,13,24, 2015-05-23
49, Lucy Hale ,37,13,45, 2015-05-23
50, Tyga ,41,13,29, 2015-05-23
1, Taylor Swift ,1,1,232, 2015-05-16
2, Ariana Grande ,2,13,128, 2015-05-16
3, Nicki Minaj ,9,13,231, 2015-05-16
4, Selena Gomez ,3,13,230, 2015-05-16
5, Justin Bieber ,6,1,232, 2015-05-16
6, Katy Perry ,7,1,232, 2015-05-16
7, Jennifer Lopez ,12,13,218, 2015-05-16
8, Rihanna ,4,1,221, 2015-05-16
9, Miley Cyrus ,10,1,160, 2015-05-16
10, Demi Lovato ,11,13,222, 2015-05-16
11, Beyonce ,13,1,230, 2015-05-16
12, Wiz Khalifa ,5,13,219, 2015-05-16
13, Justin Timberlake ,8,1,203, 2015-05-16
14, Shakira ,14,13,230, 2015-05-16
15, Ed Sheeran ,16,1,70, 2015-05-16
16, Lady Gaga ,15,1,230, 2015-05-16
17, Romeo Santos ,20,13,81, 2015-05-16
18, Becky G ,35,13,28, 2015-05-16
19, Drake ,18,13,207, 2015-05-16
20, Chris Brown ,22,13,205, 2015-05-16
21, Ludacris ,19,13,85, 2015-05-16
22, Martin Garrix ,37,13,51, 2015-05-16
23, One Direction ,25,13,181, 2015-05-16
24, Ellie Goulding ,32,13,87, 2015-05-16
25, Eminem ,24,13,221, 2015-05-16
26, Shawn Mendes ,33,13,20, 2015-05-16
27, 5 Seconds Of Summer ,40,1,58, 2015-05-16
28, Thalia ,30,13,28, 2015-05-16
29, Bruno Mars ,26,1,218, 2015-05-16
30, Daddy Yankee ,44,13,22, 2015-05-16
31, Maroon 5 ,29,1,144, 2015-05-16
32, Meek Mill ,45,13,23, 2015-05-16
33, Sam Smith ,17,13,37, 2015-05-16
34, Enrique Iglesias ,43,13,164, 2015-05-16
35, Snoop Dogg ,31,13,198, 2015-05-16
36, Zendaya ,23,13,38, 2015-05-16
37, Lucy Hale ,21,13,44, 2015-05-16
38, Iggy Azalea ,39,13,54, 2015-05-16
39, Ciara ,120,13,30, 2015-05-16
40, Prince Royce ,36,13,68, 2015-05-16
41, Tyga ,38,13,28, 2015-05-16
42, Calvin Harris ,120,13,25, 2015-05-16
43, Hilary Duff ,120,13,5, 2015-05-16
44, David Guetta ,41,13,204, 2015-05-16
45, Skrillex ,47,13,137, 2015-05-16
46, Meghan Trainor ,50,13,23, 2015-05-16
47, Austin Mahone ,34,13,96, 2015-05-16
48, Britney Spears ,46,1,202, 2015-05-16
49, Hardwell ,120,13,5, 2015-05-16
50, Claudia Leitte ,120,13,22, 2015-05-16
1, Taylor Swift ,2,1,231, 2015-05-09
2, Ariana Grande ,1,13,127, 2015-05-09
3, Selena Gomez ,3,13,229, 2015-05-09
4, Rihanna ,6,1,220, 2015-05-09
5, Wiz Khalifa ,8,13,218, 2015-05-09
6, Justin Bieber ,4,1,231, 2015-05-09
7, Katy Perry ,7,1,231, 2015-05-09
8, Justin Timberlake ,10,1,202, 2015-05-09
9, Nicki Minaj ,5,13,230, 2015-05-09
10, Miley Cyrus ,12,1,159, 2015-05-09
11, Demi Lovato ,11,13,221, 2015-05-09
12, Jennifer Lopez ,9,13,217, 2015-05-09
13, Beyonce ,14,1,229, 2015-05-09
14, Shakira ,13,13,229, 2015-05-09
15, Lady Gaga ,18,1,229, 2015-05-09
16, Ed Sheeran ,16,1,69, 2015-05-09
17, Sam Smith ,20,13,36, 2015-05-09
18, Drake ,15,13,206, 2015-05-09
19, Ludacris ,19,13,84, 2015-05-09
20, Romeo Santos ,21,13,80, 2015-05-09
21, Lucy Hale ,17,13,43, 2015-05-09
22, Chris Brown ,22,13,204, 2015-05-09
23, Zendaya ,120,13,37, 2015-05-09
24, Eminem ,25,13,220, 2015-05-09
25, One Direction ,26,13,180, 2015-05-09
26, Bruno Mars ,23,1,217, 2015-05-09
27, Waka Flocka Flame ,120,13,2, 2015-05-09
28, Big Sean ,31,13,18, 2015-05-09
29, Maroon 5 ,35,1,143, 2015-05-09
30, Thalia ,37,13,27, 2015-05-09
31, Snoop Dogg ,39,13,197, 2015-05-09
32, Ellie Goulding ,34,13,86, 2015-05-09
33, Shawn Mendes ,27,13,19, 2015-05-09
34, Austin Mahone ,32,13,95, 2015-05-09
35, Becky G ,29,13,27, 2015-05-09
36, Prince Royce ,38,13,67, 2015-05-09
37, Martin Garrix ,30,13,50, 2015-05-09
38, Tyga ,24,13,27, 2015-05-09
39, Iggy Azalea ,33,13,53, 2015-05-09
40, 5 Seconds Of Summer ,48,1,57, 2015-05-09
41, David Guetta ,50,13,203, 2015-05-09
42, Lana Del Rey ,46,13,89, 2015-05-09
43, Enrique Iglesias ,120,13,163, 2015-05-09
44, Daddy Yankee ,41,13,21, 2015-05-09
45, Meek Mill ,28,13,22, 2015-05-09
46, Britney Spears ,47,1,201, 2015-05-09
47, Skrillex ,45,13,136, 2015-05-09
48, Blake Shelton ,40,13,18, 2015-05-09
49, Coldplay ,120,1,144, 2015-05-09
50, Meghan Trainor ,49,13,22, 2015-05-09
1, Ariana Grande ,2,13,126, 2015-05-02
2, Taylor Swift ,1,1,230, 2015-05-02
3, Selena Gomez ,4,13,228, 2015-05-02
4, Justin Bieber ,3,1,230, 2015-05-02
5, Nicki Minaj ,5,13,229, 2015-05-02
6, Rihanna ,6,1,219, 2015-05-02
7, Katy Perry ,7,1,230, 2015-05-02
8, Wiz Khalifa ,11,13,217, 2015-05-02
9, Jennifer Lopez ,8,13,216, 2015-05-02
10, Justin Timberlake ,13,1,201, 2015-05-02
11, Demi Lovato ,10,13,220, 2015-05-02
12, Miley Cyrus ,9,1,158, 2015-05-02
13, Shakira ,23,13,228, 2015-05-02
14, Beyonce ,12,1,228, 2015-05-02
15, Drake ,18,13,205, 2015-05-02
16, Ed Sheeran ,15,1,68, 2015-05-02
17, Lucy Hale ,20,13,42, 2015-05-02
18, Lady Gaga ,19,1,228, 2015-05-02
19, Ludacris ,16,13,83, 2015-05-02
20, Sam Smith ,24,13,35, 2015-05-02
21, Romeo Santos ,22,13,79, 2015-05-02
22, Chris Brown ,29,13,203, 2015-05-02
23, Bruno Mars ,25,1,216, 2015-05-02
24, Tyga ,14,13,26, 2015-05-02
25, Eminem ,31,13,219, 2015-05-02
26, One Direction ,21,13,179, 2015-05-02
27, Shawn Mendes ,38,13,18, 2015-05-02
28, Meek Mill ,45,13,21, 2015-05-02
29, Becky G ,26,13,26, 2015-05-02
30, Martin Garrix ,33,13,49, 2015-05-02
31, Big Sean ,17,13,17, 2015-05-02
32, Austin Mahone ,28,13,94, 2015-05-02
33, Iggy Azalea ,27,13,52, 2015-05-02
34, Ellie Goulding ,32,13,85, 2015-05-02
35, Maroon 5 ,30,1,142, 2015-05-02
36, Madonna ,46,13,31, 2015-05-02
37, Thalia ,36,13,26, 2015-05-02
38, Prince Royce ,42,13,66, 2015-05-02
39, Snoop Dogg ,39,13,196, 2015-05-02
40, Blake Shelton ,120,13,17, 2015-05-02
41, Daddy Yankee ,50,13,20, 2015-05-02
42, Kanye West ,40,1,49, 2015-05-02
43, Victoria Justice ,120,13,18, 2015-05-02
44, Lil Wayne ,35,13,200, 2015-05-02
45, Skrillex ,120,13,135, 2015-05-02
46, Lana Del Rey ,41,13,88, 2015-05-02
47, Britney Spears ,120,1,200, 2015-05-02
48, 5 Seconds Of Summer ,37,1,56, 2015-05-02
49, Meghan Trainor ,43,13,21, 2015-05-02
50, David Guetta ,120,13,202, 2015-05-02
1, Taylor Swift ,1,1,229, 2015-04-25
2, Ariana Grande ,2,13,125, 2015-04-25
3, Justin Bieber ,3,1,229, 2015-04-25
4, Selena Gomez ,4,13,227, 2015-04-25
5, Nicki Minaj ,5,13,228, 2015-04-25
6, Rihanna ,6,1,218, 2015-04-25
7, Katy Perry ,8,1,229, 2015-04-25
8, Jennifer Lopez ,10,13,215, 2015-04-25
9, Miley Cyrus ,9,1,157, 2015-04-25
10, Demi Lovato ,11,13,219, 2015-04-25
11, Wiz Khalifa ,14,13,216, 2015-04-25
12, Beyonce ,7,1,227, 2015-04-25
13, Justin Timberlake ,12,1,200, 2015-04-25
14, Tyga ,50,13,25, 2015-04-25
15, Ed Sheeran ,15,1,67, 2015-04-25
16, Ludacris ,17,13,82, 2015-04-25
17, Big Sean ,37,13,16, 2015-04-25
18, Drake ,16,13,204, 2015-04-25
19, Lady Gaga ,19,1,227, 2015-04-25
20, Lucy Hale ,22,13,41, 2015-04-25
21, One Direction ,13,13,178, 2015-04-25
22, Romeo Santos ,33,13,78, 2015-04-25
23, Shakira ,18,13,227, 2015-04-25
24, Sam Smith ,20,13,34, 2015-04-25
25, Bruno Mars ,24,1,215, 2015-04-25
26, Becky G ,48,13,25, 2015-04-25
27, Iggy Azalea ,27,13,51, 2015-04-25
28, Austin Mahone ,29,13,93, 2015-04-25
29, Chris Brown ,21,13,202, 2015-04-25
30, Maroon 5 ,31,1,141, 2015-04-25
31, Eminem ,44,13,218, 2015-04-25
32, Ellie Goulding ,23,13,84, 2015-04-25
33, Martin Garrix ,26,13,48, 2015-04-25
34, Avril Lavigne ,38,1,208, 2015-04-25
35, Lil Wayne ,42,13,199, 2015-04-25
36, Thalia ,45,13,25, 2015-04-25
37, 5 Seconds Of Summer ,30,1,55, 2015-04-25
38, Shawn Mendes ,120,13,17, 2015-04-25
39, Snoop Dogg ,35,13,195, 2015-04-25
40, Kanye West ,120,1,48, 2015-04-25
41, Lana Del Rey ,120,13,87, 2015-04-25
42, Prince Royce ,120,13,65, 2015-04-25
43, Meghan Trainor ,40,13,20, 2015-04-25
44, Pharrell Williams ,32,13,43, 2015-04-25
45, Meek Mill ,120,13,20, 2015-04-25
46, Madonna ,34,13,30, 2015-04-25
47, Hilary Duff ,25,13,4, 2015-04-25
48, Bob Marley ,120,13,165, 2015-04-25
49, Calvin Harris ,28,13,24, 2015-04-25
50, Daddy Yankee ,43,13,19, 2015-04-25
1, Taylor Swift ,1,1,228, 2015-04-18
2, Ariana Grande ,2,13,124, 2015-04-18
3, Justin Bieber ,3,1,228, 2015-04-18
4, Selena Gomez ,4,13,226, 2015-04-18
5, Nicki Minaj ,8,13,227, 2015-04-18
6, Rihanna ,5,1,217, 2015-04-18
7, Beyonce ,10,1,226, 2015-04-18
8, Katy Perry ,7,1,228, 2015-04-18
9, Miley Cyrus ,9,1,156, 2015-04-18
10, Jennifer Lopez ,11,13,214, 2015-04-18
11, Demi Lovato ,15,13,218, 2015-04-18
12, Justin Timberlake ,12,1,199, 2015-04-18
13, One Direction ,6,13,177, 2015-04-18
14, Wiz Khalifa ,16,13,215, 2015-04-18
15, Ed Sheeran ,13,1,66, 2015-04-18
16, Drake ,18,13,203, 2015-04-18
17, Ludacris ,47,13,81, 2015-04-18
18, Shakira ,20,13,226, 2015-04-18
19, Lady Gaga ,14,1,226, 2015-04-18
20, Sam Smith ,25,13,33, 2015-04-18
21, Chris Brown ,32,13,201, 2015-04-18
22, Lucy Hale ,17,13,40, 2015-04-18
23, Ellie Goulding ,27,13,83, 2015-04-18
24, Bruno Mars ,23,1,214, 2015-04-18
25, Hilary Duff ,120,13,3, 2015-04-18
26, Martin Garrix ,21,13,47, 2015-04-18
27, Iggy Azalea ,26,13,50, 2015-04-18
28, Calvin Harris ,31,13,23, 2015-04-18
29, Austin Mahone ,29,13,92, 2015-04-18
30, 5 Seconds Of Summer ,19,1,54, 2015-04-18
31, Maroon 5 ,22,1,140, 2015-04-18
32, Pharrell Williams ,42,13,42, 2015-04-18
33, Romeo Santos ,30,13,77, 2015-04-18
34, Madonna ,120,13,29, 2015-04-18
35, Snoop Dogg ,36,13,194, 2015-04-18
36, Nick Jonas ,24,13,8, 2015-04-18
37, Big Sean ,33,13,15, 2015-04-18
38, Avril Lavigne ,120,1,207, 2015-04-18
39, Zendaya ,40,13,36, 2015-04-18
40, Meghan Trainor ,28,13,19, 2015-04-18
41, Skrillex ,45,13,134, 2015-04-18
42, Lil Wayne ,35,13,198, 2015-04-18
43, Daddy Yankee ,120,13,18, 2015-04-18
44, Eminem ,120,13,217, 2015-04-18
45, Thalia ,34,13,24, 2015-04-18
46, Blake Shelton ,37,13,16, 2015-04-18
47, Kendrick Lamar ,46,13,7, 2015-04-18
48, Becky G ,41,13,24, 2015-04-18
49, Selena ,120,49,1, 2015-04-18
50, Tyga ,48,13,24, 2015-04-18
1, Taylor Swift ,1,1,227, 2015-04-11
2, Ariana Grande ,2,13,123, 2015-04-11
3, Justin Bieber ,3,1,227, 2015-04-11
4, Selena Gomez ,6,13,225, 2015-04-11
5, Rihanna ,4,1,216, 2015-04-11
6, One Direction ,22,13,176, 2015-04-11
7, Katy Perry ,5,1,227, 2015-04-11
8, Nicki Minaj ,8,13,226, 2015-04-11
9, Miley Cyrus ,10,1,155, 2015-04-11
10, Beyonce ,11,1,225, 2015-04-11
11, Jennifer Lopez ,9,13,213, 2015-04-11
12, Justin Timberlake ,7,1,198, 2015-04-11
13, Ed Sheeran ,14,1,65, 2015-04-11
14, Lady Gaga ,16,1,225, 2015-04-11
15, Demi Lovato ,13,13,217, 2015-04-11
16, Wiz Khalifa ,15,13,214, 2015-04-11
17, Lucy Hale ,18,13,39, 2015-04-11
18, Drake ,12,13,202, 2015-04-11
19, 5 Seconds Of Summer ,38,1,53, 2015-04-11
20, Shakira ,20,13,225, 2015-04-11
21, Martin Garrix ,120,13,46, 2015-04-11
22, Maroon 5 ,31,1,139, 2015-04-11
23, Bruno Mars ,27,1,213, 2015-04-11
24, Nick Jonas ,50,13,7, 2015-04-11
25, Sam Smith ,21,13,32, 2015-04-11
26, Iggy Azalea ,36,13,49, 2015-04-11
27, Ellie Goulding ,26,13,82, 2015-04-11
28, Meghan Trainor ,29,13,18, 2015-04-11
29, Austin Mahone ,34,13,91, 2015-04-11
30, Romeo Santos ,120,13,76, 2015-04-11
31, Calvin Harris ,120,13,22, 2015-04-11
32, Chris Brown ,30,13,200, 2015-04-11
33, Big Sean ,28,13,14, 2015-04-11
34, Thalia ,45,13,23, 2015-04-11
35, Lil Wayne ,24,13,197, 2015-04-11
36, Snoop Dogg ,35,13,193, 2015-04-11
37, Blake Shelton ,25,13,15, 2015-04-11
38, Little Mix ,120,13,48, 2015-04-11
39, Britney Spears ,44,1,199, 2015-04-11
40, Zendaya ,120,13,35, 2015-04-11
41, Becky G ,120,13,23, 2015-04-11
42, Pharrell Williams ,32,13,41, 2015-04-11
43, Rita Ora ,48,13,29, 2015-04-11
44, Shawn Mendes ,120,13,16, 2015-04-11
45, Skrillex ,120,13,133, 2015-04-11
46, Kendrick Lamar ,23,13,6, 2015-04-11
47, Ludacris ,120,13,80, 2015-04-11
48, Tyga ,17,13,23, 2015-04-11
49, Kanye West ,19,1,47, 2015-04-11
50, Bob Marley ,120,13,164, 2015-04-11
1, Taylor Swift ,1,1,226, 2015-04-04
2, Ariana Grande ,2,13,122, 2015-04-04
3, Justin Bieber ,3,1,226, 2015-04-04
4, Rihanna ,5,1,215, 2015-04-04
5, Katy Perry ,6,1,226, 2015-04-04
6, Selena Gomez ,4,13,224, 2015-04-04
7, Justin Timberlake ,7,1,197, 2015-04-04
8, Nicki Minaj ,9,13,225, 2015-04-04
9, Jennifer Lopez ,11,13,212, 2015-04-04
10, Miley Cyrus ,14,1,154, 2015-04-04
11, Beyonce ,10,1,224, 2015-04-04
12, Drake ,15,13,201, 2015-04-04
13, Demi Lovato ,13,13,216, 2015-04-04
14, Ed Sheeran ,12,1,64, 2015-04-04
15, Wiz Khalifa ,17,13,213, 2015-04-04
16, Lady Gaga ,18,1,224, 2015-04-04
17, Tyga ,44,13,22, 2015-04-04
18, Lucy Hale ,20,13,38, 2015-04-04
19, Kanye West ,24,1,46, 2015-04-04
20, Shakira ,19,13,224, 2015-04-04
21, Sam Smith ,16,13,31, 2015-04-04
22, One Direction ,34,13,175, 2015-04-04
23, Kendrick Lamar ,120,13,5, 2015-04-04
24, Lil Wayne ,31,13,196, 2015-04-04
25, Blake Shelton ,26,13,14, 2015-04-04
26, Ellie Goulding ,22,13,81, 2015-04-04
27, Bruno Mars ,27,1,212, 2015-04-04
28, Big Sean ,23,13,13, 2015-04-04
29, Meghan Trainor ,40,13,17, 2015-04-04
30, Chris Brown ,29,13,199, 2015-04-04
31, Maroon 5 ,25,1,138, 2015-04-04
32, Pharrell Williams ,33,13,40, 2015-04-04
33, Madonna ,30,13,28, 2015-04-04
34, Austin Mahone ,35,13,90, 2015-04-04
35, Snoop Dogg ,32,13,192, 2015-04-04
36, Iggy Azalea ,38,13,48, 2015-04-04
37, Avril Lavigne ,47,1,206, 2015-04-04
38, 5 Seconds Of Summer ,8,1,52, 2015-04-04
39, Ciara ,42,13,29, 2015-04-04
40, Claudia Leitte ,45,13,21, 2015-04-04
41, Meek Mill ,49,13,19, 2015-04-04
42, Lana Del Rey ,36,13,86, 2015-04-04
43, Eminem ,120,13,216, 2015-04-04
44, Britney Spears ,43,1,198, 2015-04-04
45, Thalia ,41,13,22, 2015-04-04
46, Ricky Martin ,120,13,7, 2015-04-04
47, Alicia Keys ,120,1,106, 2015-04-04
48, Rita Ora ,120,13,28, 2015-04-04
49, will.i.am ,120,13,44, 2015-04-04
50, Nick Jonas ,120,13,6, 2015-04-04
1, Taylor Swift ,1,1,225, 2015-03-28
2, Ariana Grande ,2,13,121, 2015-03-28
3, Justin Bieber ,3,1,225, 2015-03-28
4, Selena Gomez ,4,13,223, 2015-03-28
5, Rihanna ,10,1,214, 2015-03-28
6, Katy Perry ,7,1,225, 2015-03-28
7, Justin Timberlake ,5,1,196, 2015-03-28
8, 5 Seconds Of Summer ,38,1,51, 2015-03-28
9, Nicki Minaj ,12,13,224, 2015-03-28
10, Beyonce ,9,1,223, 2015-03-28
11, Jennifer Lopez ,11,13,211, 2015-03-28
12, Ed Sheeran ,8,1,63, 2015-03-28
13, Demi Lovato ,15,13,215, 2015-03-28
14, Miley Cyrus ,14,1,153, 2015-03-28
15, Drake ,13,13,200, 2015-03-28
16, Sam Smith ,16,13,30, 2015-03-28
17, Wiz Khalifa ,18,13,212, 2015-03-28
18, Lady Gaga ,21,1,223, 2015-03-28
19, Shakira ,120,13,223, 2015-03-28
20, Lucy Hale ,20,13,37, 2015-03-28
21, Romeo Santos ,19,13,75, 2015-03-28
22, Ellie Goulding ,17,13,80, 2015-03-28
23, Big Sean ,22,13,12, 2015-03-28
24, Kanye West ,6,1,45, 2015-03-28
25, Maroon 5 ,24,1,137, 2015-03-28
26, Blake Shelton ,26,13,13, 2015-03-28
27, Bruno Mars ,27,1,211, 2015-03-28
28, Zedd ,120,13,4, 2015-03-28
29, Chris Brown ,25,13,198, 2015-03-28
30, Madonna ,43,13,27, 2015-03-28
31, Lil Wayne ,120,13,195, 2015-03-28
32, Snoop Dogg ,44,13,191, 2015-03-28
33, Pharrell Williams ,33,13,39, 2015-03-28
34, One Direction ,23,13,174, 2015-03-28
35, Austin Mahone ,30,13,89, 2015-03-28
36, Lana Del Rey ,35,13,85, 2015-03-28
37, Martin Garrix ,32,13,45, 2015-03-28
38, Iggy Azalea ,28,13,47, 2015-03-28
39, Shawn Mendes ,37,13,15, 2015-03-28
40, Meghan Trainor ,36,13,16, 2015-03-28
41, Thalia ,31,13,21, 2015-03-28
42, Ciara ,120,13,28, 2015-03-28
43, Britney Spears ,120,1,197, 2015-03-28
44, Tyga ,49,13,21, 2015-03-28
45, Claudia Leitte ,34,13,20, 2015-03-28
46, Daddy Yankee ,120,13,17, 2015-03-28
47, Avril Lavigne ,42,1,205, 2015-03-28
48, Zendaya ,39,13,34, 2015-03-28
49, Meek Mill ,40,13,18, 2015-03-28
50, Prince Royce ,41,13,64, 2015-03-28
1, Taylor Swift ,1,1,224, 2015-03-21
2, Ariana Grande ,2,13,120, 2015-03-21
3, Justin Bieber ,6,1,224, 2015-03-21
4, Selena Gomez ,4,13,222, 2015-03-21
5, Justin Timberlake ,7,1,195, 2015-03-21
6, Kanye West ,36,1,44, 2015-03-21
7, Katy Perry ,3,1,224, 2015-03-21
8, Ed Sheeran ,10,1,62, 2015-03-21
9, Beyonce ,9,1,222, 2015-03-21
10, Rihanna ,20,1,213, 2015-03-21
11, Jennifer Lopez ,8,13,210, 2015-03-21
12, Nicki Minaj ,14,13,223, 2015-03-21
13, Drake ,16,13,199, 2015-03-21
14, Miley Cyrus ,17,1,152, 2015-03-21
15, Demi Lovato ,15,13,214, 2015-03-21
16, Sam Smith ,11,13,29, 2015-03-21
17, Ellie Goulding ,22,13,79, 2015-03-21
18, Wiz Khalifa ,18,13,211, 2015-03-21
19, Romeo Santos ,19,13,74, 2015-03-21
20, Lucy Hale ,21,13,36, 2015-03-21
21, Lady Gaga ,12,1,222, 2015-03-21
22, Big Sean ,23,13,11, 2015-03-21
23, One Direction ,25,13,173, 2015-03-21
24, Maroon 5 ,29,1,136, 2015-03-21
25, Chris Brown ,24,13,197, 2015-03-21
26, Blake Shelton ,35,13,12, 2015-03-21
27, Bruno Mars ,27,1,210, 2015-03-21
28, Iggy Azalea ,28,13,46, 2015-03-21
29, Becky G ,120,13,22, 2015-03-21
30, Austin Mahone ,40,13,88, 2015-03-21
31, Thalia ,37,13,20, 2015-03-21
32, Martin Garrix ,44,13,44, 2015-03-21
33, Pharrell Williams ,42,13,38, 2015-03-21
34, Claudia Leitte ,32,13,19, 2015-03-21
35, Lana Del Rey ,45,13,84, 2015-03-21
36, Meghan Trainor ,50,13,15, 2015-03-21
37, Shawn Mendes ,41,13,14, 2015-03-21
38, 5 Seconds Of Summer ,38,1,50, 2015-03-21
39, Zendaya ,13,13,33, 2015-03-21
40, Meek Mill ,120,13,17, 2015-03-21
41, Prince Royce ,5,13,63, 2015-03-21
42, Avril Lavigne ,43,1,204, 2015-03-21
43, Madonna ,30,13,26, 2015-03-21
44, Snoop Dogg ,46,13,190, 2015-03-21
45, Hilary Duff ,120,13,2, 2015-03-21
46, Enrique Iglesias ,120,13,162, 2015-03-21
47, Carrie Underwood ,120,1,1, 2015-03-21
48, Christina Aguilera ,34,13,80, 2015-03-21
49, Tyga ,39,13,20, 2015-03-21
50, Sia ,120,13,2, 2015-03-21
1, Taylor Swift ,1,1,223, 2015-03-14
2, Ariana Grande ,2,13,119, 2015-03-14
3, Katy Perry ,4,1,223, 2015-03-14
4, Selena Gomez ,3,13,221, 2015-03-14
5, Prince Royce ,48,13,62, 2015-03-14
6, Justin Bieber ,6,1,223, 2015-03-14
7, Justin Timberlake ,9,1,194, 2015-03-14
8, Jennifer Lopez ,11,13,209, 2015-03-14
9, Beyonce ,5,1,221, 2015-03-14
10, Ed Sheeran ,12,1,61, 2015-03-14
11, Sam Smith ,18,13,28, 2015-03-14
12, Lady Gaga ,7,1,221, 2015-03-14
13, Zendaya ,32,13,32, 2015-03-14
14, Nicki Minaj ,10,13,222, 2015-03-14
15, Demi Lovato ,14,13,213, 2015-03-14
16, Drake ,16,13,198, 2015-03-14
17, Miley Cyrus ,13,1,151, 2015-03-14
18, Wiz Khalifa ,17,13,210, 2015-03-14
19, Romeo Santos ,20,13,73, 2015-03-14
20, Rihanna ,8,1,212, 2015-03-14
21, Lucy Hale ,22,13,35, 2015-03-14
22, Ellie Goulding ,36,13,78, 2015-03-14
23, Big Sean ,25,13,10, 2015-03-14
24, Chris Brown ,21,13,196, 2015-03-14
25, One Direction ,19,13,172, 2015-03-14
26, Rita Ora ,120,13,27, 2015-03-14
27, Bruno Mars ,23,1,209, 2015-03-14
28, Iggy Azalea ,26,13,45, 2015-03-14
29, Maroon 5 ,28,1,135, 2015-03-14
30, Madonna ,120,13,25, 2015-03-14
31, Zedd ,120,13,3, 2015-03-14
32, Claudia Leitte ,27,13,18, 2015-03-14
33, John Legend ,120,13,4, 2015-03-14
34, Christina Aguilera ,120,13,79, 2015-03-14
35, Blake Shelton ,120,13,11, 2015-03-14
36, Kanye West ,41,1,43, 2015-03-14
37, Thalia ,37,13,19, 2015-03-14
38, 5 Seconds Of Summer ,42,1,49, 2015-03-14
39, Tyga ,15,13,19, 2015-03-14
40, Austin Mahone ,30,13,87, 2015-03-14
41, Shawn Mendes ,120,13,13, 2015-03-14
42, Pharrell Williams ,120,13,37, 2015-03-14
43, Avril Lavigne ,31,1,203, 2015-03-14
44, Martin Garrix ,120,13,43, 2015-03-14
45, Lana Del Rey ,38,13,83, 2015-03-14
46, Snoop Dogg ,29,13,189, 2015-03-14
47, Shakira ,24,13,222, 2015-03-14
48, Charli XCX ,120,13,3, 2015-03-14
49, Lil Wayne ,33,13,194, 2015-03-14
50, Meghan Trainor ,50,13,14, 2015-03-14
1, Taylor Swift ,1,1,222, 2015-03-07
2, Ariana Grande ,2,13,118, 2015-03-07
3, Selena Gomez ,8,13,220, 2015-03-07
4, Katy Perry ,6,1,222, 2015-03-07
5, Beyonce ,3,1,220, 2015-03-07
6, Justin Bieber ,5,1,222, 2015-03-07
7, Lady Gaga ,18,1,220, 2015-03-07
8, Rihanna ,4,1,211, 2015-03-07
9, Justin Timberlake ,10,1,193, 2015-03-07
10, Nicki Minaj ,9,13,221, 2015-03-07
11, Jennifer Lopez ,14,13,208, 2015-03-07
12, Ed Sheeran ,12,1,60, 2015-03-07
13, Miley Cyrus ,11,1,150, 2015-03-07
14, Demi Lovato ,16,13,212, 2015-03-07
15, Tyga ,120,13,18, 2015-03-07
16, Drake ,13,13,197, 2015-03-07
17, Wiz Khalifa ,19,13,209, 2015-03-07
18, Sam Smith ,7,13,27, 2015-03-07
19, One Direction ,21,13,171, 2015-03-07
20, Romeo Santos ,23,13,72, 2015-03-07
21, Chris Brown ,15,13,195, 2015-03-07
22, Lucy Hale ,27,13,34, 2015-03-07
23, Bruno Mars ,20,1,208, 2015-03-07
24, Shakira ,17,13,221, 2015-03-07
25, Big Sean ,24,13,9, 2015-03-07
26, Iggy Azalea ,22,13,44, 2015-03-07
27, Claudia Leitte ,33,13,17, 2015-03-07
28, Maroon 5 ,29,1,134, 2015-03-07
29, Snoop Dogg ,26,13,188, 2015-03-07
30, Austin Mahone ,37,13,86, 2015-03-07
31, Avril Lavigne ,28,1,202, 2015-03-07
32, Zendaya ,39,13,31, 2015-03-07
33, Lil Wayne ,43,13,193, 2015-03-07
34, Pitbull ,41,13,218, 2015-03-07
35, Enrique Iglesias ,40,13,161, 2015-03-07
36, Ellie Goulding ,47,13,77, 2015-03-07
37, Thalia ,120,13,18, 2015-03-07
38, Lana Del Rey ,48,13,82, 2015-03-07
39, Becky G ,120,13,21, 2015-03-07
40, Eminem ,30,13,215, 2015-03-07
41, Kanye West ,120,1,42, 2015-03-07
42, 5 Seconds Of Summer ,120,1,48, 2015-03-07
43, The Weeknd ,120,13,2, 2015-03-07
44, Imagine Dragons ,49,1,26, 2015-03-07
45, Bob Marley ,34,13,163, 2015-03-07
46, Adele ,120,1,173, 2015-03-07
47, Meek Mill ,45,13,16, 2015-03-07
48, Prince Royce ,36,13,61, 2015-03-07
49, Coldplay ,120,1,143, 2015-03-07
50, Meghan Trainor ,38,13,13, 2015-03-07
1, Taylor Swift ,2,1,221, 2015-02-28
2, Ariana Grande ,1,13,117, 2015-02-28
3, Beyonce ,8,1,219, 2015-02-28
4, Rihanna ,7,1,210, 2015-02-28
5, Justin Bieber ,4,1,221, 2015-02-28
6, Katy Perry ,3,1,221, 2015-02-28
7, Sam Smith ,18,13,26, 2015-02-28
8, Selena Gomez ,5,13,219, 2015-02-28
9, Nicki Minaj ,6,13,220, 2015-02-28
10, Justin Timberlake ,11,1,192, 2015-02-28
11, Miley Cyrus ,9,1,149, 2015-02-28
12, Ed Sheeran ,16,1,59, 2015-02-28
13, Drake ,23,13,196, 2015-02-28
14, Jennifer Lopez ,13,13,207, 2015-02-28
15, Chris Brown ,27,13,194, 2015-02-28
16, Demi Lovato ,14,13,211, 2015-02-28
17, Shakira ,10,13,220, 2015-02-28
18, Lady Gaga ,19,1,219, 2015-02-28
19, Wiz Khalifa ,20,13,208, 2015-02-28
20, Bruno Mars ,22,1,207, 2015-02-28
21, One Direction ,15,13,170, 2015-02-28
22, Iggy Azalea ,12,13,43, 2015-02-28
23, Romeo Santos ,29,13,71, 2015-02-28
24, Big Sean ,28,13,8, 2015-02-28
25, Beck ,120,25,1, 2015-02-28
26, Snoop Dogg ,21,13,187, 2015-02-28
27, Lucy Hale ,120,13,33, 2015-02-28
28, Avril Lavigne ,31,1,201, 2015-02-28
29, Maroon 5 ,26,1,133, 2015-02-28
30, Eminem ,25,13,214, 2015-02-28
31, Ricky Martin ,120,13,6, 2015-02-28
32, Macklemore & Ryan Lewis ,120,13,40, 2015-02-28
33, Claudia Leitte ,40,13,16, 2015-02-28
34, Bob Marley ,17,13,162, 2015-02-28
35, Madonna ,120,13,24, 2015-02-28
36, Prince Royce ,30,13,60, 2015-02-28
37, Austin Mahone ,120,13,85, 2015-02-28
38, Meghan Trainor ,41,13,12, 2015-02-28
39, Zendaya ,35,13,30, 2015-02-28
40, Enrique Iglesias ,33,13,160, 2015-02-28
41, Pitbull ,34,13,217, 2015-02-28
42, Sia ,120,13,1, 2015-02-28
43, Lil Wayne ,43,13,192, 2015-02-28
44, Pharrell Williams ,120,13,36, 2015-02-28
45, Meek Mill ,46,13,15, 2015-02-28
46, John Legend ,50,13,3, 2015-02-28
47, Ellie Goulding ,32,13,76, 2015-02-28
48, Lana Del Rey ,38,13,81, 2015-02-28
49, Imagine Dragons ,120,1,25, 2015-02-28
50, Jessie J ,47,21,41, 2015-02-28
1, Ariana Grande ,3,13,116, 2015-02-21
2, Taylor Swift ,1,1,220, 2015-02-21
3, Katy Perry ,2,1,220, 2015-02-21
4, Justin Bieber ,5,1,220, 2015-02-21
5, Selena Gomez ,6,13,218, 2015-02-21
6, Nicki Minaj ,8,13,219, 2015-02-21
7, Rihanna ,7,1,209, 2015-02-21
8, Beyonce ,10,1,218, 2015-02-21
9, Miley Cyrus ,9,1,148, 2015-02-21
10, Shakira ,11,13,219, 2015-02-21
11, Justin Timberlake ,4,1,191, 2015-02-21
12, Iggy Azalea ,21,13,42, 2015-02-21
13, Jennifer Lopez ,14,13,206, 2015-02-21
14, Demi Lovato ,12,13,210, 2015-02-21
15, One Direction ,20,13,169, 2015-02-21
16, Ed Sheeran ,16,1,58, 2015-02-21
17, Bob Marley ,33,13,161, 2015-02-21
18, Sam Smith ,13,13,25, 2015-02-21
19, Lady Gaga ,22,1,218, 2015-02-21
20, Wiz Khalifa ,18,13,207, 2015-02-21
21, Snoop Dogg ,23,13,186, 2015-02-21
22, Bruno Mars ,19,1,206, 2015-02-21
23, Drake ,17,13,195, 2015-02-21
24, Tyga ,15,13,17, 2015-02-21
25, Eminem ,32,13,213, 2015-02-21
26, Maroon 5 ,26,1,132, 2015-02-21
27, Chris Brown ,27,13,193, 2015-02-21
28, Big Sean ,120,13,7, 2015-02-21
29, Romeo Santos ,25,13,70, 2015-02-21
30, Prince Royce ,24,13,59, 2015-02-21
31, Avril Lavigne ,38,1,200, 2015-02-21
32, Ellie Goulding ,28,13,75, 2015-02-21
33, Enrique Iglesias ,29,13,159, 2015-02-21
34, Pitbull ,34,13,216, 2015-02-21
35, Zendaya ,36,13,29, 2015-02-21
36, 5 Seconds Of Summer ,42,1,47, 2015-02-21
37, Daddy Yankee ,120,13,16, 2015-02-21
38, Lana Del Rey ,120,13,80, 2015-02-21
39, Britney Spears ,30,1,196, 2015-02-21
40, Claudia Leitte ,35,13,15, 2015-02-21
41, Meghan Trainor ,41,13,11, 2015-02-21
42, Whitney Houston ,120,1,7, 2015-02-21
43, Lil Wayne ,31,13,191, 2015-02-21
44, Missy Elliott ,120,13,1, 2015-02-21
45, Martin Garrix ,45,13,42, 2015-02-21
46, Meek Mill ,40,13,14, 2015-02-21
47, Jessie J ,46,21,40, 2015-02-21
48, Rita Ora ,120,13,26, 2015-02-21
49, Michael Jackson ,120,13,188, 2015-02-21
50, John Legend ,120,13,2, 2015-02-21
1, Taylor Swift ,1,1,219, 2015-02-14
2, Katy Perry ,6,1,219, 2015-02-14
3, Ariana Grande ,2,13,115, 2015-02-14
4, Justin Timberlake ,14,1,190, 2015-02-14
5, Justin Bieber ,5,1,219, 2015-02-14
6, Selena Gomez ,3,13,217, 2015-02-14
7, Rihanna ,10,1,208, 2015-02-14
8, Nicki Minaj ,11,13,218, 2015-02-14
9, Miley Cyrus ,4,1,147, 2015-02-14
10, Beyonce ,7,1,217, 2015-02-14
11, Shakira ,8,13,218, 2015-02-14
12, Demi Lovato ,12,13,209, 2015-02-14
13, Sam Smith ,24,13,24, 2015-02-14
14, Jennifer Lopez ,9,13,205, 2015-02-14
15, Tyga ,120,13,16, 2015-02-14
16, Ed Sheeran ,16,1,57, 2015-02-14
17, Drake ,23,13,194, 2015-02-14
18, Wiz Khalifa ,13,13,206, 2015-02-14
19, Bruno Mars ,17,1,205, 2015-02-14
20, One Direction ,18,13,168, 2015-02-14
21, Iggy Azalea ,21,13,41, 2015-02-14
22, Lady Gaga ,15,1,217, 2015-02-14
23, Snoop Dogg ,19,13,185, 2015-02-14
24, Prince Royce ,28,13,58, 2015-02-14
25, Romeo Santos ,31,13,69, 2015-02-14
26, Maroon 5 ,29,1,131, 2015-02-14
27, Chris Brown ,20,13,192, 2015-02-14
28, Ellie Goulding ,27,13,74, 2015-02-14
29, Enrique Iglesias ,37,13,158, 2015-02-14
30, Britney Spears ,33,1,195, 2015-02-14
31, Lil Wayne ,26,13,190, 2015-02-14
32, Eminem ,34,13,212, 2015-02-14
33, Bob Marley ,32,13,160, 2015-02-14
34, Pitbull ,36,13,215, 2015-02-14
35, Claudia Leitte ,30,13,14, 2015-02-14
36, Zendaya ,41,13,28, 2015-02-14
37, Shawn Mendes ,46,13,12, 2015-02-14
38, Avril Lavigne ,39,1,199, 2015-02-14
39, David Guetta ,47,13,201, 2015-02-14
40, Meek Mill ,120,13,13, 2015-02-14
41, Meghan Trainor ,35,13,10, 2015-02-14
42, 5 Seconds Of Summer ,38,1,46, 2015-02-14
43, Michael Buble ,120,13,9, 2015-02-14
44, Thalia ,44,13,17, 2015-02-14
45, Martin Garrix ,42,13,41, 2015-02-14
46, Jessie J ,49,21,39, 2015-02-14
47, Ricky Martin ,120,13,5, 2015-02-14
48, Blake Shelton ,48,13,10, 2015-02-14
49, Becky G ,120,13,20, 2015-02-14
50, Adele ,120,1,172, 2015-02-14
1, Taylor Swift ,1,1,218, 2015-02-07
2, Ariana Grande ,3,13,114, 2015-02-07
3, Selena Gomez ,2,13,216, 2015-02-07
4, Miley Cyrus ,9,1,146, 2015-02-07
5, Justin Bieber ,5,1,218, 2015-02-07
6, Katy Perry ,6,1,218, 2015-02-07
7, Beyonce ,4,1,216, 2015-02-07
8, Shakira ,24,13,217, 2015-02-07
9, Jennifer Lopez ,7,13,204, 2015-02-07
10, Rihanna ,11,1,207, 2015-02-07
11, Nicki Minaj ,8,13,217, 2015-02-07
12, Demi Lovato ,10,13,208, 2015-02-07
13, Wiz Khalifa ,12,13,205, 2015-02-07
14, Justin Timberlake ,15,1,189, 2015-02-07
15, Lady Gaga ,19,1,216, 2015-02-07
16, Ed Sheeran ,17,1,56, 2015-02-07
17, Bruno Mars ,16,1,204, 2015-02-07
18, One Direction ,14,13,167, 2015-02-07
19, Snoop Dogg ,18,13,184, 2015-02-07
20, Chris Brown ,21,13,191, 2015-02-07
21, Iggy Azalea ,26,13,40, 2015-02-07
22, 50 Cent ,13,13,134, 2015-02-07
23, Drake ,20,13,193, 2015-02-07
24, Sam Smith ,28,13,23, 2015-02-07
25, Zedd ,40,13,2, 2015-02-07
26, Lil Wayne ,37,13,189, 2015-02-07
27, Ellie Goulding ,35,13,73, 2015-02-07
28, Prince Royce ,22,13,57, 2015-02-07
29, Maroon 5 ,23,1,130, 2015-02-07
30, Claudia Leitte ,29,13,13, 2015-02-07
31, Romeo Santos ,32,13,68, 2015-02-07
32, Bob Marley ,27,13,159, 2015-02-07
33, Britney Spears ,47,1,194, 2015-02-07
34, Eminem ,33,13,211, 2015-02-07
35, Meghan Trainor ,25,13,9, 2015-02-07
36, Pitbull ,34,13,214, 2015-02-07
37, Enrique Iglesias ,41,13,157, 2015-02-07
38, 5 Seconds Of Summer ,31,1,45, 2015-02-07
39, Avril Lavigne ,46,1,198, 2015-02-07
40, Lana Del Rey ,30,13,79, 2015-02-07
41, Zendaya ,120,13,27, 2015-02-07
42, Martin Garrix ,44,13,40, 2015-02-07
43, Rita Ora ,43,13,25, 2015-02-07
44, Thalia ,50,13,16, 2015-02-07
45, Austin Mahone ,36,13,84, 2015-02-07
46, Shawn Mendes ,120,13,11, 2015-02-07
47, David Guetta ,38,13,200, 2015-02-07
48, Blake Shelton ,120,13,9, 2015-02-07
49, Jessie J ,120,21,38, 2015-02-07
50, Fall Out Boy ,120,13,2, 2015-02-07
1, Taylor Swift ,1,1,217, 2015-01-31
2, Selena Gomez ,4,13,215, 2015-01-31
3, Ariana Grande ,3,13,113, 2015-01-31
4, Beyonce ,5,1,215, 2015-01-31
5, Justin Bieber ,2,1,217, 2015-01-31
6, Katy Perry ,6,1,217, 2015-01-31
7, Jennifer Lopez ,8,13,203, 2015-01-31
8, Nicki Minaj ,7,13,216, 2015-01-31
9, Miley Cyrus ,9,1,145, 2015-01-31
10, Demi Lovato ,10,13,207, 2015-01-31
11, Rihanna ,11,1,206, 2015-01-31
12, Wiz Khalifa ,15,13,204, 2015-01-31
13, 50 Cent ,120,13,133, 2015-01-31
14, One Direction ,14,13,166, 2015-01-31
15, Justin Timberlake ,12,1,188, 2015-01-31
16, Bruno Mars ,20,1,203, 2015-01-31
17, Ed Sheeran ,16,1,55, 2015-01-31
18, Snoop Dogg ,22,13,183, 2015-01-31
19, Lady Gaga ,25,1,215, 2015-01-31
20, Drake ,19,13,192, 2015-01-31
21, Chris Brown ,27,13,190, 2015-01-31
22, Prince Royce ,13,13,56, 2015-01-31
23, Maroon 5 ,42,1,129, 2015-01-31
24, Shakira ,23,13,216, 2015-01-31
25, Meghan Trainor ,48,13,8, 2015-01-31
26, Iggy Azalea ,17,13,39, 2015-01-31
27, Bob Marley ,21,13,158, 2015-01-31
28, Sam Smith ,28,13,22, 2015-01-31
29, Claudia Leitte ,46,13,12, 2015-01-31
30, Lana Del Rey ,24,13,78, 2015-01-31
31, 5 Seconds Of Summer ,29,1,44, 2015-01-31
32, Romeo Santos ,31,13,67, 2015-01-31
33, Eminem ,33,13,210, 2015-01-31
34, Pitbull ,30,13,213, 2015-01-31
35, Ellie Goulding ,37,13,72, 2015-01-31
36, Austin Mahone ,32,13,83, 2015-01-31
37, Lil Wayne ,26,13,188, 2015-01-31
38, David Guetta ,35,13,199, 2015-01-31
39, Calvin Harris ,43,13,21, 2015-01-31
40, Zedd ,120,13,1, 2015-01-31
41, Enrique Iglesias ,44,13,156, 2015-01-31
42, Daddy Yankee ,120,13,15, 2015-01-31
43, Rita Ora ,36,13,24, 2015-01-31
44, Martin Garrix ,45,13,39, 2015-01-31
45, Ludacris ,120,13,79, 2015-01-31
46, Avril Lavigne ,41,1,197, 2015-01-31
47, Britney Spears ,47,1,193, 2015-01-31
48, Adele ,120,1,171, 2015-01-31
49, Victoria Justice ,49,13,17, 2015-01-31
50, Thalia ,120,13,15, 2015-01-31
1, Taylor Swift ,1,1,216, 2015-01-24
2, Justin Bieber ,3,1,216, 2015-01-24
3, Ariana Grande ,2,13,112, 2015-01-24
4, Selena Gomez ,4,13,214, 2015-01-24
5, Beyonce ,6,1,214, 2015-01-24
6, Katy Perry ,5,1,216, 2015-01-24
7, Nicki Minaj ,9,13,215, 2015-01-24
8, Jennifer Lopez ,12,13,202, 2015-01-24
9, Miley Cyrus ,8,1,144, 2015-01-24
10, Demi Lovato ,7,13,206, 2015-01-24
11, Rihanna ,16,1,205, 2015-01-24
12, Justin Timberlake ,11,1,187, 2015-01-24
13, Prince Royce ,38,13,55, 2015-01-24
14, One Direction ,10,13,165, 2015-01-24
15, Wiz Khalifa ,13,13,203, 2015-01-24
16, Ed Sheeran ,15,1,54, 2015-01-24
17, Iggy Azalea ,25,13,38, 2015-01-24
18, Macklemore & Ryan Lewis ,120,13,39, 2015-01-24
19, Drake ,14,13,191, 2015-01-24
20, Bruno Mars ,21,1,202, 2015-01-24
21, Bob Marley ,18,13,157, 2015-01-24
22, Snoop Dogg ,20,13,182, 2015-01-24
23, Shakira ,26,13,215, 2015-01-24
24, Lana Del Rey ,49,13,77, 2015-01-24
25, Lady Gaga ,31,1,214, 2015-01-24
26, Lil Wayne ,17,13,187, 2015-01-24
27, Chris Brown ,24,13,189, 2015-01-24
28, Sam Smith ,29,13,21, 2015-01-24
29, 5 Seconds Of Summer ,23,1,43, 2015-01-24
30, Pitbull ,19,13,212, 2015-01-24
31, Romeo Santos ,28,13,66, 2015-01-24
32, Austin Mahone ,43,13,82, 2015-01-24
33, Eminem ,22,13,209, 2015-01-24
34, Zendaya ,120,13,26, 2015-01-24
35, David Guetta ,34,13,198, 2015-01-24
36, Rita Ora ,120,13,23, 2015-01-24
37, Ellie Goulding ,36,13,71, 2015-01-24
38, Lorde ,120,13,36, 2015-01-24
39, Lucy Hale ,120,13,32, 2015-01-24
40, John Legend ,120,13,1, 2015-01-24
41, Avril Lavigne ,30,1,196, 2015-01-24
42, Maroon 5 ,37,1,128, 2015-01-24
43, Calvin Harris ,35,13,20, 2015-01-24
44, Enrique Iglesias ,41,13,155, 2015-01-24
45, Martin Garrix ,27,13,38, 2015-01-24
46, Claudia Leitte ,32,13,11, 2015-01-24
47, Britney Spears ,40,1,192, 2015-01-24
48, Meghan Trainor ,42,13,7, 2015-01-24
49, Victoria Justice ,44,13,16, 2015-01-24
50, Blake Shelton ,39,13,8, 2015-01-24
1, Taylor Swift ,1,1,215, 2015-01-17
2, Ariana Grande ,2,13,111, 2015-01-17
3, Justin Bieber ,3,1,215, 2015-01-17
4, Selena Gomez ,6,13,213, 2015-01-17
5, Katy Perry ,4,1,215, 2015-01-17
6, Beyonce ,7,1,213, 2015-01-17
7, Demi Lovato ,9,13,205, 2015-01-17
8, Miley Cyrus ,8,1,143, 2015-01-17
9, Nicki Minaj ,5,13,214, 2015-01-17
10, One Direction ,10,13,164, 2015-01-17
11, Justin Timberlake ,12,1,186, 2015-01-17
12, Jennifer Lopez ,11,13,201, 2015-01-17
13, Wiz Khalifa ,16,13,202, 2015-01-17
14, Drake ,18,13,190, 2015-01-17
15, Ed Sheeran ,17,1,53, 2015-01-17
16, Rihanna ,13,1,204, 2015-01-17
17, Lil Wayne ,22,13,186, 2015-01-17
18, Bob Marley ,19,13,156, 2015-01-17
19, Pitbull ,30,13,211, 2015-01-17
20, Snoop Dogg ,25,13,181, 2015-01-17
21, Bruno Mars ,26,1,201, 2015-01-17
22, Eminem ,23,13,208, 2015-01-17
23, 5 Seconds Of Summer ,20,1,42, 2015-01-17
24, Chris Brown ,15,13,188, 2015-01-17
25, Iggy Azalea ,21,13,37, 2015-01-17
26, Shakira ,27,13,214, 2015-01-17
27, Martin Garrix ,29,13,37, 2015-01-17
28, Romeo Santos ,24,13,65, 2015-01-17
29, Sam Smith ,28,13,20, 2015-01-17
30, Avril Lavigne ,39,1,195, 2015-01-17
31, Lady Gaga ,48,1,213, 2015-01-17
32, Claudia Leitte ,33,13,10, 2015-01-17
33, The Beatles ,120,13,73, 2015-01-17
34, David Guetta ,31,13,197, 2015-01-17
35, Calvin Harris ,35,13,19, 2015-01-17
36, Ellie Goulding ,34,13,70, 2015-01-17
37, Maroon 5 ,37,1,127, 2015-01-17
38, Prince Royce ,36,13,54, 2015-01-17
39, Blake Shelton ,41,13,7, 2015-01-17
40, Britney Spears ,42,1,191, 2015-01-17
41, Enrique Iglesias ,50,13,154, 2015-01-17
42, Meghan Trainor ,40,13,6, 2015-01-17
43, Austin Mahone ,38,13,81, 2015-01-17
44, Victoria Justice ,120,13,15, 2015-01-17
45, Coldplay ,120,1,142, 2015-01-17
46, Madonna ,120,13,23, 2015-01-17
47, Shawn Mendes ,44,13,10, 2015-01-17
48, Ludacris ,32,13,78, 2015-01-17
49, Lana Del Rey ,120,13,76, 2015-01-17
50, Alicia Keys ,46,1,105, 2015-01-17
1, Taylor Swift ,1,1,214, 2015-01-10
2, Ariana Grande ,5,13,110, 2015-01-10
3, Justin Bieber ,4,1,214, 2015-01-10
4, Katy Perry ,7,1,214, 2015-01-10
5, Nicki Minaj ,2,13,213, 2015-01-10
6, Selena Gomez ,3,13,212, 2015-01-10
7, Beyonce ,8,1,212, 2015-01-10
8, Miley Cyrus ,11,1,142, 2015-01-10
9, Demi Lovato ,13,13,204, 2015-01-10
10, One Direction ,6,13,163, 2015-01-10
11, Jennifer Lopez ,18,13,200, 2015-01-10
12, Justin Timberlake ,10,1,185, 2015-01-10
13, Rihanna ,9,1,203, 2015-01-10
14, Joe Cocker ,120,14,1, 2015-01-10
15, Chris Brown ,16,13,187, 2015-01-10
16, Wiz Khalifa ,14,13,201, 2015-01-10
17, Ed Sheeran ,12,1,52, 2015-01-10
18, Drake ,20,13,189, 2015-01-10
19, Bob Marley ,19,13,155, 2015-01-10
20, 5 Seconds Of Summer ,17,1,41, 2015-01-10
21, Iggy Azalea ,27,13,36, 2015-01-10
22, Lil Wayne ,29,13,185, 2015-01-10
23, Eminem ,21,13,207, 2015-01-10
24, Romeo Santos ,26,13,64, 2015-01-10
25, Snoop Dogg ,33,13,180, 2015-01-10
26, Bruno Mars ,36,1,200, 2015-01-10
27, Shakira ,37,13,213, 2015-01-10
28, Sam Smith ,15,13,19, 2015-01-10
29, Martin Garrix ,35,13,36, 2015-01-10
30, Pitbull ,43,13,210, 2015-01-10
31, David Guetta ,40,13,196, 2015-01-10
32, Ludacris ,120,13,77, 2015-01-10
33, Claudia Leitte ,45,13,9, 2015-01-10
34, Ellie Goulding ,32,13,69, 2015-01-10
35, Calvin Harris ,28,13,18, 2015-01-10
36, Prince Royce ,31,13,53, 2015-01-10
37, Maroon 5 ,120,1,126, 2015-01-10
38, Austin Mahone ,25,13,80, 2015-01-10
39, Avril Lavigne ,47,1,194, 2015-01-10
40, Meghan Trainor ,22,13,5, 2015-01-10
41, Blake Shelton ,50,13,6, 2015-01-10
42, Britney Spears ,44,1,190, 2015-01-10
43, Pentatonix ,30,13,10, 2015-01-10
44, Shawn Mendes ,120,13,9, 2015-01-10
45, Us The Duo ,120,13,1, 2015-01-10
46, Alicia Keys ,120,1,104, 2015-01-10
47, Jesse & Joy ,46,13,10, 2015-01-10
48, Lady Gaga ,24,1,212, 2015-01-10
49, Michael Buble ,120,13,8, 2015-01-10
50, Enrique Iglesias ,38,13,153, 2015-01-10
1, Taylor Swift ,1,1,213, 2015-01-03
2, Nicki Minaj ,5,13,212, 2015-01-03
3, Selena Gomez ,4,13,211, 2015-01-03
4, Justin Bieber ,3,1,213, 2015-01-03
5, Ariana Grande ,2,13,109, 2015-01-03
6, One Direction ,10,13,162, 2015-01-03
7, Katy Perry ,6,1,213, 2015-01-03
8, Beyonce ,7,1,211, 2015-01-03
9, Rihanna ,9,1,202, 2015-01-03
10, Justin Timberlake ,15,1,184, 2015-01-03
11, Miley Cyrus ,11,1,141, 2015-01-03
12, Ed Sheeran ,12,1,51, 2015-01-03
13, Demi Lovato ,8,13,203, 2015-01-03
14, Wiz Khalifa ,14,13,200, 2015-01-03
15, Sam Smith ,17,13,18, 2015-01-03
16, Chris Brown ,16,13,186, 2015-01-03
17, 5 Seconds Of Summer ,18,1,40, 2015-01-03
18, Jennifer Lopez ,13,13,199, 2015-01-03
19, Bob Marley ,19,13,154, 2015-01-03
20, Drake ,20,13,188, 2015-01-03
21, Eminem ,22,13,206, 2015-01-03
22, Meghan Trainor ,23,13,4, 2015-01-03
23, J. Cole ,24,13,2, 2015-01-03
24, Lady Gaga ,47,1,211, 2015-01-03
25, Austin Mahone ,26,13,79, 2015-01-03
26, Romeo Santos ,25,13,63, 2015-01-03
27, Iggy Azalea ,21,13,35, 2015-01-03
28, Calvin Harris ,27,13,17, 2015-01-03
29, Lil Wayne ,28,13,184, 2015-01-03
30, Pentatonix ,35,13,9, 2015-01-03
31, Prince Royce ,29,13,52, 2015-01-03
32, Ellie Goulding ,31,13,68, 2015-01-03
33, Snoop Dogg ,32,13,179, 2015-01-03
34, Coldplay ,120,1,141, 2015-01-03
35, Martin Garrix ,33,13,35, 2015-01-03
36, Bruno Mars ,34,1,199, 2015-01-03
37, Shakira ,30,13,212, 2015-01-03
38, Enrique Iglesias ,36,13,152, 2015-01-03
39, Daddy Yankee ,42,13,14, 2015-01-03
40, David Guetta ,37,13,195, 2015-01-03
41, Lucy Hale ,38,13,31, 2015-01-03
42, K. Michelle ,39,13,3, 2015-01-03
43, Pitbull ,40,13,209, 2015-01-03
44, Britney Spears ,120,1,189, 2015-01-03
45, Claudia Leitte ,41,13,8, 2015-01-03
46, Jesse & Joy ,43,13,9, 2015-01-03
47, Avril Lavigne ,44,1,193, 2015-01-03
48, Charli XCX ,45,13,2, 2015-01-03
49, Thalia ,46,13,14, 2015-01-03
50, Blake Shelton ,48,13,5, 2015-01-03
1, Taylor Swift ,2,1,212, 2014-12-27
2, Justin Bieber ,5,1,212, 2014-12-27
3, Selena Gomez ,3,13,210, 2014-12-27
4, Nicki Minaj ,4,13,211, 2014-12-27
5, Katy Perry ,8,1,212, 2014-12-27
6, Beyonce ,14,1,210, 2014-12-27
7, Demi Lovato ,13,13,202, 2014-12-27
8, Rihanna ,7,1,201, 2014-12-27
9, One Direction ,11,13,161, 2014-12-27
10, Miley Cyrus ,6,1,140, 2014-12-27
11, Ed Sheeran ,21,1,50, 2014-12-27
12, Jennifer Lopez ,23,13,198, 2014-12-27
13, Wiz Khalifa ,9,13,199, 2014-12-27
14, Justin Timberlake ,20,1,183, 2014-12-27
15, Chris Brown ,12,13,185, 2014-12-27
16, Sam Smith ,16,13,17, 2014-12-27
17, 5 Seconds Of Summer ,10,1,39, 2014-12-27
18, Bob Marley ,28,13,153, 2014-12-27
19, Drake ,22,13,187, 2014-12-27
20, Iggy Azalea ,18,13,34, 2014-12-27
21, Eminem ,36,13,205, 2014-12-27
22, Meghan Trainor ,43,13,3, 2014-12-27
23, J. Cole ,120,13,1, 2014-12-27
24, Romeo Santos ,32,13,62, 2014-12-27
25, Austin Mahone ,15,13,78, 2014-12-27
26, Calvin Harris ,40,13,16, 2014-12-27
27, Lil Wayne ,29,13,183, 2014-12-27
28, Prince Royce ,45,13,51, 2014-12-27
29, Shakira ,42,13,211, 2014-12-27
30, Ellie Goulding ,31,13,67, 2014-12-27
31, Snoop Dogg ,17,13,178, 2014-12-27
32, Martin Garrix ,26,13,34, 2014-12-27
33, Bruno Mars ,120,1,198, 2014-12-27
34, Pentatonix ,49,13,8, 2014-12-27
35, Enrique Iglesias ,41,13,151, 2014-12-27
36, David Guetta ,120,13,194, 2014-12-27
37, Lucy Hale ,19,13,30, 2014-12-27
38, K. Michelle ,48,13,2, 2014-12-27
39, Pitbull ,120,13,208, 2014-12-27
40, Claudia Leitte ,120,13,7, 2014-12-27
41, Daddy Yankee ,35,13,13, 2014-12-27
42, Jesse & Joy ,46,13,8, 2014-12-27
43, Avril Lavigne ,120,1,192, 2014-12-27
44, Charli XCX ,120,13,1, 2014-12-27
45, Thalia ,34,13,13, 2014-12-27
46, Lady Gaga ,25,1,210, 2014-12-27
47, Blake Shelton ,120,13,4, 2014-12-27
48, Maroon 5 ,120,1,125, 2014-12-27
49, Nick Jonas ,120,13,5, 2014-12-27
50, Britney Spears ,47,1,189, 2014-12-27
1, Ariana Grande ,1,13,107, 2014-12-20
2, Taylor Swift ,3,1,211, 2014-12-20
3, Selena Gomez ,4,13,209, 2014-12-20
4, Nicki Minaj ,27,13,210, 2014-12-20
5, Justin Bieber ,2,1,211, 2014-12-20
6, Miley Cyrus ,5,1,139, 2014-12-20
7, Rihanna ,6,1,200, 2014-12-20
8, Katy Perry ,12,1,211, 2014-12-20
9, Wiz Khalifa ,13,13,198, 2014-12-20
10, 5 Seconds Of Summer ,18,1,38, 2014-12-20
11, One Direction ,7,13,160, 2014-12-20
12, Chris Brown ,19,13,184, 2014-12-20
13, Demi Lovato ,10,13,201, 2014-12-20
14, Beyonce ,8,1,209, 2014-12-20
15, Austin Mahone ,14,13,77, 2014-12-20
16, Sam Smith ,16,13,16, 2014-12-20
17, Snoop Dogg ,9,13,177, 2014-12-20
18, Iggy Azalea ,24,13,33, 2014-12-20
19, Lucy Hale ,15,13,29, 2014-12-20
20, Justin Timberlake ,20,1,182, 2014-12-20
21, Ed Sheeran ,21,1,49, 2014-12-20
22, Drake ,40,13,186, 2014-12-20
23, Jennifer Lopez ,11,13,197, 2014-12-20
24, Ludacris ,29,13,76, 2014-12-20
25, Lady Gaga ,26,1,209, 2014-12-20
26, Martin Garrix ,17,13,33, 2014-12-20
27, Rita Ora ,45,13,22, 2014-12-20
28, Bob Marley ,23,13,152, 2014-12-20
29, Lil Wayne ,120,13,182, 2014-12-20
30, Meek Mill ,120,13,12, 2014-12-20
31, Ellie Goulding ,34,13,66, 2014-12-20
32, Romeo Santos ,25,13,61, 2014-12-20
33, Lana Del Rey ,120,13,75, 2014-12-20
34, Thalia ,42,13,12, 2014-12-20
35, Daddy Yankee ,43,13,12, 2014-12-20
36, Eminem ,22,13,204, 2014-12-20
37, Zendaya ,28,13,25, 2014-12-20
38, Fifth Harmony ,120,13,2, 2014-12-20
39, Becky G ,38,13,19, 2014-12-20
40, Calvin Harris ,120,13,15, 2014-12-20
41, Enrique Iglesias ,30,13,150, 2014-12-20
42, Shakira ,31,13,210, 2014-12-20
43, Meghan Trainor ,33,13,2, 2014-12-20
44, Pharrell Williams ,120,13,35, 2014-12-20
45, Prince Royce ,35,13,50, 2014-12-20
46, Jesse & Joy ,50,13,7, 2014-12-20
47, Britney Spears ,120,1,188, 2014-12-20
48, K. Michelle ,120,13,1, 2014-12-20
49, Pentatonix ,120,13,7, 2014-12-20
50, B.o.B ,120,13,2, 2014-12-20
1, Ariana Grande ,1,13,106, 2014-12-13
2, Justin Bieber ,4,1,210, 2014-12-13
3, Taylor Swift ,6,1,210, 2014-12-13
4, Selena Gomez ,7,13,208, 2014-12-13
5, Miley Cyrus ,3,1,138, 2014-12-13
6, Rihanna ,15,1,199, 2014-12-13
7, One Direction ,2,13,159, 2014-12-13
8, Beyonce ,5,1,208, 2014-12-13
9, Snoop Dogg ,13,13,176, 2014-12-13
10, Demi Lovato ,11,13,200, 2014-12-13
11, Jennifer Lopez ,14,13,196, 2014-12-13
12, Katy Perry ,10,1,210, 2014-12-13
13, Wiz Khalifa ,9,13,197, 2014-12-13
14, Austin Mahone ,21,13,76, 2014-12-13
15, Lucy Hale ,17,13,28, 2014-12-13
16, Sam Smith ,31,13,15, 2014-12-13
17, Martin Garrix ,25,13,32, 2014-12-13
18, 5 Seconds Of Summer ,12,1,37, 2014-12-13
19, Chris Brown ,18,13,183, 2014-12-13
20, Justin Timberlake ,16,1,181, 2014-12-13
21, Ed Sheeran ,22,1,48, 2014-12-13
22, Eminem ,26,13,203, 2014-12-13
23, Bob Marley ,19,13,151, 2014-12-13
24, Iggy Azalea ,30,13,32, 2014-12-13
25, Romeo Santos ,29,13,60, 2014-12-13
26, Lady Gaga ,23,1,208, 2014-12-13
27, Nicki Minaj ,8,13,209, 2014-12-13
28, Zendaya ,37,13,24, 2014-12-13
29, Ludacris ,24,13,75, 2014-12-13
30, Enrique Iglesias ,28,13,149, 2014-12-13
31, Shakira ,34,13,209, 2014-12-13
32, Keyshia Cole ,27,13,4, 2014-12-13
33, Meghan Trainor ,120,13,1, 2014-12-13
34, Ellie Goulding ,36,13,65, 2014-12-13
35, Prince Royce ,39,13,49, 2014-12-13
36, Shawn Mendes ,120,13,8, 2014-12-13
37, Bruno Mars ,35,1,197, 2014-12-13
38, Becky G ,43,13,18, 2014-12-13
39, Lorde ,120,13,35, 2014-12-13
40, Drake ,20,13,185, 2014-12-13
41, Pitbull ,40,13,207, 2014-12-13
42, Thalia ,44,13,11, 2014-12-13
43, Daddy Yankee ,49,13,11, 2014-12-13
44, Claudia Leitte ,120,13,6, 2014-12-13
45, Rita Ora ,48,13,21, 2014-12-13
46, David Guetta ,42,13,193, 2014-12-13
47, Big Sean ,32,13,6, 2014-12-13
48, The Vamps ,41,13,17, 2014-12-13
49, Skrillex ,120,13,132, 2014-12-13
50, Jesse & Joy ,120,13,6, 2014-12-13
1, Ariana Grande ,3,13,105, 2014-12-06
2, One Direction ,5,13,158, 2014-12-06
3, Miley Cyrus ,4,1,137, 2014-12-06
4, Justin Bieber ,1,1,209, 2014-12-06
5, Beyonce ,7,1,207, 2014-12-06
6, Taylor Swift ,2,1,209, 2014-12-06
7, Selena Gomez ,6,13,207, 2014-12-06
8, Nicki Minaj ,11,13,208, 2014-12-06
9, Wiz Khalifa ,19,13,196, 2014-12-06
10, Katy Perry ,13,1,209, 2014-12-06
11, Demi Lovato ,10,13,199, 2014-12-06
12, 5 Seconds Of Summer ,8,1,36, 2014-12-06
13, Snoop Dogg ,12,13,175, 2014-12-06
14, Jennifer Lopez ,15,13,195, 2014-12-06
15, Rihanna ,9,1,198, 2014-12-06
16, Justin Timberlake ,22,1,180, 2014-12-06
17, Lucy Hale ,27,13,27, 2014-12-06
18, Chris Brown ,14,13,182, 2014-12-06
19, Bob Marley ,18,13,150, 2014-12-06
20, Drake ,16,13,184, 2014-12-06
21, Austin Mahone ,26,13,75, 2014-12-06
22, Ed Sheeran ,17,1,47, 2014-12-06
23, Lady Gaga ,25,1,207, 2014-12-06
24, Ludacris ,21,13,74, 2014-12-06
25, Martin Garrix ,23,13,31, 2014-12-06
26, Eminem ,20,13,202, 2014-12-06
27, Keyshia Cole ,120,13,3, 2014-12-06
28, Enrique Iglesias ,32,13,148, 2014-12-06
29, Romeo Santos ,24,13,59, 2014-12-06
30, Iggy Azalea ,33,13,31, 2014-12-06
31, Sam Smith ,37,13,14, 2014-12-06
32, Big Sean ,120,13,5, 2014-12-06
33, Ciara ,38,13,27, 2014-12-06
34, Shakira ,31,13,208, 2014-12-06
35, Bruno Mars ,49,1,196, 2014-12-06
36, Ellie Goulding ,39,13,64, 2014-12-06
37, Zendaya ,30,13,23, 2014-12-06
38, Lana Del Rey ,29,13,74, 2014-12-06
39, Prince Royce ,42,13,48, 2014-12-06
40, Pitbull ,41,13,206, 2014-12-06
41, The Vamps ,50,13,16, 2014-12-06
42, David Guetta ,35,13,192, 2014-12-06
43, Becky G ,46,13,17, 2014-12-06
44, Thalia ,43,13,10, 2014-12-06
45, Jessy J ,120,13,1, 2014-12-06
46, Usher ,120,13,148, 2014-12-06
47, French Montana ,36,13,3, 2014-12-06
48, Rita Ora ,120,13,20, 2014-12-06
49, Daddy Yankee ,47,13,10, 2014-12-06
50, Timbaland ,120,13,1, 2014-12-06
1, Justin Bieber ,7,1,208, 2014-11-29
2, Taylor Swift ,3,1,208, 2014-11-29
3, Ariana Grande ,1,13,104, 2014-11-29
4, Miley Cyrus ,5,1,136, 2014-11-29
5, One Direction ,8,13,157, 2014-11-29
6, Selena Gomez ,4,13,206, 2014-11-29
7, Beyonce ,9,1,206, 2014-11-29
8, 5 Seconds Of Summer ,10,1,35, 2014-11-29
9, Rihanna ,2,1,197, 2014-11-29
10, Demi Lovato ,16,13,198, 2014-11-29
11, Nicki Minaj ,6,13,207, 2014-11-29
12, Snoop Dogg ,19,13,174, 2014-11-29
13, Katy Perry ,11,1,208, 2014-11-29
14, Chris Brown ,12,13,181, 2014-11-29
15, Jennifer Lopez ,13,13,194, 2014-11-29
16, Drake ,23,13,183, 2014-11-29
17, Ed Sheeran ,22,1,46, 2014-11-29
18, Bob Marley ,25,13,149, 2014-11-29
19, Wiz Khalifa ,18,13,195, 2014-11-29
20, Eminem ,21,13,201, 2014-11-29
21, Ludacris ,27,13,73, 2014-11-29
22, Justin Timberlake ,24,1,179, 2014-11-29
23, Martin Garrix ,20,13,30, 2014-11-29
24, Romeo Santos ,28,13,58, 2014-11-29
25, Lady Gaga ,30,1,206, 2014-11-29
26, Austin Mahone ,26,13,74, 2014-11-29
27, Lucy Hale ,14,13,26, 2014-11-29
28, Shawn Mendes ,15,13,7, 2014-11-29
29, Lana Del Rey ,120,13,73, 2014-11-29
30, Zendaya ,35,13,22, 2014-11-29
31, Shakira ,29,13,207, 2014-11-29
32, Enrique Iglesias ,32,13,147, 2014-11-29
33, Iggy Azalea ,17,13,30, 2014-11-29
34, Nick Jonas ,49,13,4, 2014-11-29
35, David Guetta ,38,13,191, 2014-11-29
36, French Montana ,50,13,2, 2014-11-29
37, Sam Smith ,46,13,13, 2014-11-29
38, Ciara ,44,13,26, 2014-11-29
39, Ellie Goulding ,31,13,63, 2014-11-29
40, Calvin Harris ,40,13,14, 2014-11-29
41, Pitbull ,37,13,205, 2014-11-29
42, Prince Royce ,120,13,47, 2014-11-29
43, Thalia ,120,13,9, 2014-11-29
44, Adele ,45,1,170, 2014-11-29
45, Lorde ,120,13,34, 2014-11-29
46, Becky G ,41,13,16, 2014-11-29
47, Daddy Yankee ,120,13,9, 2014-11-29
48, Little Mix ,47,13,47, 2014-11-29
49, Bruno Mars ,36,1,195, 2014-11-29
50, The Vamps ,39,13,15, 2014-11-29
1, Ariana Grande ,2,13,103, 2014-11-22
2, Rihanna ,120,1,196, 2014-11-22
3, Taylor Swift ,4,1,207, 2014-11-22
4, Selena Gomez ,5,13,205, 2014-11-22
5, Miley Cyrus ,3,1,135, 2014-11-22
6, Nicki Minaj ,6,13,206, 2014-11-22
7, Justin Bieber ,1,1,207, 2014-11-22
8, One Direction ,7,13,156, 2014-11-22
9, Beyonce ,11,1,205, 2014-11-22
10, 5 Seconds Of Summer ,16,1,34, 2014-11-22
11, Katy Perry ,8,1,207, 2014-11-22
12, Chris Brown ,12,13,180, 2014-11-22
13, Jennifer Lopez ,14,13,193, 2014-11-22
14, Lucy Hale ,21,13,25, 2014-11-22
15, Shawn Mendes ,18,13,6, 2014-11-22
16, Demi Lovato ,33,13,197, 2014-11-22
17, Iggy Azalea ,13,13,29, 2014-11-22
18, Wiz Khalifa ,15,13,194, 2014-11-22
19, Snoop Dogg ,9,13,173, 2014-11-22
20, Martin Garrix ,24,13,29, 2014-11-22
21, Eminem ,25,13,200, 2014-11-22
22, Ed Sheeran ,19,1,45, 2014-11-22
23, Drake ,10,13,182, 2014-11-22
24, Justin Timberlake ,43,1,178, 2014-11-22
25, Bob Marley ,23,13,148, 2014-11-22
26, Austin Mahone ,22,13,73, 2014-11-22
27, Ludacris ,17,13,72, 2014-11-22
28, Romeo Santos ,20,13,57, 2014-11-22
29, Shakira ,29,13,206, 2014-11-22
30, Lady Gaga ,44,1,205, 2014-11-22
31, Ellie Goulding ,26,13,62, 2014-11-22
32, Enrique Iglesias ,30,13,146, 2014-11-22
33, Fifth Harmony ,120,13,1, 2014-11-22
34, Britney Spears ,37,1,187, 2014-11-22
35, Zendaya ,27,13,21, 2014-11-22
36, Bruno Mars ,28,1,194, 2014-11-22
37, Pitbull ,32,13,204, 2014-11-22
38, David Guetta ,42,13,190, 2014-11-22
39, The Vamps ,120,13,14, 2014-11-22
40, Calvin Harris ,45,13,13, 2014-11-22
41, Becky G ,120,13,15, 2014-11-22
42, Rita Ora ,35,13,19, 2014-11-22
43, Big Sean ,120,13,4, 2014-11-22
44, Ciara ,41,13,25, 2014-11-22
45, Adele ,40,1,169, 2014-11-22
46, Sam Smith ,36,13,12, 2014-11-22
47, Little Mix ,31,13,46, 2014-11-22
48, Linkin Park ,120,1,181, 2014-11-22
49, Nick Jonas ,120,13,3, 2014-11-22
50, French Montana ,120,13,1, 2014-11-22
1, Justin Bieber ,3,1,206, 2014-11-15
2, Ariana Grande ,18,13,102, 2014-11-15
3, Miley Cyrus ,4,1,134, 2014-11-15
4, Taylor Swift ,2,1,206, 2014-11-15
5, Selena Gomez ,1,13,204, 2014-11-15
6, Nicki Minaj ,12,13,205, 2014-11-15
7, One Direction ,6,13,155, 2014-11-15
8, Katy Perry ,9,1,206, 2014-11-15
9, Snoop Dogg ,8,13,172, 2014-11-15
10, Drake ,7,13,181, 2014-11-15
11, Beyonce ,10,1,204, 2014-11-15
12, Chris Brown ,25,13,179, 2014-11-15
13, Iggy Azalea ,13,13,28, 2014-11-15
14, Jennifer Lopez ,17,13,192, 2014-11-15
15, Wiz Khalifa ,14,13,193, 2014-11-15
16, 5 Seconds Of Summer ,11,1,33, 2014-11-15
17, Ludacris ,16,13,71, 2014-11-15
18, Shawn Mendes ,120,13,5, 2014-11-15
19, Ed Sheeran ,27,1,44, 2014-11-15
20, Romeo Santos ,32,13,56, 2014-11-15
21, Lucy Hale ,15,13,24, 2014-11-15
22, Austin Mahone ,19,13,72, 2014-11-15
23, Bob Marley ,21,13,147, 2014-11-15
24, Martin Garrix ,24,13,28, 2014-11-15
25, Eminem ,23,13,199, 2014-11-15
26, Ellie Goulding ,36,13,61, 2014-11-15
27, Zendaya ,35,13,20, 2014-11-15
28, Bruno Mars ,37,1,193, 2014-11-15
29, Shakira ,20,13,205, 2014-11-15
30, Enrique Iglesias ,30,13,145, 2014-11-15
31, Little Mix ,41,13,45, 2014-11-15
32, Pitbull ,33,13,203, 2014-11-15
33, Demi Lovato ,5,13,196, 2014-11-15
34, Keyshia Cole ,48,13,2, 2014-11-15
35, Rita Ora ,49,13,18, 2014-11-15
36, Sam Smith ,31,13,11, 2014-11-15
37, Britney Spears ,120,1,186, 2014-11-15
38, Jessie J ,26,21,37, 2014-11-15
39, August Alsina ,120,13,8, 2014-11-15
40, Adele ,38,1,168, 2014-11-15
41, Ciara ,29,13,24, 2014-11-15
42, David Guetta ,34,13,189, 2014-11-15
43, Justin Timberlake ,22,1,177, 2014-11-15
44, Lady Gaga ,28,1,204, 2014-11-15
45, Calvin Harris ,44,13,12, 2014-11-15
46, Usher ,120,13,147, 2014-11-15
47, Ricky Martin ,42,13,4, 2014-11-15
48, Maroon 5 ,47,1,124, 2014-11-15
49, Prince Royce ,45,13,46, 2014-11-15
50, Skrillex ,120,13,131, 2014-11-15
1, Selena Gomez ,6,13,203, 2014-11-08
2, Taylor Swift ,3,1,205, 2014-11-08
3, Justin Bieber ,1,1,205, 2014-11-08
4, Miley Cyrus ,2,1,133, 2014-11-08
5, Demi Lovato ,8,13,195, 2014-11-08
6, One Direction ,7,13,154, 2014-11-08
7, Drake ,12,13,180, 2014-11-08
8, Snoop Dogg ,5,13,171, 2014-11-08
9, Katy Perry ,10,1,205, 2014-11-08
10, Beyonce ,9,1,203, 2014-11-08
11, 5 Seconds Of Summer ,17,1,32, 2014-11-08
12, Nicki Minaj ,28,13,204, 2014-11-08
13, Iggy Azalea ,14,13,27, 2014-11-08
14, Wiz Khalifa ,13,13,192, 2014-11-08
15, Lucy Hale ,43,13,23, 2014-11-08
16, Ludacris ,20,13,70, 2014-11-08
17, Jennifer Lopez ,11,13,191, 2014-11-08
18, Ariana Grande ,4,13,101, 2014-11-08
19, Austin Mahone ,15,13,71, 2014-11-08
20, Shakira ,21,13,204, 2014-11-08
21, Bob Marley ,19,13,146, 2014-11-08
22, Justin Timberlake ,16,1,176, 2014-11-08
23, Eminem ,120,13,198, 2014-11-08
24, Martin Garrix ,23,13,27, 2014-11-08
25, Chris Brown ,120,13,178, 2014-11-08
26, Jessie J ,24,21,36, 2014-11-08
27, Ed Sheeran ,18,1,43, 2014-11-08
28, Lady Gaga ,32,1,203, 2014-11-08
29, Ciara ,120,13,23, 2014-11-08
30, Enrique Iglesias ,27,13,144, 2014-11-08
31, Sam Smith ,36,13,10, 2014-11-08
32, Romeo Santos ,25,13,55, 2014-11-08
33, Pitbull ,29,13,202, 2014-11-08
34, David Guetta ,41,13,188, 2014-11-08
35, Zendaya ,38,13,19, 2014-11-08
36, Ellie Goulding ,26,13,60, 2014-11-08
37, Bruno Mars ,31,1,192, 2014-11-08
38, Adele ,35,1,167, 2014-11-08
39, Becky G ,39,13,14, 2014-11-08
40, Daddy Yankee ,120,13,8, 2014-11-08
41, Little Mix ,49,13,44, 2014-11-08
42, Ricky Martin ,44,13,3, 2014-11-08
43, Anitta ,30,13,11, 2014-11-08
44, Calvin Harris ,50,13,11, 2014-11-08
45, Prince Royce ,42,13,45, 2014-11-08
46, Pharrell Williams ,22,13,34, 2014-11-08
47, Maroon 5 ,47,1,123, 2014-11-08
48, Keyshia Cole ,120,13,1, 2014-11-08
49, Rita Ora ,34,13,17, 2014-11-08
50, Michael Jackson ,120,13,187, 2014-11-08
1, Justin Bieber ,3,1,204, 2014-11-01
2, Miley Cyrus ,1,1,132, 2014-11-01
3, Taylor Swift ,5,1,204, 2014-11-01
4, Ariana Grande ,6,13,100, 2014-11-01
5, Snoop Dogg ,9,13,170, 2014-11-01
6, Selena Gomez ,2,13,202, 2014-11-01
7, One Direction ,4,13,153, 2014-11-01
8, Demi Lovato ,7,13,194, 2014-11-01
9, Beyonce ,11,1,202, 2014-11-01
10, Katy Perry ,10,1,204, 2014-11-01
11, Jennifer Lopez ,12,13,190, 2014-11-01
12, Drake ,19,13,179, 2014-11-01
13, Wiz Khalifa ,16,13,191, 2014-11-01
14, Iggy Azalea ,14,13,26, 2014-11-01
15, Austin Mahone ,13,13,70, 2014-11-01
16, Justin Timberlake ,20,1,175, 2014-11-01
17, 5 Seconds Of Summer ,8,1,31, 2014-11-01
18, Ed Sheeran ,17,1,42, 2014-11-01
19, Bob Marley ,22,13,145, 2014-11-01
20, Ludacris ,25,13,69, 2014-11-01
21, Shakira ,18,13,203, 2014-11-01
22, Pharrell Williams ,30,13,33, 2014-11-01
23, Martin Garrix ,43,13,26, 2014-11-01
24, Jessie J ,21,21,35, 2014-11-01
25, Romeo Santos ,27,13,54, 2014-11-01
26, Ellie Goulding ,31,13,59, 2014-11-01
27, Enrique Iglesias ,29,13,143, 2014-11-01
28, Nicki Minaj ,15,13,203, 2014-11-01
29, Pitbull ,33,13,201, 2014-11-01
30, Anitta ,36,13,10, 2014-11-01
31, Bruno Mars ,37,1,191, 2014-11-01
32, Lady Gaga ,24,1,202, 2014-11-01
33, Troye Sivan ,120,13,4, 2014-11-01
34, Rita Ora ,120,13,16, 2014-11-01
35, Adele ,35,1,166, 2014-11-01
36, Sam Smith ,32,13,9, 2014-11-01
37, Puff Daddy ,40,13,15, 2014-11-01
38, Zendaya ,28,13,18, 2014-11-01
39, Becky G ,38,13,13, 2014-11-01
40, The Vamps ,41,13,13, 2014-11-01
41, David Guetta ,44,13,187, 2014-11-01
42, Prince Royce ,120,13,44, 2014-11-01
43, Lucy Hale ,23,13,22, 2014-11-01
44, Ricky Martin ,120,13,2, 2014-11-01
45, Jason Derulo ,50,13,18, 2014-11-01
46, Tyga ,39,13,15, 2014-11-01
47, Maroon 5 ,48,1,122, 2014-11-01
48, Shawn Mendes ,49,13,4, 2014-11-01
49, Little Mix ,34,13,43, 2014-11-01
50, Calvin Harris ,120,13,10, 2014-11-01
1, Miley Cyrus ,1,1,131, 2014-10-25
2, Selena Gomez ,5,13,201, 2014-10-25
3, Justin Bieber ,2,1,203, 2014-10-25
4, One Direction ,9,13,152, 2014-10-25
5, Taylor Swift ,4,1,203, 2014-10-25
6, Ariana Grande ,3,13,99, 2014-10-25
7, Demi Lovato ,6,13,193, 2014-10-25
8, 5 Seconds Of Summer ,11,1,30, 2014-10-25
9, Snoop Dogg ,7,13,169, 2014-10-25
10, Katy Perry ,8,1,203, 2014-10-25
11, Beyonce ,28,1,201, 2014-10-25
12, Jennifer Lopez ,12,13,189, 2014-10-25
13, Austin Mahone ,21,13,69, 2014-10-25
14, Iggy Azalea ,19,13,25, 2014-10-25
15, Nicki Minaj ,10,13,202, 2014-10-25
16, Wiz Khalifa ,16,13,190, 2014-10-25
17, Ed Sheeran ,30,1,41, 2014-10-25
18, Shakira ,14,13,202, 2014-10-25
19, Drake ,18,13,178, 2014-10-25
20, Justin Timberlake ,20,1,174, 2014-10-25
21, Jessie J ,47,21,34, 2014-10-25
22, Bob Marley ,17,13,144, 2014-10-25
23, Lucy Hale ,29,13,21, 2014-10-25
24, Lady Gaga ,13,1,201, 2014-10-25
25, Ludacris ,23,13,68, 2014-10-25
26, Chris Brown ,15,13,177, 2014-10-25
27, Romeo Santos ,33,13,53, 2014-10-25
28, Zendaya ,22,13,17, 2014-10-25
29, Enrique Iglesias ,26,13,142, 2014-10-25
30, Pharrell Williams ,36,13,32, 2014-10-25
31, Ellie Goulding ,27,13,58, 2014-10-25
32, Sam Smith ,35,13,8, 2014-10-25
33, Pitbull ,31,13,200, 2014-10-25
34, Little Mix ,43,13,42, 2014-10-25
35, Adele ,32,1,165, 2014-10-25
36, Anitta ,120,13,9, 2014-10-25
37, Bruno Mars ,120,1,190, 2014-10-25
38, Becky G ,46,13,12, 2014-10-25
39, Tyga ,120,13,14, 2014-10-25
40, Puff Daddy ,38,13,14, 2014-10-25
41, The Vamps ,48,13,12, 2014-10-25
42, Lorde ,120,13,33, 2014-10-25
43, Martin Garrix ,34,13,25, 2014-10-25
44, David Guetta ,41,13,186, 2014-10-25
45, The Weeknd ,120,13,1, 2014-10-25
46, Thalia ,120,13,8, 2014-10-25
47, Ciara ,24,13,22, 2014-10-25
48, Maroon 5 ,37,1,121, 2014-10-25
49, Shawn Mendes ,120,13,3, 2014-10-25
50, Jason Derulo ,42,13,17, 2014-10-25
1, Miley Cyrus ,1,1,130, 2014-10-18
2, Justin Bieber ,2,1,202, 2014-10-18
3, Ariana Grande ,3,13,98, 2014-10-18
4, Taylor Swift ,7,1,202, 2014-10-18
5, Selena Gomez ,5,13,200, 2014-10-18
6, Demi Lovato ,4,13,192, 2014-10-18
7, Snoop Dogg ,8,13,168, 2014-10-18
8, Katy Perry ,15,1,202, 2014-10-18
9, One Direction ,10,13,151, 2014-10-18
10, Nicki Minaj ,6,13,201, 2014-10-18
11, 5 Seconds Of Summer ,16,1,29, 2014-10-18
12, Jennifer Lopez ,9,13,188, 2014-10-18
13, Lady Gaga ,22,1,200, 2014-10-18
14, Shakira ,20,13,201, 2014-10-18
15, Chris Brown ,23,13,176, 2014-10-18
16, Wiz Khalifa ,13,13,189, 2014-10-18
17, Bob Marley ,19,13,143, 2014-10-18
18, Drake ,12,13,177, 2014-10-18
19, Iggy Azalea ,17,13,24, 2014-10-18
20, Justin Timberlake ,14,1,173, 2014-10-18
21, Austin Mahone ,11,13,68, 2014-10-18
22, Zendaya ,21,13,16, 2014-10-18
23, Ludacris ,24,13,67, 2014-10-18
24, Ciara ,25,13,21, 2014-10-18
25, Nick Jonas ,120,13,2, 2014-10-18
26, Enrique Iglesias ,26,13,141, 2014-10-18
27, Ellie Goulding ,27,13,57, 2014-10-18
28, Beyonce ,120,1,200, 2014-10-18
29, Lucy Hale ,31,13,20, 2014-10-18
30, Ed Sheeran ,29,1,40, 2014-10-18
31, Pitbull ,35,13,199, 2014-10-18
32, Adele ,37,1,164, 2014-10-18
33, Romeo Santos ,33,13,52, 2014-10-18
34, Martin Garrix ,41,13,24, 2014-10-18
35, Sam Smith ,34,13,7, 2014-10-18
36, Pharrell Williams ,36,13,31, 2014-10-18
37, Maroon 5 ,48,1,120, 2014-10-18
38, Puff Daddy ,39,13,13, 2014-10-18
39, Daddy Yankee ,50,13,7, 2014-10-18
40, Avril Lavigne ,47,1,191, 2014-10-18
41, David Guetta ,42,13,185, 2014-10-18
42, Jason Derulo ,44,13,16, 2014-10-18
43, Little Mix ,120,13,41, 2014-10-18
44, Britney Spears ,38,1,185, 2014-10-18
45, Ricky Martin ,120,13,1, 2014-10-18
46, Becky G ,30,13,11, 2014-10-18
47, Jessie J ,32,21,33, 2014-10-18
48, The Vamps ,120,13,11, 2014-10-18
49, Lil Wayne ,49,13,181, 2014-10-18
50, Jaden Smith ,120,13,1, 2014-10-18
1, Miley Cyrus ,2,1,129, 2014-10-11
2, Justin Bieber ,1,1,201, 2014-10-11
3, Ariana Grande ,3,13,97, 2014-10-11
4, Demi Lovato ,5,13,191, 2014-10-11
5, Selena Gomez ,7,13,199, 2014-10-11
6, Nicki Minaj ,4,13,200, 2014-10-11
7, Taylor Swift ,10,1,201, 2014-10-11
8, Snoop Dogg ,13,13,167, 2014-10-11
9, Jennifer Lopez ,15,13,187, 2014-10-11
10, One Direction ,8,13,150, 2014-10-11
11, Austin Mahone ,18,13,67, 2014-10-11
12, Drake ,20,13,176, 2014-10-11
13, Wiz Khalifa ,17,13,188, 2014-10-11
14, Justin Timberlake ,24,1,172, 2014-10-11
15, Katy Perry ,11,1,201, 2014-10-11
16, 5 Seconds Of Summer ,9,1,28, 2014-10-11
17, Iggy Azalea ,6,13,23, 2014-10-11
18, Juan Luis Guerra ,120,13,1, 2014-10-11
19, Bob Marley ,22,13,142, 2014-10-11
20, Shakira ,21,13,200, 2014-10-11
21, Zendaya ,23,13,15, 2014-10-11
22, Lady Gaga ,14,1,199, 2014-10-11
23, Chris Brown ,12,13,175, 2014-10-11
24, Ludacris ,19,13,66, 2014-10-11
25, Ciara ,40,13,20, 2014-10-11
26, Enrique Iglesias ,25,13,140, 2014-10-11
27, Ellie Goulding ,26,13,56, 2014-10-11
28, Rita Ora ,36,13,15, 2014-10-11
29, Ed Sheeran ,34,1,39, 2014-10-11
30, Becky G ,30,13,10, 2014-10-11
31, Lucy Hale ,31,13,19, 2014-10-11
32, Jessie J ,28,21,32, 2014-10-11
33, Romeo Santos ,32,13,51, 2014-10-11
34, Sam Smith ,33,13,6, 2014-10-11
35, Pitbull ,27,13,198, 2014-10-11
36, Pharrell Williams ,39,13,30, 2014-10-11
37, Adele ,120,1,163, 2014-10-11
38, Britney Spears ,120,1,184, 2014-10-11
39, Puff Daddy ,35,13,12, 2014-10-11
40, August Alsina ,45,13,7, 2014-10-11
41, Martin Garrix ,29,13,23, 2014-10-11
42, David Guetta ,43,13,184, 2014-10-11
43, Trey Songz ,120,13,14, 2014-10-11
44, Jason Derulo ,46,13,15, 2014-10-11
45, Blake Shelton ,120,13,3, 2014-10-11
46, Bruno Mars ,37,1,189, 2014-10-11
47, Avril Lavigne ,120,1,190, 2014-10-11
48, Maroon 5 ,49,1,119, 2014-10-11
49, Lil Wayne ,44,13,180, 2014-10-11
50, Daddy Yankee ,42,13,6, 2014-10-11
1, Justin Bieber ,1,1,200, 2014-10-04
2, Miley Cyrus ,2,1,128, 2014-10-04
3, Ariana Grande ,3,13,96, 2014-10-04
4, Nicki Minaj ,4,13,199, 2014-10-04
5, Demi Lovato ,5,13,190, 2014-10-04
6, Iggy Azalea ,12,13,22, 2014-10-04
7, Selena Gomez ,7,13,198, 2014-10-04
8, One Direction ,6,13,149, 2014-10-04
9, 5 Seconds Of Summer ,8,1,27, 2014-10-04
10, Taylor Swift ,9,1,200, 2014-10-04
11, Katy Perry ,13,1,200, 2014-10-04
12, Chris Brown ,10,13,174, 2014-10-04
13, Snoop Dogg ,15,13,166, 2014-10-04
14, Lady Gaga ,14,1,198, 2014-10-04
15, Jennifer Lopez ,16,13,186, 2014-10-04
16, Beyonce ,17,1,199, 2014-10-04
17, Wiz Khalifa ,11,13,187, 2014-10-04
18, Austin Mahone ,18,13,66, 2014-10-04
19, Ludacris ,19,13,65, 2014-10-04
20, Drake ,22,13,175, 2014-10-04
21, Shakira ,21,13,199, 2014-10-04
22, Bob Marley ,28,13,141, 2014-10-04
23, Zendaya ,31,13,14, 2014-10-04
24, Justin Timberlake ,20,1,171, 2014-10-04
25, Enrique Iglesias ,29,13,139, 2014-10-04
26, Ellie Goulding ,30,13,55, 2014-10-04
27, Pitbull ,24,13,197, 2014-10-04
28, Jessie J ,47,21,31, 2014-10-04
29, Martin Garrix ,48,13,22, 2014-10-04
30, Becky G ,120,13,9, 2014-10-04
31, Lucy Hale ,38,13,18, 2014-10-04
32, Romeo Santos ,37,13,50, 2014-10-04
33, Sam Smith ,25,13,5, 2014-10-04
34, Ed Sheeran ,23,1,38, 2014-10-04
35, Puff Daddy ,26,13,11, 2014-10-04
36, Rita Ora ,27,13,14, 2014-10-04
37, Bruno Mars ,33,1,188, 2014-10-04
38, 2Pac ,120,13,34, 2014-10-04
39, Pharrell Williams ,40,13,29, 2014-10-04
40, Ciara ,35,13,19, 2014-10-04
41, Thalia ,120,13,7, 2014-10-04
42, Daddy Yankee ,120,13,5, 2014-10-04
43, David Guetta ,43,13,183, 2014-10-04
44, Lil Wayne ,120,13,179, 2014-10-04
45, August Alsina ,120,13,6, 2014-10-04
46, Jason Derulo ,39,13,14, 2014-10-04
47, Usher ,120,13,146, 2014-10-04
48, Alicia Keys ,41,1,103, 2014-10-04
49, Maroon 5 ,42,1,118, 2014-10-04
50, Skrillex ,120,13,130, 2014-10-04
1, Justin Bieber ,2,1,199, 2014-09-27
2, Miley Cyrus ,1,1,127, 2014-09-27
3, Ariana Grande ,3,13,95, 2014-09-27
4, Nicki Minaj ,4,13,198, 2014-09-27
5, Demi Lovato ,6,13,189, 2014-09-27
6, One Direction ,7,13,148, 2014-09-27
7, Selena Gomez ,9,13,197, 2014-09-27
8, 5 Seconds Of Summer ,8,1,26, 2014-09-27
9, Taylor Swift ,12,1,199, 2014-09-27
10, Chris Brown ,22,13,173, 2014-09-27
11, Wiz Khalifa ,11,13,186, 2014-09-27
12, Iggy Azalea ,21,13,21, 2014-09-27
13, Katy Perry ,17,1,199, 2014-09-27
14, Lady Gaga ,19,1,197, 2014-09-27
15, Snoop Dogg ,15,13,165, 2014-09-27
16, Jennifer Lopez ,16,13,185, 2014-09-27
17, Beyonce ,5,1,198, 2014-09-27
18, Austin Mahone ,13,13,65, 2014-09-27
19, Ludacris ,20,13,64, 2014-09-27
20, Justin Timberlake ,23,1,170, 2014-09-27
21, Shakira ,18,13,198, 2014-09-27
22, Drake ,10,13,174, 2014-09-27
23, Ed Sheeran ,45,1,37, 2014-09-27
24, Pitbull ,28,13,196, 2014-09-27
25, Sam Smith ,42,13,4, 2014-09-27
26, Puff Daddy ,31,13,10, 2014-09-27
27, Rita Ora ,41,13,13, 2014-09-27
28, Bob Marley ,29,13,140, 2014-09-27
29, Enrique Iglesias ,35,13,138, 2014-09-27
30, Ellie Goulding ,25,13,54, 2014-09-27
31, Zendaya ,30,13,13, 2014-09-27
32, The Vamps ,50,13,10, 2014-09-27
33, Bruno Mars ,39,1,187, 2014-09-27
34, Tyrese ,33,13,37, 2014-09-27
35, Ciara ,120,13,18, 2014-09-27
36, Britney Spears ,44,1,183, 2014-09-27
37, Romeo Santos ,32,13,49, 2014-09-27
38, Lucy Hale ,14,13,17, 2014-09-27
39, Jason Derulo ,46,13,13, 2014-09-27
40, Pharrell Williams ,43,13,28, 2014-09-27
41, Alicia Keys ,120,1,102, 2014-09-27
42, Maroon 5 ,38,1,117, 2014-09-27
43, David Guetta ,120,13,182, 2014-09-27
44, Calvin Harris ,120,13,9, 2014-09-27
45, Jhene Aiko ,120,13,1, 2014-09-27
46, Nick Jonas ,120,13,1, 2014-09-27
47, Jessie J ,26,21,30, 2014-09-27
48, Martin Garrix ,27,13,21, 2014-09-27
49, Victoria Justice ,40,13,14, 2014-09-27
50, Shawn Mendes ,120,13,2, 2014-09-27
1, Miley Cyrus ,2,1,126, 2014-09-20
2, Justin Bieber ,1,1,198, 2014-09-20
3, Ariana Grande ,4,13,94, 2014-09-20
4, Nicki Minaj ,3,13,197, 2014-09-20
5, Beyonce ,5,1,197, 2014-09-20
6, Demi Lovato ,7,13,188, 2014-09-20
7, One Direction ,24,13,147, 2014-09-20
8, 5 Seconds Of Summer ,8,1,25, 2014-09-20
9, Selena Gomez ,6,13,196, 2014-09-20
10, Drake ,16,13,173, 2014-09-20
11, Wiz Khalifa ,10,13,185, 2014-09-20
12, Taylor Swift ,9,1,198, 2014-09-20
13, Austin Mahone ,19,13,64, 2014-09-20
14, Lucy Hale ,14,13,16, 2014-09-20
15, Snoop Dogg ,15,13,164, 2014-09-20
16, Jennifer Lopez ,13,13,184, 2014-09-20
17, Katy Perry ,11,1,198, 2014-09-20
18, Shakira ,18,13,197, 2014-09-20
19, Lady Gaga ,21,1,196, 2014-09-20
20, Ludacris ,20,13,63, 2014-09-20
21, Iggy Azalea ,12,13,20, 2014-09-20
22, Chris Brown ,120,13,172, 2014-09-20
23, Justin Timberlake ,27,1,169, 2014-09-20
24, Eminem ,17,13,197, 2014-09-20
25, Ellie Goulding ,120,13,53, 2014-09-20
26, Jessie J ,29,21,29, 2014-09-20
27, Martin Garrix ,36,13,20, 2014-09-20
28, Pitbull ,33,13,195, 2014-09-20
29, Bob Marley ,32,13,139, 2014-09-20
30, Zendaya ,22,13,12, 2014-09-20
31, Puff Daddy ,25,13,9, 2014-09-20
32, Romeo Santos ,30,13,48, 2014-09-20
33, Tyrese ,43,13,36, 2014-09-20
34, Becky G ,37,13,8, 2014-09-20
35, Enrique Iglesias ,41,13,137, 2014-09-20
36, 50 Cent ,23,13,132, 2014-09-20
37, Rihanna ,45,1,195, 2014-09-20
38, Maroon 5 ,38,1,116, 2014-09-20
39, Bruno Mars ,31,1,186, 2014-09-20
40, Victoria Justice ,50,13,13, 2014-09-20
41, Rita Ora ,26,13,12, 2014-09-20
42, Sam Smith ,35,13,3, 2014-09-20
43, Pharrell Williams ,42,13,27, 2014-09-20
44, Britney Spears ,46,1,182, 2014-09-20
45, Ed Sheeran ,34,1,36, 2014-09-20
46, Jason Derulo ,28,13,12, 2014-09-20
47, Alessandra Amoroso ,49,13,2, 2014-09-20
48, Jesse & Joy ,120,13,5, 2014-09-20
49, Adele ,40,1,162, 2014-09-20
50, The Vamps ,120,13,9, 2014-09-20
1, Justin Bieber ,1,1,197, 2014-09-13
2, Miley Cyrus ,5,1,125, 2014-09-13
3, Nicki Minaj ,3,13,196, 2014-09-13
4, Ariana Grande ,4,13,93, 2014-09-13
5, Beyonce ,8,1,196, 2014-09-13
6, Selena Gomez ,2,13,195, 2014-09-13
7, Demi Lovato ,6,13,187, 2014-09-13
8, 5 Seconds Of Summer ,9,1,24, 2014-09-13
9, Taylor Swift ,14,1,197, 2014-09-13
10, Wiz Khalifa ,17,13,184, 2014-09-13
11, Katy Perry ,7,1,197, 2014-09-13
12, Iggy Azalea ,12,13,19, 2014-09-13
13, Jennifer Lopez ,15,13,183, 2014-09-13
14, Lucy Hale ,22,13,15, 2014-09-13
15, Snoop Dogg ,18,13,163, 2014-09-13
16, Drake ,28,13,172, 2014-09-13
17, Eminem ,26,13,196, 2014-09-13
18, Shakira ,16,13,196, 2014-09-13
19, Austin Mahone ,19,13,63, 2014-09-13
20, Ludacris ,20,13,62, 2014-09-13
21, Lady Gaga ,11,1,195, 2014-09-13
22, Zendaya ,25,13,11, 2014-09-13
23, 50 Cent ,10,13,131, 2014-09-13
24, One Direction ,23,13,146, 2014-09-13
25, Puff Daddy ,24,13,8, 2014-09-13
26, Rita Ora ,29,13,11, 2014-09-13
27, Justin Timberlake ,31,1,168, 2014-09-13
28, Jason Derulo ,34,13,11, 2014-09-13
29, Jessie J ,44,21,28, 2014-09-13
30, Romeo Santos ,27,13,47, 2014-09-13
31, Bruno Mars ,47,1,185, 2014-09-13
32, Bob Marley ,42,13,138, 2014-09-13
33, Pitbull ,30,13,194, 2014-09-13
34, Ed Sheeran ,33,1,35, 2014-09-13
35, Sam Smith ,38,13,2, 2014-09-13
36, Martin Garrix ,32,13,19, 2014-09-13
37, Becky G ,35,13,7, 2014-09-13
38, Maroon 5 ,120,1,115, 2014-09-13
39, Michael Jackson ,120,13,186, 2014-09-13
40, Adele ,120,1,161, 2014-09-13
41, Enrique Iglesias ,120,13,136, 2014-09-13
42, Pharrell Williams ,43,13,26, 2014-09-13
43, Tyrese ,21,13,35, 2014-09-13
44, Usher ,120,13,145, 2014-09-13
45, Rihanna ,41,1,194, 2014-09-13
46, Britney Spears ,36,1,181, 2014-09-13
47, Zeze di Camargo & Luciano ,40,24,7, 2014-09-13
48, Coldplay ,120,1,140, 2014-09-13
49, Alessandra Amoroso ,120,13,1, 2014-09-13
50, Victoria Justice ,120,13,12, 2014-09-13
1, Justin Bieber ,1,1,196, 2014-09-06
2, Selena Gomez ,4,13,194, 2014-09-06
3, Nicki Minaj ,21,13,195, 2014-09-06
4, Ariana Grande ,2,13,92, 2014-09-06
5, Miley Cyrus ,3,1,124, 2014-09-06
6, Demi Lovato ,12,13,186, 2014-09-06
7, Katy Perry ,8,1,196, 2014-09-06
8, Beyonce ,18,1,195, 2014-09-06
9, 5 Seconds Of Summer ,7,1,23, 2014-09-06
10, 50 Cent ,120,13,130, 2014-09-06
11, Lady Gaga ,6,1,194, 2014-09-06
12, Iggy Azalea ,19,13,18, 2014-09-06
13, Chris Brown ,13,13,171, 2014-09-06
14, Taylor Swift ,10,1,196, 2014-09-06
15, Jennifer Lopez ,5,13,182, 2014-09-06
16, Shakira ,24,13,195, 2014-09-06
17, Wiz Khalifa ,20,13,183, 2014-09-06
18, Snoop Dogg ,11,13,162, 2014-09-06
19, Austin Mahone ,14,13,62, 2014-09-06
20, Ludacris ,16,13,61, 2014-09-06
21, Tyrese ,9,13,34, 2014-09-06
22, Lucy Hale ,17,13,14, 2014-09-06
23, One Direction ,15,13,145, 2014-09-06
24, Puff Daddy ,23,13,7, 2014-09-06
25, Zendaya ,25,13,10, 2014-09-06
26, Eminem ,35,13,195, 2014-09-06
27, Romeo Santos ,27,13,46, 2014-09-06
28, Drake ,22,13,171, 2014-09-06
29, Rita Ora ,38,13,10, 2014-09-06
30, Pitbull ,29,13,193, 2014-09-06
31, Justin Timberlake ,28,1,167, 2014-09-06
32, Martin Garrix ,47,13,18, 2014-09-06
33, Ed Sheeran ,120,1,34, 2014-09-06
34, Jason Derulo ,120,13,10, 2014-09-06
35, Becky G ,36,13,6, 2014-09-06
36, Britney Spears ,120,1,180, 2014-09-06
37, Ellie Goulding ,37,13,52, 2014-09-06
38, Sam Smith ,120,13,1, 2014-09-06
39, The Vamps ,40,13,8, 2014-09-06
40, Zeze di Camargo & Luciano ,30,24,6, 2014-09-06
41, Rihanna ,120,1,193, 2014-09-06
42, Bob Marley ,44,13,137, 2014-09-06
43, Pharrell Williams ,46,13,25, 2014-09-06
44, Jessie J ,120,21,27, 2014-09-06
45, Troye Sivan ,39,13,3, 2014-09-06
46, Little Mix ,26,13,40, 2014-09-06
47, Bruno Mars ,120,1,184, 2014-09-06
48, Prince Royce ,49,13,43, 2014-09-06
49, August Alsina ,120,13,5, 2014-09-06
50, Avril Lavigne ,120,1,189, 2014-09-06
1, Justin Bieber ,1,1,195, 2014-08-30
2, Ariana Grande ,8,13,91, 2014-08-30
3, Miley Cyrus ,2,1,123, 2014-08-30
4, Selena Gomez ,6,13,193, 2014-08-30
5, Jennifer Lopez ,10,13,181, 2014-08-30
6, Lady Gaga ,19,1,193, 2014-08-30
7, 5 Seconds Of Summer ,7,1,22, 2014-08-30
8, Katy Perry ,12,1,195, 2014-08-30
9, Tyrese ,9,13,33, 2014-08-30
10, Taylor Swift ,15,1,195, 2014-08-30
11, Snoop Dogg ,14,13,161, 2014-08-30
12, Demi Lovato ,17,13,185, 2014-08-30
13, Chris Brown ,43,13,170, 2014-08-30
14, Austin Mahone ,11,13,61, 2014-08-30
15, One Direction ,5,13,144, 2014-08-30
16, Ludacris ,22,13,60, 2014-08-30
17, Lucy Hale ,16,13,13, 2014-08-30
18, Beyonce ,3,1,194, 2014-08-30
19, Iggy Azalea ,20,13,17, 2014-08-30
20, Wiz Khalifa ,21,13,182, 2014-08-30
21, Nicki Minaj ,4,13,194, 2014-08-30
22, Drake ,28,13,170, 2014-08-30
23, Puff Daddy ,26,13,6, 2014-08-30
24, Shakira ,13,13,194, 2014-08-30
25, Zendaya ,33,13,9, 2014-08-30
26, Little Mix ,120,13,39, 2014-08-30
27, Romeo Santos ,29,13,45, 2014-08-30
28, Justin Timberlake ,31,1,166, 2014-08-30
29, Pitbull ,24,13,192, 2014-08-30
30, Zeze di Camargo & Luciano ,27,24,5, 2014-08-30
31, Michael Jackson ,44,13,185, 2014-08-30
32, Shawn Mendes ,120,13,1, 2014-08-30
33, Ciara ,120,13,17, 2014-08-30
34, Luis Coronel ,36,13,8, 2014-08-30
35, Eminem ,23,13,194, 2014-08-30
36, Becky G ,30,13,5, 2014-08-30
37, Ellie Goulding ,38,13,51, 2014-08-30
38, Rita Ora ,120,13,9, 2014-08-30
39, Troye Sivan ,120,13,2, 2014-08-30
40, The Vamps ,18,13,7, 2014-08-30
41, Walk Off The Earth ,35,13,26, 2014-08-30
42, Trey Songz ,120,13,13, 2014-08-30
43, Lucas Lucco ,37,13,13, 2014-08-30
44, Bob Marley ,32,13,136, 2014-08-30
45, Luan Santana ,120,13,17, 2014-08-30
46, Pharrell Williams ,50,13,24, 2014-08-30
47, Martin Garrix ,34,13,17, 2014-08-30
48, Anitta ,120,13,8, 2014-08-30
49, Prince Royce ,41,13,42, 2014-08-30
50, Thalia ,120,13,6, 2014-08-30
1, Justin Bieber ,1,1,194, 2014-08-23
2, Miley Cyrus ,2,1,122, 2014-08-23
3, Beyonce ,3,1,193, 2014-08-23
4, Nicki Minaj ,6,13,193, 2014-08-23
5, One Direction ,19,13,143, 2014-08-23
6, Selena Gomez ,7,13,192, 2014-08-23
7, 5 Seconds Of Summer ,5,1,21, 2014-08-23
8, Ariana Grande ,4,13,90, 2014-08-23
9, Tyrese ,8,13,32, 2014-08-23
10, Jennifer Lopez ,14,13,180, 2014-08-23
11, Austin Mahone ,11,13,60, 2014-08-23
12, Katy Perry ,9,1,194, 2014-08-23
13, Shakira ,17,13,193, 2014-08-23
14, Snoop Dogg ,10,13,160, 2014-08-23
15, Taylor Swift ,15,1,194, 2014-08-23
16, Lucy Hale ,12,13,12, 2014-08-23
17, Demi Lovato ,29,13,184, 2014-08-23
18, The Vamps ,22,13,6, 2014-08-23
19, Lady Gaga ,13,1,192, 2014-08-23
20, Iggy Azalea ,21,13,16, 2014-08-23
21, Wiz Khalifa ,25,13,181, 2014-08-23
22, Ludacris ,20,13,59, 2014-08-23
23, Eminem ,26,13,193, 2014-08-23
24, Pitbull ,18,13,191, 2014-08-23
25, Daddy Yankee ,50,13,4, 2014-08-23
26, Puff Daddy ,28,13,5, 2014-08-23
27, Zeze di Camargo & Luciano ,24,24,4, 2014-08-23
28, Drake ,120,13,169, 2014-08-23
29, Romeo Santos ,30,13,44, 2014-08-23
30, Becky G ,39,13,4, 2014-08-23
31, Justin Timberlake ,34,1,165, 2014-08-23
32, Bob Marley ,23,13,135, 2014-08-23
33, Zendaya ,120,13,8, 2014-08-23
34, Martin Garrix ,31,13,16, 2014-08-23
35, Walk Off The Earth ,120,13,25, 2014-08-23
36, Luis Coronel ,36,13,7, 2014-08-23
37, Lucas Lucco ,32,13,12, 2014-08-23
38, Ellie Goulding ,42,13,50, 2014-08-23
39, Ed Sheeran ,120,1,33, 2014-08-23
40, Bruno Mars ,40,1,183, 2014-08-23
41, Prince Royce ,120,13,41, 2014-08-23
42, Enrique Iglesias ,35,13,135, 2014-08-23
43, Chris Brown ,16,13,169, 2014-08-23
44, Michael Jackson ,27,13,184, 2014-08-23
45, Rihanna ,120,1,192, 2014-08-23
46, Avril Lavigne ,120,1,188, 2014-08-23
47, Tyga ,120,13,13, 2014-08-23
48, Jacob Whitesides ,120,13,1, 2014-08-23
49, Adele ,120,1,160, 2014-08-23
50, Pharrell Williams ,120,13,23, 2014-08-23
1, Justin Bieber ,1,1,193, 2014-08-16
2, Miley Cyrus ,2,1,121, 2014-08-16
3, Beyonce ,3,1,192, 2014-08-16
4, Ariana Grande ,4,13,89, 2014-08-16
5, 5 Seconds Of Summer ,6,1,20, 2014-08-16
6, Nicki Minaj ,11,13,192, 2014-08-16
7, Selena Gomez ,5,13,191, 2014-08-16
8, Tyrese ,9,13,31, 2014-08-16
9, Katy Perry ,14,1,193, 2014-08-16
10, Snoop Dogg ,20,13,159, 2014-08-16
11, Austin Mahone ,13,13,59, 2014-08-16
12, Lucy Hale ,25,13,11, 2014-08-16
13, Lady Gaga ,15,1,191, 2014-08-16
14, Jennifer Lopez ,8,13,179, 2014-08-16
15, Taylor Swift ,12,1,193, 2014-08-16
16, Chris Brown ,19,13,168, 2014-08-16
17, Shakira ,7,13,192, 2014-08-16
18, Pitbull ,17,13,190, 2014-08-16
19, One Direction ,10,13,142, 2014-08-16
20, Ludacris ,21,13,58, 2014-08-16
21, Iggy Azalea ,29,13,15, 2014-08-16
22, The Vamps ,24,13,5, 2014-08-16
23, Bob Marley ,23,13,134, 2014-08-16
24, Zeze di Camargo & Luciano ,36,24,3, 2014-08-16
25, Wiz Khalifa ,26,13,180, 2014-08-16
26, Eminem ,27,13,192, 2014-08-16
27, Michael Jackson ,39,13,183, 2014-08-16
28, Puff Daddy ,22,13,4, 2014-08-16
29, Demi Lovato ,16,13,183, 2014-08-16
30, Romeo Santos ,18,13,43, 2014-08-16
31, Martin Garrix ,31,13,15, 2014-08-16
32, Lucas Lucco ,35,13,11, 2014-08-16
33, Jessie J ,120,21,26, 2014-08-16
34, Justin Timberlake ,30,1,164, 2014-08-16
35, Enrique Iglesias ,33,13,134, 2014-08-16
36, Luis Coronel ,41,13,6, 2014-08-16
37, David Guetta ,45,13,181, 2014-08-16
38, Ciara ,120,13,16, 2014-08-16
39, Becky G ,32,13,3, 2014-08-16
40, Bruno Mars ,28,1,182, 2014-08-16
41, Rita Ora ,120,13,8, 2014-08-16
42, Ellie Goulding ,38,13,49, 2014-08-16
43, Belinda ,120,13,3, 2014-08-16
44, Alicia Keys ,120,1,101, 2014-08-16
45, Maluma ,120,13,1, 2014-08-16
46, Gerardo Ortiz ,47,13,8, 2014-08-16
47, Hilary Duff ,120,13,1, 2014-08-16
48, Lana Del Rey ,34,13,72, 2014-08-16
49, Anitta ,120,13,7, 2014-08-16
50, Daddy Yankee ,120,13,3, 2014-08-16
1, Justin Bieber ,1,1,192, 2014-08-09
2, Miley Cyrus ,8,1,120, 2014-08-09
3, Beyonce ,4,1,191, 2014-08-09
4, Ariana Grande ,9,13,88, 2014-08-09
5, Selena Gomez ,2,13,190, 2014-08-09
6, 5 Seconds Of Summer ,5,1,19, 2014-08-09
7, Shakira ,3,13,191, 2014-08-09
8, Jennifer Lopez ,7,13,178, 2014-08-09
9, Tyrese ,6,13,30, 2014-08-09
10, One Direction ,16,13,141, 2014-08-09
11, Nicki Minaj ,42,13,191, 2014-08-09
12, Taylor Swift ,17,1,192, 2014-08-09
13, Austin Mahone ,10,13,58, 2014-08-09
14, Katy Perry ,12,1,192, 2014-08-09
15, Lady Gaga ,18,1,190, 2014-08-09
16, Demi Lovato ,14,13,182, 2014-08-09
17, Pitbull ,13,13,189, 2014-08-09
18, Romeo Santos ,20,13,42, 2014-08-09
19, Chris Brown ,26,13,167, 2014-08-09
20, Snoop Dogg ,25,13,158, 2014-08-09
21, Ludacris ,22,13,57, 2014-08-09
22, Puff Daddy ,23,13,3, 2014-08-09
23, Bob Marley ,19,13,133, 2014-08-09
24, The Vamps ,120,13,4, 2014-08-09
25, Lucy Hale ,33,13,10, 2014-08-09
26, Wiz Khalifa ,28,13,179, 2014-08-09
27, Eminem ,21,13,191, 2014-08-09
28, Bruno Mars ,29,1,181, 2014-08-09
29, Iggy Azalea ,15,13,14, 2014-08-09
30, Justin Timberlake ,35,1,163, 2014-08-09
31, Martin Garrix ,120,13,14, 2014-08-09
32, Becky G ,31,13,2, 2014-08-09
33, Enrique Iglesias ,32,13,133, 2014-08-09
34, Lana Del Rey ,41,13,71, 2014-08-09
35, Lucas Lucco ,37,13,10, 2014-08-09
36, Zeze di Camargo & Luciano ,120,24,2, 2014-08-09
37, Prince Royce ,38,13,40, 2014-08-09
38, Ellie Goulding ,30,13,48, 2014-08-09
39, Michael Jackson ,40,13,182, 2014-08-09
40, Troye Sivan ,120,13,1, 2014-08-09
41, Luis Coronel ,34,13,5, 2014-08-09
42, August Alsina ,39,13,4, 2014-08-09
43, Avril Lavigne ,47,1,187, 2014-08-09
44, Pharrell Williams ,120,13,22, 2014-08-09
45, David Guetta ,46,13,180, 2014-08-09
46, Hardwell ,50,13,4, 2014-08-09
47, Gerardo Ortiz ,43,13,7, 2014-08-09
48, Luan Santana ,49,13,16, 2014-08-09
49, Kelly Clarkson ,120,1,35, 2014-08-09
50, Little Mix ,120,13,38, 2014-08-09
1, Justin Bieber ,1,1,191, 2014-08-02
2, Selena Gomez ,3,13,189, 2014-08-02
3, Shakira ,5,13,190, 2014-08-02
4, Beyonce ,6,1,190, 2014-08-02
5, 5 Seconds Of Summer ,8,1,18, 2014-08-02
6, Tyrese ,9,13,29, 2014-08-02
7, Jennifer Lopez ,7,13,177, 2014-08-02
8, Miley Cyrus ,2,1,119, 2014-08-02
9, Ariana Grande ,4,13,87, 2014-08-02
10, Austin Mahone ,21,13,57, 2014-08-02
11, La Arrolladora Banda el Limon de Rene Camacho ,13,6,12, 2014-08-02
12, Katy Perry ,11,1,191, 2014-08-02
13, Pitbull ,15,13,188, 2014-08-02
14, Demi Lovato ,18,13,181, 2014-08-02
15, Iggy Azalea ,22,13,13, 2014-08-02
16, One Direction ,10,13,140, 2014-08-02
17, Taylor Swift ,16,1,191, 2014-08-02
18, Lady Gaga ,17,1,189, 2014-08-02
19, Bob Marley ,19,13,132, 2014-08-02
20, Romeo Santos ,30,13,41, 2014-08-02
21, Eminem ,25,13,190, 2014-08-02
22, Ludacris ,20,13,56, 2014-08-02
23, Puff Daddy ,28,13,2, 2014-08-02
24, Drake ,120,13,168, 2014-08-02
25, Snoop Dogg ,14,13,157, 2014-08-02
26, Chris Brown ,42,13,166, 2014-08-02
27, Rihanna ,26,1,191, 2014-08-02
28, Wiz Khalifa ,24,13,178, 2014-08-02
29, Bruno Mars ,27,1,180, 2014-08-02
30, Ellie Goulding ,23,13,47, 2014-08-02
31, Becky G ,120,13,1, 2014-08-02
32, Enrique Iglesias ,39,13,132, 2014-08-02
33, Lucy Hale ,31,13,9, 2014-08-02
34, Luis Coronel ,120,13,4, 2014-08-02
35, Justin Timberlake ,35,1,162, 2014-08-02
36, Ed Sheeran ,36,1,32, 2014-08-02
37, Lucas Lucco ,32,13,9, 2014-08-02
38, Prince Royce ,41,13,39, 2014-08-02
39, August Alsina ,40,13,3, 2014-08-02
40, Michael Jackson ,33,13,181, 2014-08-02
41, Lana Del Rey ,38,13,70, 2014-08-02
42, Nicki Minaj ,12,13,190, 2014-08-02
43, Gerardo Ortiz ,120,13,6, 2014-08-02
44, Weird Al Yankovic ,120,44,1, 2014-08-02
45, Jason Derulo ,45,13,9, 2014-08-02
46, David Guetta ,47,13,179, 2014-08-02
47, Avril Lavigne ,120,1,186, 2014-08-02
48, Anitta ,120,13,6, 2014-08-02
49, Luan Santana ,34,13,15, 2014-08-02
50, Hardwell ,120,13,3, 2014-08-02
1, Justin Bieber ,2,1,190, 2014-07-26
2, Miley Cyrus ,1,1,118, 2014-07-26
3, Selena Gomez ,19,13,188, 2014-07-26
4, Ariana Grande ,4,13,86, 2014-07-26
5, Shakira ,14,13,189, 2014-07-26
6, Beyonce ,7,1,189, 2014-07-26
7, Jennifer Lopez ,5,13,176, 2014-07-26
8, 5 Seconds Of Summer ,3,1,17, 2014-07-26
9, Tyrese ,11,13,28, 2014-07-26
10, One Direction ,16,13,139, 2014-07-26
11, Katy Perry ,9,1,190, 2014-07-26
12, Nicki Minaj ,8,13,189, 2014-07-26
13, La Arrolladora Banda el Limon de Rene Camacho ,10,6,11, 2014-07-26
14, Snoop Dogg ,20,13,156, 2014-07-26
15, Pitbull ,15,13,187, 2014-07-26
16, Taylor Swift ,6,1,190, 2014-07-26
17, Lady Gaga ,21,1,188, 2014-07-26
18, Demi Lovato ,12,13,180, 2014-07-26
19, Bob Marley ,23,13,131, 2014-07-26
20, Ludacris ,22,13,55, 2014-07-26
21, Austin Mahone ,17,13,56, 2014-07-26
22, Iggy Azalea ,13,13,12, 2014-07-26
23, Ellie Goulding ,25,13,46, 2014-07-26
24, Wiz Khalifa ,18,13,177, 2014-07-26
25, Eminem ,29,13,189, 2014-07-26
26, Rihanna ,32,1,190, 2014-07-26
27, Bruno Mars ,26,1,179, 2014-07-26
28, Puff Daddy ,120,13,1, 2014-07-26
29, Claudia Leitte ,35,13,5, 2014-07-26
30, Romeo Santos ,31,13,40, 2014-07-26
31, Lucy Hale ,27,13,8, 2014-07-26
32, Lucas Lucco ,30,13,8, 2014-07-26
33, Michael Jackson ,34,13,180, 2014-07-26
34, Luan Santana ,33,13,14, 2014-07-26
35, Justin Timberlake ,44,1,161, 2014-07-26
36, Ed Sheeran ,28,1,31, 2014-07-26
37, Zendaya ,46,13,7, 2014-07-26
38, Lana Del Rey ,43,13,69, 2014-07-26
39, Enrique Iglesias ,37,13,131, 2014-07-26
40, August Alsina ,24,13,2, 2014-07-26
41, Prince Royce ,36,13,38, 2014-07-26
42, Chris Brown ,39,13,165, 2014-07-26
43, P!nk ,48,1,149, 2014-07-26
44, Martin Garrix ,120,13,13, 2014-07-26
45, Jason Derulo ,41,13,8, 2014-07-26
46, Meek Mill ,120,13,11, 2014-07-26
47, David Guetta ,120,13,178, 2014-07-26
48, Britney Spears ,120,1,179, 2014-07-26
49, Trey Songz ,47,13,12, 2014-07-26
50, Aline Barros ,120,13,2, 2014-07-26
1, Miley Cyrus ,2,1,117, 2014-07-19
2, Justin Bieber ,1,1,189, 2014-07-19
3, 5 Seconds Of Summer ,3,1,16, 2014-07-19
4, Ariana Grande ,5,13,85, 2014-07-19
5, Jennifer Lopez ,11,13,175, 2014-07-19
6, Taylor Swift ,8,1,189, 2014-07-19
7, Beyonce ,7,1,188, 2014-07-19
8, Nicki Minaj ,22,13,188, 2014-07-19
9, Katy Perry ,14,1,189, 2014-07-19
10, La Arrolladora Banda el Limon de Rene Camacho ,10,6,10, 2014-07-19
11, Tyrese ,6,13,27, 2014-07-19
12, Demi Lovato ,9,13,179, 2014-07-19
13, Iggy Azalea ,20,13,11, 2014-07-19
14, Shakira ,16,13,188, 2014-07-19
15, Pitbull ,13,13,186, 2014-07-19
16, One Direction ,15,13,138, 2014-07-19
17, Austin Mahone ,12,13,55, 2014-07-19
18, Wiz Khalifa ,21,13,176, 2014-07-19
19, Selena Gomez ,4,13,187, 2014-07-19
20, Snoop Dogg ,25,13,155, 2014-07-19
21, Lady Gaga ,24,1,187, 2014-07-19
22, Ludacris ,17,13,54, 2014-07-19
23, Bob Marley ,18,13,130, 2014-07-19
24, August Alsina ,120,13,1, 2014-07-19
25, Ellie Goulding ,28,13,45, 2014-07-19
26, Bruno Mars ,35,1,178, 2014-07-19
27, Lucy Hale ,29,13,7, 2014-07-19
28, Ed Sheeran ,19,1,30, 2014-07-19
29, Eminem ,32,13,188, 2014-07-19
30, Lucas Lucco ,23,13,7, 2014-07-19
31, Romeo Santos ,27,13,39, 2014-07-19
32, Rihanna ,33,1,189, 2014-07-19
33, Luan Santana ,39,13,13, 2014-07-19
34, Michael Jackson ,34,13,179, 2014-07-19
35, Claudia Leitte ,31,13,4, 2014-07-19
36, Prince Royce ,45,13,37, 2014-07-19
37, Enrique Iglesias ,47,13,130, 2014-07-19
38, The Vamps ,30,13,3, 2014-07-19
39, Chris Brown ,40,13,164, 2014-07-19
40, Keke Palmer ,120,13,1, 2014-07-19
41, Jason Derulo ,50,13,7, 2014-07-19
42, Coldplay ,120,1,139, 2014-07-19
43, Lana Del Rey ,37,13,68, 2014-07-19
44, Justin Timberlake ,49,1,160, 2014-07-19
45, Cody Simpson ,43,13,26, 2014-07-19
46, Zendaya ,26,13,6, 2014-07-19
47, Trey Songz ,120,13,11, 2014-07-19
48, P!nk ,120,1,148, 2014-07-19
49, Thalia ,41,13,5, 2014-07-19
50, Pharrell Williams ,120,13,21, 2014-07-19
1, Justin Bieber ,1,1,188, 2014-07-12
2, Miley Cyrus ,5,1,116, 2014-07-12
3, 5 Seconds Of Summer ,2,1,15, 2014-07-12
4, Selena Gomez ,10,13,186, 2014-07-12
5, Ariana Grande ,8,13,84, 2014-07-12
6, Tyrese ,3,13,26, 2014-07-12
7, Beyonce ,24,1,187, 2014-07-12
8, Taylor Swift ,9,1,188, 2014-07-12
9, Demi Lovato ,11,13,178, 2014-07-12
10, La Arrolladora Banda el Limon de Rene Camacho ,7,6,9, 2014-07-12
11, Jennifer Lopez ,4,13,174, 2014-07-12
12, Austin Mahone ,15,13,54, 2014-07-12
13, Pitbull ,6,13,185, 2014-07-12
14, Katy Perry ,13,1,188, 2014-07-12
15, One Direction ,14,13,137, 2014-07-12
16, Shakira ,12,13,187, 2014-07-12
17, Ludacris ,37,13,53, 2014-07-12
18, Bob Marley ,23,13,129, 2014-07-12
19, Ed Sheeran ,30,1,29, 2014-07-12
20, Iggy Azalea ,18,13,10, 2014-07-12
21, Wiz Khalifa ,20,13,175, 2014-07-12
22, Nicki Minaj ,28,13,187, 2014-07-12
23, Lucas Lucco ,32,13,6, 2014-07-12
24, Lady Gaga ,21,1,186, 2014-07-12
25, Snoop Dogg ,19,13,154, 2014-07-12
26, Zendaya ,41,13,5, 2014-07-12
27, Romeo Santos ,25,13,38, 2014-07-12
28, Ellie Goulding ,31,13,44, 2014-07-12
29, Lucy Hale ,17,13,6, 2014-07-12
30, The Vamps ,34,13,2, 2014-07-12
31, Claudia Leitte ,26,13,3, 2014-07-12
32, Eminem ,36,13,187, 2014-07-12
33, Rihanna ,29,1,188, 2014-07-12
34, Michael Jackson ,43,13,178, 2014-07-12
35, Bruno Mars ,35,1,177, 2014-07-12
36, Tyga ,120,13,12, 2014-07-12
37, Lana Del Rey ,22,13,67, 2014-07-12
38, Diddy ,16,13,5, 2014-07-12
39, Luan Santana ,38,13,12, 2014-07-12
40, Chris Brown ,27,13,163, 2014-07-12
41, Thalia ,120,13,4, 2014-07-12
42, Victoria Justice ,42,13,11, 2014-07-12
43, Cody Simpson ,33,13,25, 2014-07-12
44, Avril Lavigne ,49,1,185, 2014-07-12
45, Prince Royce ,120,13,36, 2014-07-12
46, Martin Garrix ,120,13,12, 2014-07-12
47, Enrique Iglesias ,120,13,129, 2014-07-12
48, Meek Mill ,44,13,10, 2014-07-12
49, Justin Timberlake ,50,1,159, 2014-07-12
50, Jason Derulo ,120,13,6, 2014-07-12
1, Justin Bieber ,1,1,187, 2014-07-05
2, 5 Seconds Of Summer ,5,1,14, 2014-07-05
3, Tyrese ,8,13,25, 2014-07-05
4, Jennifer Lopez ,2,13,173, 2014-07-05
5, Miley Cyrus ,3,1,115, 2014-07-05
6, Pitbull ,7,13,184, 2014-07-05
7, La Arrolladora Banda el Limon de Rene Camacho ,6,6,8, 2014-07-05
8, Ariana Grande ,4,13,83, 2014-07-05
9, Taylor Swift ,9,1,187, 2014-07-05
10, Selena Gomez ,13,13,185, 2014-07-05
11, Demi Lovato ,17,13,177, 2014-07-05
12, Shakira ,10,13,186, 2014-07-05
13, Katy Perry ,12,1,187, 2014-07-05
14, One Direction ,14,13,136, 2014-07-05
15, Austin Mahone ,25,13,53, 2014-07-05
16, Diddy ,23,13,4, 2014-07-05
17, Lucy Hale ,20,13,5, 2014-07-05
18, Iggy Azalea ,27,13,9, 2014-07-05
19, Snoop Dogg ,21,13,153, 2014-07-05
20, Wiz Khalifa ,24,13,174, 2014-07-05
21, Lady Gaga ,18,1,185, 2014-07-05
22, Lana Del Rey ,45,13,66, 2014-07-05
23, Bob Marley ,26,13,128, 2014-07-05
24, Beyonce ,15,1,186, 2014-07-05
25, Romeo Santos ,28,13,37, 2014-07-05
26, Claudia Leitte ,19,13,2, 2014-07-05
27, Chris Brown ,120,13,162, 2014-07-05
28, Nicki Minaj ,11,13,186, 2014-07-05
29, Rihanna ,43,1,187, 2014-07-05
30, Ed Sheeran ,37,1,28, 2014-07-05
31, Ellie Goulding ,30,13,43, 2014-07-05
32, Lucas Lucco ,33,13,5, 2014-07-05
33, Cody Simpson ,120,13,24, 2014-07-05
34, The Vamps ,120,13,1, 2014-07-05
35, Bruno Mars ,32,1,176, 2014-07-05
36, Eminem ,29,13,186, 2014-07-05
37, Ludacris ,120,13,52, 2014-07-05
38, Luan Santana ,44,13,11, 2014-07-05
39, Linkin Park ,22,1,180, 2014-07-05
40, Anitta ,46,13,5, 2014-07-05
41, Zendaya ,38,13,4, 2014-07-05
42, Victoria Justice ,49,13,10, 2014-07-05
43, Michael Jackson ,35,13,177, 2014-07-05
44, Meek Mill ,42,13,9, 2014-07-05
45, Daddy Yankee ,120,13,2, 2014-07-05
46, Luis Coronel ,120,13,3, 2014-07-05
47, P!nk ,120,1,147, 2014-07-05
48, Gerardo Ortiz ,47,13,5, 2014-07-05
49, Avril Lavigne ,34,1,184, 2014-07-05
50, Justin Timberlake ,36,1,158, 2014-07-05
1, Justin Bieber ,1,1,186, 2014-06-28
2, Jennifer Lopez ,13,13,172, 2014-06-28
3, Miley Cyrus ,3,1,114, 2014-06-28
4, Ariana Grande ,4,13,82, 2014-06-28
5, 5 Seconds Of Summer ,2,1,13, 2014-06-28
6, La Arrolladora Banda el Limon de Rene Camacho ,15,6,7, 2014-06-28
7, Pitbull ,22,13,183, 2014-06-28
8, Tyrese ,12,13,24, 2014-06-28
9, Taylor Swift ,6,1,186, 2014-06-28
10, Shakira ,19,13,185, 2014-06-28
11, Nicki Minaj ,7,13,185, 2014-06-28
12, Katy Perry ,16,1,186, 2014-06-28
13, Selena Gomez ,17,13,184, 2014-06-28
14, One Direction ,10,13,135, 2014-06-28
15, Beyonce ,8,1,185, 2014-06-28
16, Drake ,39,13,167, 2014-06-28
17, Demi Lovato ,5,13,176, 2014-06-28
18, Lady Gaga ,11,1,184, 2014-06-28
19, Claudia Leitte ,120,13,1, 2014-06-28
20, Lucy Hale ,33,13,4, 2014-06-28
21, Snoop Dogg ,28,13,152, 2014-06-28
22, Linkin Park ,48,1,179, 2014-06-28
23, Diddy ,23,13,3, 2014-06-28
24, Wiz Khalifa ,20,13,173, 2014-06-28
25, Austin Mahone ,14,13,52, 2014-06-28
26, Bob Marley ,24,13,127, 2014-06-28
27, Iggy Azalea ,9,13,8, 2014-06-28
28, Romeo Santos ,25,13,36, 2014-06-28
29, Eminem ,26,13,185, 2014-06-28
30, Ellie Goulding ,18,13,42, 2014-06-28
31, Little Mix ,35,13,37, 2014-06-28
32, Bruno Mars ,34,1,175, 2014-06-28
33, Lucas Lucco ,32,13,4, 2014-06-28
34, Avril Lavigne ,30,1,183, 2014-06-28
35, Michael Jackson ,41,13,176, 2014-06-28
36, Justin Timberlake ,27,1,157, 2014-06-28
37, Ed Sheeran ,45,1,27, 2014-06-28
38, Zendaya ,120,13,3, 2014-06-28
39, 50 Cent ,120,13,129, 2014-06-28
40, Jason Derulo ,29,13,5, 2014-06-28
41, Enrique Iglesias ,37,13,128, 2014-06-28
42, Meek Mill ,120,13,8, 2014-06-28
43, Rihanna ,31,1,186, 2014-06-28
44, Luan Santana ,49,13,10, 2014-06-28
45, Lana Del Rey ,47,13,65, 2014-06-28
46, Anitta ,50,13,4, 2014-06-28
47, Gerardo Ortiz ,120,13,4, 2014-06-28
48, Usher ,46,13,144, 2014-06-28
49, Victoria Justice ,120,13,9, 2014-06-28
50, Trina ,120,13,1, 2014-06-28
1, Justin Bieber ,1,1,185, 2014-06-21
2, 5 Seconds Of Summer ,6,1,12, 2014-06-21
3, Miley Cyrus ,3,1,113, 2014-06-21
4, Ariana Grande ,2,13,81, 2014-06-21
5, Demi Lovato ,15,13,175, 2014-06-21
6, Taylor Swift ,13,1,185, 2014-06-21
7, Nicki Minaj ,10,13,184, 2014-06-21
8, Beyonce ,8,1,184, 2014-06-21
9, Iggy Azalea ,5,13,7, 2014-06-21
10, One Direction ,9,13,134, 2014-06-21
11, Lady Gaga ,17,1,183, 2014-06-21
12, Tyrese ,12,13,23, 2014-06-21
13, Jennifer Lopez ,22,13,171, 2014-06-21
14, Austin Mahone ,4,13,51, 2014-06-21
15, La Arrolladora Banda el Limon de Rene Camacho ,14,6,6, 2014-06-21
16, Katy Perry ,7,1,185, 2014-06-21
17, Selena Gomez ,11,13,183, 2014-06-21
18, Ellie Goulding ,29,13,41, 2014-06-21
19, Shakira ,16,13,184, 2014-06-21
20, Wiz Khalifa ,18,13,172, 2014-06-21
21, Ludacris ,30,13,51, 2014-06-21
22, Pitbull ,20,13,182, 2014-06-21
23, Diddy ,120,13,2, 2014-06-21
24, Bob Marley ,27,13,126, 2014-06-21
25, Romeo Santos ,32,13,35, 2014-06-21
26, Eminem ,26,13,184, 2014-06-21
27, Justin Timberlake ,21,1,156, 2014-06-21
28, Snoop Dogg ,23,13,151, 2014-06-21
29, Jason Derulo ,38,13,4, 2014-06-21
30, Avril Lavigne ,28,1,182, 2014-06-21
31, Rihanna ,36,1,185, 2014-06-21
32, Lucas Lucco ,39,13,3, 2014-06-21
33, Lucy Hale ,19,13,3, 2014-06-21
34, Bruno Mars ,33,1,174, 2014-06-21
35, Little Mix ,120,13,36, 2014-06-21
36, Martin Garrix ,46,13,11, 2014-06-21
37, Enrique Iglesias ,45,13,127, 2014-06-21
38, Coldplay ,34,1,138, 2014-06-21
39, Drake ,24,13,166, 2014-06-21
40, Pharrell Williams ,31,13,20, 2014-06-21
41, Michael Jackson ,41,13,175, 2014-06-21
42, Chris Brown ,120,13,161, 2014-06-21
43, Thalia ,120,13,3, 2014-06-21
44, Prince Royce ,43,13,35, 2014-06-21
45, Ed Sheeran ,48,1,26, 2014-06-21
46, Usher ,25,13,143, 2014-06-21
47, Lana Del Rey ,120,13,64, 2014-06-21
48, Linkin Park ,120,1,178, 2014-06-21
49, Luan Santana ,47,13,9, 2014-06-21
50, Anitta ,50,13,3, 2014-06-21
1, Justin Bieber ,1,1,184, 2014-06-14
2, Ariana Grande ,8,13,80, 2014-06-14
3, Miley Cyrus ,3,1,112, 2014-06-14
4, Austin Mahone ,11,13,50, 2014-06-14
5, Iggy Azalea ,10,13,6, 2014-06-14
6, 5 Seconds Of Summer ,7,1,11, 2014-06-14
7, Katy Perry ,9,1,184, 2014-06-14
8, Beyonce ,14,1,183, 2014-06-14
9, One Direction ,12,13,133, 2014-06-14
10, Nicki Minaj ,2,13,183, 2014-06-14
11, Selena Gomez ,13,13,182, 2014-06-14
12, Tyrese ,4,13,22, 2014-06-14
13, Taylor Swift ,15,1,184, 2014-06-14
14, La Arrolladora Banda el Limon de Rene Camacho ,6,6,5, 2014-06-14
15, Demi Lovato ,17,13,174, 2014-06-14
16, Shakira ,5,13,183, 2014-06-14
17, Lady Gaga ,19,1,182, 2014-06-14
18, Wiz Khalifa ,20,13,171, 2014-06-14
19, Lucy Hale ,35,13,2, 2014-06-14
20, Pitbull ,16,13,181, 2014-06-14
21, Justin Timberlake ,26,1,155, 2014-06-14
22, Jennifer Lopez ,18,13,170, 2014-06-14
23, Snoop Dogg ,22,13,150, 2014-06-14
24, Drake ,41,13,165, 2014-06-14
25, Usher ,38,13,142, 2014-06-14
26, Eminem ,21,13,183, 2014-06-14
27, Bob Marley ,23,13,125, 2014-06-14
28, Avril Lavigne ,25,1,181, 2014-06-14
29, Ellie Goulding ,34,13,40, 2014-06-14
30, Ludacris ,27,13,50, 2014-06-14
31, Pharrell Williams ,37,13,19, 2014-06-14
32, Romeo Santos ,31,13,34, 2014-06-14
33, Bruno Mars ,28,1,173, 2014-06-14
34, Coldplay ,33,1,137, 2014-06-14
35, Avicii ,120,13,43, 2014-06-14
36, Rihanna ,46,1,184, 2014-06-14
37, Meek Mill ,36,13,7, 2014-06-14
38, Jason Derulo ,120,13,3, 2014-06-14
39, Lucas Lucco ,40,13,2, 2014-06-14
40, Gerardo Ortiz ,120,13,3, 2014-06-14
41, Michael Jackson ,32,13,174, 2014-06-14
42, Luis Coronel ,49,13,2, 2014-06-14
43, Prince Royce ,29,13,34, 2014-06-14
44, T.I. ,120,13,16, 2014-06-14
45, Enrique Iglesias ,42,13,126, 2014-06-14
46, Martin Garrix ,39,13,10, 2014-06-14
47, Luan Santana ,47,13,8, 2014-06-14
48, Ed Sheeran ,24,1,25, 2014-06-14
49, Zendaya ,120,13,2, 2014-06-14
50, Anitta ,44,13,2, 2014-06-14
1, Justin Bieber ,1,1,183, 2014-06-07
2, Nicki Minaj ,5,13,182, 2014-06-07
3, Miley Cyrus ,2,1,111, 2014-06-07
4, Tyrese ,12,13,21, 2014-06-07
5, Shakira ,3,13,182, 2014-06-07
6, La Arrolladora Banda el Limon de Rene Camacho ,6,6,4, 2014-06-07
7, 5 Seconds Of Summer ,4,1,10, 2014-06-07
8, Ariana Grande ,8,13,79, 2014-06-07
9, Katy Perry ,14,1,183, 2014-06-07
10, Iggy Azalea ,9,13,5, 2014-06-07
11, Austin Mahone ,15,13,49, 2014-06-07
12, One Direction ,16,13,132, 2014-06-07
13, Selena Gomez ,10,13,181, 2014-06-07
14, Beyonce ,7,1,182, 2014-06-07
15, Taylor Swift ,11,1,183, 2014-06-07
16, Pitbull ,19,13,180, 2014-06-07
17, Demi Lovato ,13,13,173, 2014-06-07
18, Jennifer Lopez ,18,13,169, 2014-06-07
19, Lady Gaga ,23,1,181, 2014-06-07
20, Wiz Khalifa ,31,13,170, 2014-06-07
21, Eminem ,20,13,182, 2014-06-07
22, Snoop Dogg ,28,13,149, 2014-06-07
23, Bob Marley ,17,13,124, 2014-06-07
24, Ed Sheeran ,34,1,24, 2014-06-07
25, Avril Lavigne ,22,1,180, 2014-06-07
26, Justin Timberlake ,21,1,154, 2014-06-07
27, Ludacris ,27,13,49, 2014-06-07
28, Bruno Mars ,25,1,172, 2014-06-07
29, Prince Royce ,26,13,33, 2014-06-07
30, Little Mix ,120,13,35, 2014-06-07
31, Romeo Santos ,24,13,33, 2014-06-07
32, Michael Jackson ,33,13,173, 2014-06-07
33, Coldplay ,39,1,136, 2014-06-07
34, Ellie Goulding ,41,13,39, 2014-06-07
35, Lucy Hale ,120,13,1, 2014-06-07
36, Meek Mill ,48,13,6, 2014-06-07
37, Pharrell Williams ,120,13,18, 2014-06-07
38, Usher ,44,13,141, 2014-06-07
39, Martin Garrix ,32,13,9, 2014-06-07
40, Lucas Lucco ,120,13,1, 2014-06-07
41, Drake ,30,13,164, 2014-06-07
42, Enrique Iglesias ,38,13,125, 2014-06-07
43, Cody Simpson ,120,13,23, 2014-06-07
44, Anitta ,120,13,1, 2014-06-07
45, Christina Grimmie ,120,13,75, 2014-06-07
46, Rihanna ,29,1,183, 2014-06-07
47, Luan Santana ,35,13,7, 2014-06-07
48, Rita Ora ,43,13,7, 2014-06-07
49, Luis Coronel ,120,13,1, 2014-06-07
50, Ciara ,120,13,15, 2014-06-07
1, Justin Bieber ,1,1,182, 2014-05-31
2, Miley Cyrus ,2,1,110, 2014-05-31
3, Shakira ,6,13,181, 2014-05-31
4, 5 Seconds Of Summer ,23,1,9, 2014-05-31
5, Nicki Minaj ,10,13,181, 2014-05-31
6, La Arrolladora Banda el Limon de Rene Camacho ,11,6,3, 2014-05-31
7, Beyonce ,5,1,181, 2014-05-31
8, Ariana Grande ,3,13,78, 2014-05-31
9, Iggy Azalea ,14,13,4, 2014-05-31
10, Selena Gomez ,4,13,180, 2014-05-31
11, Taylor Swift ,8,1,182, 2014-05-31
12, Tyrese ,7,13,20, 2014-05-31
13, Demi Lovato ,15,13,172, 2014-05-31
14, Katy Perry ,9,1,182, 2014-05-31
15, Austin Mahone ,17,13,48, 2014-05-31
16, One Direction ,12,13,131, 2014-05-31
17, Bob Marley ,13,13,123, 2014-05-31
18, Jennifer Lopez ,20,13,168, 2014-05-31
19, Pitbull ,21,13,179, 2014-05-31
20, Eminem ,19,13,181, 2014-05-31
21, Justin Timberlake ,28,1,153, 2014-05-31
22, Avril Lavigne ,24,1,179, 2014-05-31
23, Lady Gaga ,32,1,180, 2014-05-31
24, Romeo Santos ,27,13,32, 2014-05-31
25, Bruno Mars ,25,1,171, 2014-05-31
26, Prince Royce ,18,13,32, 2014-05-31
27, Ludacris ,45,13,48, 2014-05-31
28, Snoop Dogg ,29,13,148, 2014-05-31
29, Rihanna ,16,1,182, 2014-05-31
30, Drake ,30,13,163, 2014-05-31
31, Wiz Khalifa ,35,13,169, 2014-05-31
32, Martin Garrix ,40,13,8, 2014-05-31
33, Michael Jackson ,36,13,172, 2014-05-31
34, Ed Sheeran ,48,1,23, 2014-05-31
35, Luan Santana ,43,13,6, 2014-05-31
36, Gerardo Ortiz ,46,13,2, 2014-05-31
37, Thalia ,26,13,2, 2014-05-31
38, Enrique Iglesias ,33,13,124, 2014-05-31
39, Coldplay ,120,1,135, 2014-05-31
40, Solange ,120,13,1, 2014-05-31
41, Ellie Goulding ,22,13,38, 2014-05-31
42, Victoria Justice ,120,13,8, 2014-05-31
43, Rita Ora ,49,13,6, 2014-05-31
44, Usher ,50,13,140, 2014-05-31
45, Daddy Yankee ,120,13,1, 2014-05-31
46, Zeze di Camargo & Luciano ,120,24,1, 2014-05-31
47, Britney Spears ,120,1,178, 2014-05-31
48, Meek Mill ,34,13,5, 2014-05-31
49, Zendaya ,120,13,1, 2014-05-31
50, P!nk ,38,1,146, 2014-05-31
1, Justin Bieber ,1,1,181, 2014-05-24
2, Miley Cyrus ,18,1,109, 2014-05-24
3, Ariana Grande ,3,13,77, 2014-05-24
4, Selena Gomez ,15,13,179, 2014-05-24
5, Beyonce ,7,1,180, 2014-05-24
6, Shakira ,2,13,180, 2014-05-24
7, Tyrese ,30,13,19, 2014-05-24
8, Taylor Swift ,8,1,181, 2014-05-24
9, Katy Perry ,6,1,181, 2014-05-24
10, Nicki Minaj ,120,13,180, 2014-05-24
11, La Arrolladora Banda el Limon de Rene Camacho ,120,6,2, 2014-05-24
12, One Direction ,5,13,130, 2014-05-24
13, Bob Marley ,9,13,122, 2014-05-24
14, Iggy Azalea ,21,13,3, 2014-05-24
15, Demi Lovato ,17,13,171, 2014-05-24
16, Rihanna ,4,1,181, 2014-05-24
17, Austin Mahone ,22,13,47, 2014-05-24
18, Prince Royce ,16,13,31, 2014-05-24
19, Eminem ,10,13,180, 2014-05-24
20, Jennifer Lopez ,11,13,167, 2014-05-24
21, Pitbull ,13,13,178, 2014-05-24
22, Ellie Goulding ,26,13,37, 2014-05-24
23, 5 Seconds Of Summer ,24,1,8, 2014-05-24
24, Avril Lavigne ,19,1,178, 2014-05-24
25, Bruno Mars ,14,1,170, 2014-05-24
26, Thalia ,120,13,1, 2014-05-24
27, Romeo Santos ,12,13,31, 2014-05-24
28, Justin Timberlake ,20,1,152, 2014-05-24
29, Snoop Dogg ,34,13,147, 2014-05-24
30, Drake ,45,13,162, 2014-05-24
31, Pharrell ,23,5,17, 2014-05-24
32, Lady Gaga ,33,1,179, 2014-05-24
33, Enrique Iglesias ,29,13,123, 2014-05-24
34, Meek Mill ,120,13,4, 2014-05-24
35, Wiz Khalifa ,50,13,168, 2014-05-24
36, Michael Jackson ,25,13,171, 2014-05-24
37, Diddy ,120,13,1, 2014-05-24
38, P!nk ,32,1,145, 2014-05-24
39, Lana Del Rey ,27,13,63, 2014-05-24
40, Martin Garrix ,39,13,7, 2014-05-24
41, Avicii ,31,13,42, 2014-05-24
42, Ciara ,120,13,14, 2014-05-24
43, Luan Santana ,120,13,5, 2014-05-24
44, Adele ,49,1,159, 2014-05-24
45, Ludacris ,120,13,47, 2014-05-24
46, Gerardo Ortiz ,120,13,1, 2014-05-24
47, Chris Brown ,120,13,160, 2014-05-24
48, Ed Sheeran ,47,1,22, 2014-05-24
49, Rita Ora ,120,13,5, 2014-05-24
50, Usher ,120,13,139, 2014-05-24
1, Justin Bieber ,1,1,180, 2014-05-17
2, Shakira ,2,13,179, 2014-05-17
3, Ariana Grande ,4,13,76, 2014-05-17
4, Rihanna ,5,1,180, 2014-05-17
5, One Direction ,12,13,129, 2014-05-17
6, Katy Perry ,3,1,180, 2014-05-17
7, Beyonce ,7,1,179, 2014-05-17
8, Taylor Swift ,6,1,180, 2014-05-17
9, Bob Marley ,10,13,121, 2014-05-17
10, Eminem ,9,13,179, 2014-05-17
11, Jennifer Lopez ,19,13,166, 2014-05-17
12, Romeo Santos ,11,13,30, 2014-05-17
13, Pitbull ,13,13,177, 2014-05-17
14, Bruno Mars ,14,1,169, 2014-05-17
15, Selena Gomez ,16,13,178, 2014-05-17
16, Prince Royce ,17,13,30, 2014-05-17
17, Demi Lovato ,20,13,170, 2014-05-17
18, Miley Cyrus ,8,1,108, 2014-05-17
19, Avril Lavigne ,15,1,177, 2014-05-17
20, Justin Timberlake ,18,1,151, 2014-05-17
21, Iggy Azalea ,25,13,2, 2014-05-17
22, Austin Mahone ,33,13,46, 2014-05-17
23, Pharrell ,22,5,16, 2014-05-17
24, 5 Seconds Of Summer ,23,1,7, 2014-05-17
25, Michael Jackson ,32,13,170, 2014-05-17
26, Ellie Goulding ,26,13,36, 2014-05-17
27, Lana Del Rey ,27,13,62, 2014-05-17
28, Calvin Harris ,24,13,8, 2014-05-17
29, Enrique Iglesias ,31,13,122, 2014-05-17
30, Tyrese ,30,13,18, 2014-05-17
31, Avicii ,29,13,41, 2014-05-17
32, P!nk ,28,1,144, 2014-05-17
33, Lady Gaga ,42,1,178, 2014-05-17
34, Snoop Dogg ,37,13,146, 2014-05-17
35, Skrillex ,41,13,129, 2014-05-17
36, Britney Spears ,40,1,177, 2014-05-17
37, Imagine Dragons ,45,1,24, 2014-05-17
38, Little Mix ,120,13,34, 2014-05-17
39, Martin Garrix ,36,13,6, 2014-05-17
40, Linkin Park ,49,1,177, 2014-05-17
41, Lorde ,46,13,32, 2014-05-17
42, Marc Anthony ,48,13,16, 2014-05-17
43, Maroon 5 ,47,1,114, 2014-05-17
44, Christina Aguilera ,44,13,78, 2014-05-17
45, Drake ,120,13,161, 2014-05-17
46, The Beatles ,120,13,72, 2014-05-17
47, Ed Sheeran ,120,1,21, 2014-05-17
48, 50 Cent ,120,13,128, 2014-05-17
49, Adele ,120,1,158, 2014-05-17
50, Wiz Khalifa ,38,13,167, 2014-05-17
1, Justin Bieber ,1,1,179, 2014-05-10
2, Shakira ,2,13,178, 2014-05-10
3, Katy Perry ,4,1,179, 2014-05-10
4, Ariana Grande ,13,13,75, 2014-05-10
5, Rihanna ,11,1,179, 2014-05-10
6, Taylor Swift ,5,1,179, 2014-05-10
7, Beyonce ,6,1,178, 2014-05-10
8, Miley Cyrus ,3,1,107, 2014-05-10
9, Eminem ,9,13,178, 2014-05-10
10, Bob Marley ,18,13,120, 2014-05-10
11, Romeo Santos ,7,13,29, 2014-05-10
12, One Direction ,8,13,128, 2014-05-10
13, Pitbull ,12,13,176, 2014-05-10
14, Bruno Mars ,10,1,168, 2014-05-10
15, Avril Lavigne ,37,1,176, 2014-05-10
16, Selena Gomez ,16,13,177, 2014-05-10
17, Prince Royce ,17,13,29, 2014-05-10
18, Justin Timberlake ,22,1,150, 2014-05-10
19, Jennifer Lopez ,19,13,165, 2014-05-10
20, Demi Lovato ,15,13,169, 2014-05-10
21, Nicki Minaj ,26,13,179, 2014-05-10
22, Pharrell ,14,5,15, 2014-05-10
23, 5 Seconds Of Summer ,20,1,6, 2014-05-10
24, Calvin Harris ,27,13,7, 2014-05-10
25, Iggy Azalea ,120,13,1, 2014-05-10
26, Ellie Goulding ,21,13,35, 2014-05-10
27, Lana Del Rey ,23,13,61, 2014-05-10
28, P!nk ,34,1,143, 2014-05-10
29, Avicii ,36,13,40, 2014-05-10
30, Tyrese ,25,13,17, 2014-05-10
31, Enrique Iglesias ,33,13,121, 2014-05-10
32, Michael Jackson ,30,13,169, 2014-05-10
33, Austin Mahone ,24,13,45, 2014-05-10
34, Lil Wayne ,28,13,178, 2014-05-10
35, Chris Brown ,39,13,159, 2014-05-10
36, Martin Garrix ,31,13,5, 2014-05-10
37, Snoop Dogg ,43,13,145, 2014-05-10
38, Wiz Khalifa ,32,13,166, 2014-05-10
39, David Guetta ,45,13,177, 2014-05-10
40, Britney Spears ,44,1,176, 2014-05-10
41, Skrillex ,38,13,128, 2014-05-10
42, Lady Gaga ,35,1,177, 2014-05-10
43, Usher ,120,13,138, 2014-05-10
44, Christina Aguilera ,46,13,77, 2014-05-10
45, Imagine Dragons ,41,1,23, 2014-05-10
46, Lorde ,29,13,31, 2014-05-10
47, Maroon 5 ,48,1,113, 2014-05-10
48, Marc Anthony ,120,13,15, 2014-05-10
49, Linkin Park ,47,1,176, 2014-05-10
50, Ciara ,120,13,13, 2014-05-10
1, Justin Bieber ,1,1,178, 2014-05-03
2, Shakira ,2,13,177, 2014-05-03
3, Miley Cyrus ,3,1,106, 2014-05-03
4, Katy Perry ,4,1,178, 2014-05-03
5, Taylor Swift ,6,1,178, 2014-05-03
6, Beyonce ,8,1,177, 2014-05-03
7, Romeo Santos ,12,13,28, 2014-05-03
8, One Direction ,14,13,127, 2014-05-03
9, Eminem ,7,13,177, 2014-05-03
10, Bruno Mars ,13,1,167, 2014-05-03
11, Rihanna ,15,1,178, 2014-05-03
12, Pitbull ,9,13,175, 2014-05-03
13, Ariana Grande ,5,13,74, 2014-05-03
14, Pharrell ,17,5,14, 2014-05-03
15, Demi Lovato ,10,13,168, 2014-05-03
16, Selena Gomez ,11,13,176, 2014-05-03
17, Prince Royce ,18,13,28, 2014-05-03
18, Bob Marley ,25,13,119, 2014-05-03
19, Jennifer Lopez ,16,13,164, 2014-05-03
20, 5 Seconds Of Summer ,21,1,5, 2014-05-03
21, Ellie Goulding ,22,13,34, 2014-05-03
22, Justin Timberlake ,20,1,149, 2014-05-03
23, Lana Del Rey ,37,13,60, 2014-05-03
24, Austin Mahone ,24,13,44, 2014-05-03
25, Tyrese ,23,13,16, 2014-05-03
26, Nicki Minaj ,19,13,178, 2014-05-03
27, Calvin Harris ,49,13,6, 2014-05-03
28, Lil Wayne ,27,13,177, 2014-05-03
29, Lorde ,33,13,30, 2014-05-03
30, Michael Jackson ,28,13,168, 2014-05-03
31, Martin Garrix ,42,13,4, 2014-05-03
32, Wiz Khalifa ,26,13,165, 2014-05-03
33, Enrique Iglesias ,35,13,120, 2014-05-03
34, P!nk ,31,1,142, 2014-05-03
35, Lady Gaga ,29,1,176, 2014-05-03
36, Avicii ,36,13,39, 2014-05-03
37, Avril Lavigne ,30,1,175, 2014-05-03
38, Skrillex ,34,13,127, 2014-05-03
39, Chris Brown ,38,13,158, 2014-05-03
40, Ludacris ,120,13,46, 2014-05-03
41, Imagine Dragons ,32,1,22, 2014-05-03
42, Little Mix ,39,13,33, 2014-05-03
43, Snoop Dogg ,46,13,144, 2014-05-03
44, Britney Spears ,41,1,175, 2014-05-03
45, David Guetta ,47,13,176, 2014-05-03
46, Christina Aguilera ,120,13,76, 2014-05-03
47, Linkin Park ,43,1,175, 2014-05-03
48, Maroon 5 ,50,1,112, 2014-05-03
49, Adele ,40,1,157, 2014-05-03
50, Jason Derulo ,120,13,2, 2014-05-03
1, Justin Bieber ,1,1,177, 2014-04-26
2, Shakira ,2,13,176, 2014-04-26
3, Miley Cyrus ,3,1,105, 2014-04-26
4, Katy Perry ,4,1,177, 2014-04-26
5, Ariana Grande ,6,13,73, 2014-04-26
6, Taylor Swift ,5,1,177, 2014-04-26
7, Eminem ,7,13,176, 2014-04-26
8, Beyonce ,14,1,176, 2014-04-26
9, Pitbull ,8,13,174, 2014-04-26
10, Demi Lovato ,15,13,167, 2014-04-26
11, Selena Gomez ,11,13,175, 2014-04-26
12, Romeo Santos ,9,13,27, 2014-04-26
13, Bruno Mars ,10,1,166, 2014-04-26
14, One Direction ,13,13,126, 2014-04-26
15, Rihanna ,21,1,177, 2014-04-26
16, Jennifer Lopez ,20,13,163, 2014-04-26
17, Pharrell ,12,5,13, 2014-04-26
18, Prince Royce ,24,13,27, 2014-04-26
19, Nicki Minaj ,32,13,177, 2014-04-26
20, Justin Timberlake ,19,1,148, 2014-04-26
21, 5 Seconds Of Summer ,23,1,4, 2014-04-26
22, Ellie Goulding ,25,13,33, 2014-04-26
23, Tyrese ,17,13,15, 2014-04-26
24, Austin Mahone ,16,13,43, 2014-04-26
25, Bob Marley ,29,13,118, 2014-04-26
26, Wiz Khalifa ,22,13,164, 2014-04-26
27, Lil Wayne ,30,13,176, 2014-04-26
28, Michael Jackson ,28,13,167, 2014-04-26
29, Lady Gaga ,26,1,175, 2014-04-26
30, Avril Lavigne ,18,1,174, 2014-04-26
31, P!nk ,31,1,141, 2014-04-26
32, Imagine Dragons ,34,1,21, 2014-04-26
33, Lorde ,27,13,29, 2014-04-26
34, Skrillex ,33,13,126, 2014-04-26
35, Enrique Iglesias ,37,13,119, 2014-04-26
36, Avicii ,36,13,38, 2014-04-26
37, Lana Del Rey ,42,13,59, 2014-04-26
38, Chris Brown ,35,13,157, 2014-04-26
39, Little Mix ,39,13,32, 2014-04-26
40, Adele ,41,1,156, 2014-04-26
41, Britney Spears ,43,1,174, 2014-04-26
42, Martin Garrix ,44,13,3, 2014-04-26
43, Linkin Park ,40,1,174, 2014-04-26
44, Marco Antonio Solis ,120,42,6, 2014-04-26
45, Luan Santana ,38,13,4, 2014-04-26
46, Snoop Dogg ,48,13,143, 2014-04-26
47, David Guetta ,45,13,175, 2014-04-26
48, Drake ,46,13,160, 2014-04-26
49, Calvin Harris ,120,13,5, 2014-04-26
50, Maroon 5 ,47,1,111, 2014-04-26
1, Justin Bieber ,1,1,176, 2014-04-19
2, Shakira ,2,13,175, 2014-04-19
3, Miley Cyrus ,7,1,104, 2014-04-19
4, Katy Perry ,3,1,176, 2014-04-19
5, Taylor Swift ,8,1,176, 2014-04-19
6, Ariana Grande ,5,13,72, 2014-04-19
7, Eminem ,9,13,175, 2014-04-19
8, Pitbull ,11,13,173, 2014-04-19
9, Romeo Santos ,13,13,26, 2014-04-19
10, Bruno Mars ,10,1,165, 2014-04-19
11, Selena Gomez ,4,13,174, 2014-04-19
12, Pharrell ,20,5,12, 2014-04-19
13, One Direction ,14,13,125, 2014-04-19
14, Beyonce ,6,1,175, 2014-04-19
15, Demi Lovato ,12,13,166, 2014-04-19
16, Austin Mahone ,19,13,42, 2014-04-19
17, Tyrese ,44,13,14, 2014-04-19
18, Avril Lavigne ,36,1,173, 2014-04-19
19, Justin Timberlake ,18,1,147, 2014-04-19
20, Jennifer Lopez ,16,13,162, 2014-04-19
21, Rihanna ,17,1,176, 2014-04-19
22, Wiz Khalifa ,26,13,163, 2014-04-19
23, 5 Seconds Of Summer ,22,1,3, 2014-04-19
24, Prince Royce ,25,13,26, 2014-04-19
25, Ellie Goulding ,21,13,32, 2014-04-19
26, Lady Gaga ,15,1,174, 2014-04-19
27, Lorde ,34,13,28, 2014-04-19
28, Michael Jackson ,23,13,166, 2014-04-19
29, Bob Marley ,27,13,117, 2014-04-19
30, Lil Wayne ,30,13,175, 2014-04-19
31, P!nk ,31,1,140, 2014-04-19
32, Nicki Minaj ,24,13,176, 2014-04-19
33, Skrillex ,33,13,125, 2014-04-19
34, Imagine Dragons ,38,1,20, 2014-04-19
35, Chris Brown ,28,13,156, 2014-04-19
36, Avicii ,29,13,37, 2014-04-19
37, Enrique Iglesias ,32,13,118, 2014-04-19
38, Luan Santana ,47,13,3, 2014-04-19
39, Little Mix ,40,13,31, 2014-04-19
40, Linkin Park ,35,1,173, 2014-04-19
41, Adele ,43,1,155, 2014-04-19
42, Lana Del Rey ,42,13,58, 2014-04-19
43, Britney Spears ,37,1,173, 2014-04-19
44, Martin Garrix ,39,13,2, 2014-04-19
45, David Guetta ,41,13,174, 2014-04-19
46, Drake ,46,13,159, 2014-04-19
47, Maroon 5 ,48,1,110, 2014-04-19
48, Snoop Dogg ,120,13,142, 2014-04-19
49, Ke$ha ,45,13,81, 2014-04-19
50, Ludacris ,120,13,45, 2014-04-19
1, Justin Bieber ,1,1,175, 2014-04-12
2, Shakira ,2,13,174, 2014-04-12
3, Katy Perry ,5,1,175, 2014-04-12
4, Selena Gomez ,8,13,173, 2014-04-12
5, Ariana Grande ,14,13,71, 2014-04-12
6, Beyonce ,6,1,174, 2014-04-12
7, Miley Cyrus ,3,1,103, 2014-04-12
8, Taylor Swift ,4,1,175, 2014-04-12
9, Eminem ,7,13,174, 2014-04-12
10, Bruno Mars ,10,1,164, 2014-04-12
11, Pitbull ,9,13,172, 2014-04-12
12, Demi Lovato ,17,13,165, 2014-04-12
13, Romeo Santos ,13,13,25, 2014-04-12
14, One Direction ,18,13,124, 2014-04-12
15, Lady Gaga ,26,1,173, 2014-04-12
16, Jennifer Lopez ,12,13,161, 2014-04-12
17, Rihanna ,15,1,175, 2014-04-12
18, Justin Timberlake ,16,1,146, 2014-04-12
19, Austin Mahone ,24,13,41, 2014-04-12
20, Pharrell ,11,5,11, 2014-04-12
21, Ellie Goulding ,21,13,31, 2014-04-12
22, 5 Seconds of Summer ,25,13,2, 2014-04-12
23, Michael Jackson ,19,13,165, 2014-04-12
24, Nicki Minaj ,22,13,175, 2014-04-12
25, Prince Royce ,23,13,25, 2014-04-12
26, Wiz Khalifa ,27,13,162, 2014-04-12
27, Bob Marley ,20,13,116, 2014-04-12
28, Chris Brown ,36,13,155, 2014-04-12
29, Avicii ,31,13,36, 2014-04-12
30, Lil Wayne ,40,13,174, 2014-04-12
31, P!nk ,38,1,139, 2014-04-12
32, Enrique Iglesias ,33,13,117, 2014-04-12
33, Skrillex ,29,13,124, 2014-04-12
34, Lorde ,30,13,27, 2014-04-12
35, Linkin Park ,32,1,172, 2014-04-12
36, Avril Lavigne ,28,1,172, 2014-04-12
37, Britney Spears ,35,1,172, 2014-04-12
38, Imagine Dragons ,46,1,19, 2014-04-12
39, Martin Garrix ,120,13,1, 2014-04-12
40, Little Mix ,34,13,30, 2014-04-12
41, David Guetta ,43,13,173, 2014-04-12
42, Lana Del Rey ,39,13,57, 2014-04-12
43, Adele ,41,1,154, 2014-04-12
44, Tyrese ,37,13,13, 2014-04-12
45, Ke$ha ,120,13,80, 2014-04-12
46, Drake ,44,13,158, 2014-04-12
47, Luan Santana ,120,13,2, 2014-04-12
48, Maroon 5 ,45,1,109, 2014-04-12
49, Marco Antonio Solis ,42,42,5, 2014-04-12
50, Calvin Harris ,120,13,4, 2014-04-12
1, Justin Bieber ,1,1,174, 2014-04-05
2, Shakira ,2,13,173, 2014-04-05
3, Miley Cyrus ,3,1,102, 2014-04-05
4, Taylor Swift ,6,1,174, 2014-04-05
5, Katy Perry ,4,1,174, 2014-04-05
6, Beyonce ,11,1,173, 2014-04-05
7, Eminem ,9,13,173, 2014-04-05
8, Selena Gomez ,8,13,172, 2014-04-05
9, Pitbull ,15,13,171, 2014-04-05
10, Bruno Mars ,16,1,163, 2014-04-05
11, Pharrell ,14,5,10, 2014-04-05
12, Jennifer Lopez ,7,13,160, 2014-04-05
13, Romeo Santos ,18,13,24, 2014-04-05
14, Ariana Grande ,12,13,70, 2014-04-05
15, Rihanna ,13,1,174, 2014-04-05
16, Justin Timberlake ,10,1,145, 2014-04-05
17, Demi Lovato ,17,13,164, 2014-04-05
18, One Direction ,21,13,123, 2014-04-05
19, Michael Jackson ,37,13,164, 2014-04-05
20, Bob Marley ,25,13,115, 2014-04-05
21, Ellie Goulding ,24,13,30, 2014-04-05
22, Nicki Minaj ,5,13,174, 2014-04-05
23, Prince Royce ,28,13,24, 2014-04-05
24, Austin Mahone ,31,13,40, 2014-04-05
25, 5 Seconds of Summer ,120,13,1, 2014-04-05
26, Lady Gaga ,120,1,172, 2014-04-05
27, Wiz Khalifa ,23,13,161, 2014-04-05
28, Avril Lavigne ,36,1,171, 2014-04-05
29, Skrillex ,27,13,123, 2014-04-05
30, Lorde ,22,13,26, 2014-04-05
31, Avicii ,26,13,35, 2014-04-05
32, Linkin Park ,40,1,171, 2014-04-05
33, Enrique Iglesias ,20,13,116, 2014-04-05
34, Little Mix ,34,13,29, 2014-04-05
35, Britney Spears ,19,1,171, 2014-04-05
36, Chris Brown ,38,13,154, 2014-04-05
37, Tyrese ,43,13,12, 2014-04-05
38, P!nk ,32,1,138, 2014-04-05
39, Lana Del Rey ,47,13,56, 2014-04-05
40, Lil Wayne ,42,13,173, 2014-04-05
41, Adele ,120,1,153, 2014-04-05
42, Marco Antonio Solis ,120,42,4, 2014-04-05
43, David Guetta ,48,13,172, 2014-04-05
44, Drake ,120,13,157, 2014-04-05
45, Maroon 5 ,41,1,108, 2014-04-05
46, Imagine Dragons ,29,1,18, 2014-04-05
47, Snoop Dogg ,30,13,141, 2014-04-05
48, The Beatles ,45,13,71, 2014-04-05
49, Coldplay ,50,1,134, 2014-04-05
50, Usher ,120,13,137, 2014-04-05
1, Justin Bieber ,1,1,173, 2014-03-29
2, Shakira ,2,13,172, 2014-03-29
3, Miley Cyrus ,3,1,101, 2014-03-29
4, Katy Perry ,4,1,173, 2014-03-29
5, Nicki Minaj ,10,13,173, 2014-03-29
6, Taylor Swift ,9,1,173, 2014-03-29
7, Jennifer Lopez ,19,13,159, 2014-03-29
8, Selena Gomez ,8,13,171, 2014-03-29
9, Eminem ,15,13,172, 2014-03-29
10, Justin Timberlake ,12,1,144, 2014-03-29
11, Beyonce ,11,1,172, 2014-03-29
12, Ariana Grande ,33,13,69, 2014-03-29
13, Rihanna ,7,1,173, 2014-03-29
14, Pharrell ,5,5,9, 2014-03-29
15, Pitbull ,17,13,170, 2014-03-29
16, Bruno Mars ,18,1,162, 2014-03-29
17, Demi Lovato ,6,13,163, 2014-03-29
18, Romeo Santos ,16,13,23, 2014-03-29
19, Britney Spears ,14,1,170, 2014-03-29
20, Enrique Iglesias ,30,13,115, 2014-03-29
21, One Direction ,20,13,122, 2014-03-29
22, Lorde ,26,13,25, 2014-03-29
23, Wiz Khalifa ,21,13,160, 2014-03-29
24, Ellie Goulding ,24,13,29, 2014-03-29
25, Bob Marley ,22,13,114, 2014-03-29
26, Avicii ,23,13,34, 2014-03-29
27, Skrillex ,120,13,122, 2014-03-29
28, Prince Royce ,29,13,23, 2014-03-29
29, Imagine Dragons ,31,1,17, 2014-03-29
30, Snoop Dogg ,37,13,140, 2014-03-29
31, Austin Mahone ,50,13,39, 2014-03-29
32, P!nk ,25,1,137, 2014-03-29
33, Christina Aguilera ,13,13,75, 2014-03-29
34, Little Mix ,27,13,28, 2014-03-29
35, will.i.am ,28,13,43, 2014-03-29
36, Avril Lavigne ,40,1,170, 2014-03-29
37, Michael Jackson ,35,13,163, 2014-03-29
38, Chris Brown ,39,13,153, 2014-03-29
39, Ludacris ,41,13,44, 2014-03-29
40, Linkin Park ,42,1,170, 2014-03-29
41, Maroon 5 ,34,1,107, 2014-03-29
42, Lil Wayne ,43,13,172, 2014-03-29
43, Tyrese ,120,13,11, 2014-03-29
44, Nirvana ,45,13,4, 2014-03-29
45, The Beatles ,120,13,70, 2014-03-29
46, OneRepublic ,47,1,3, 2014-03-29
47, Lana Del Rey ,120,13,55, 2014-03-29
48, David Guetta ,120,13,171, 2014-03-29
49, Ke$ha ,120,13,79, 2014-03-29
50, Coldplay ,46,1,133, 2014-03-29
1, Justin Bieber ,2,1,172, 2014-03-22
2, Shakira ,1,13,171, 2014-03-22
3, Miley Cyrus ,3,1,100, 2014-03-22
4, Katy Perry ,4,1,172, 2014-03-22
5, Pharrell ,7,5,8, 2014-03-22
6, Demi Lovato ,15,13,162, 2014-03-22
7, Rihanna ,8,1,172, 2014-03-22
8, Selena Gomez ,16,13,170, 2014-03-22
9, Taylor Swift ,10,1,172, 2014-03-22
10, Nicki Minaj ,22,13,172, 2014-03-22
11, Beyonce ,9,1,171, 2014-03-22
12, Justin Timberlake ,5,1,143, 2014-03-22
13, Christina Aguilera ,11,13,74, 2014-03-22
14, Britney Spears ,12,1,169, 2014-03-22
15, Eminem ,6,13,171, 2014-03-22
16, Romeo Santos ,19,13,22, 2014-03-22
17, Pitbull ,20,13,169, 2014-03-22
18, Bruno Mars ,13,1,161, 2014-03-22
19, Jennifer Lopez ,25,13,158, 2014-03-22
20, One Direction ,17,13,121, 2014-03-22
21, Wiz Khalifa ,26,13,159, 2014-03-22
22, Bob Marley ,18,13,113, 2014-03-22
23, Avicii ,21,13,33, 2014-03-22
24, Ellie Goulding ,30,13,28, 2014-03-22
25, P!nk ,28,1,136, 2014-03-22
26, Lorde ,27,13,24, 2014-03-22
27, Little Mix ,45,13,27, 2014-03-22
28, will.i.am ,36,13,42, 2014-03-22
29, Prince Royce ,14,13,22, 2014-03-22
30, Enrique Iglesias ,23,13,114, 2014-03-22
31, Imagine Dragons ,32,1,16, 2014-03-22
32, Celine Dion ,37,31,6, 2014-03-22
33, Ariana Grande ,29,13,68, 2014-03-22
34, Maroon 5 ,24,1,106, 2014-03-22
35, Michael Jackson ,31,13,162, 2014-03-22
36, Mariah Carey ,41,1,64, 2014-03-22
37, Snoop Dogg ,120,13,139, 2014-03-22
38, Idina Menzel ,120,13,1, 2014-03-22
39, Chris Brown ,33,13,152, 2014-03-22
40, Avril Lavigne ,34,1,169, 2014-03-22
41, Ludacris ,35,13,43, 2014-03-22
42, Linkin Park ,120,1,169, 2014-03-22
43, Lil Wayne ,38,13,171, 2014-03-22
44, Marc Anthony ,120,13,14, 2014-03-22
45, Nirvana ,120,13,3, 2014-03-22
46, Coldplay ,120,1,132, 2014-03-22
47, OneRepublic ,49,1,2, 2014-03-22
48, Marco Antonio Solis ,42,42,3, 2014-03-22
49, Drake ,47,13,156, 2014-03-22
50, Austin Mahone ,120,13,38, 2014-03-22
1, Shakira ,1,13,170, 2014-03-15
2, Justin Bieber ,3,1,171, 2014-03-15
3, Miley Cyrus ,2,1,99, 2014-03-15
4, Katy Perry ,5,1,171, 2014-03-15
5, Justin Timberlake ,8,1,142, 2014-03-15
6, Eminem ,13,13,170, 2014-03-15
7, Pharrell ,7,5,7, 2014-03-15
8, Rihanna ,4,1,171, 2014-03-15
9, Beyonce ,14,1,170, 2014-03-15
10, Taylor Swift ,9,1,171, 2014-03-15
11, Christina Aguilera ,11,13,73, 2014-03-15
12, Britney Spears ,12,1,168, 2014-03-15
13, Bruno Mars ,6,1,160, 2014-03-15
14, Prince Royce ,29,13,21, 2014-03-15
15, Demi Lovato ,16,13,161, 2014-03-15
16, Selena Gomez ,10,13,169, 2014-03-15
17, One Direction ,15,13,120, 2014-03-15
18, Bob Marley ,28,13,112, 2014-03-15
19, Romeo Santos ,18,13,21, 2014-03-15
20, Pitbull ,19,13,168, 2014-03-15
21, Avicii ,22,13,32, 2014-03-15
22, Nicki Minaj ,26,13,171, 2014-03-15
23, Enrique Iglesias ,17,13,113, 2014-03-15
24, Maroon 5 ,46,1,105, 2014-03-15
25, Jennifer Lopez ,20,13,157, 2014-03-15
26, Wiz Khalifa ,23,13,158, 2014-03-15
27, Lorde ,21,13,23, 2014-03-15
28, P!nk ,32,1,135, 2014-03-15
29, Ariana Grande ,27,13,67, 2014-03-15
30, Ellie Goulding ,25,13,27, 2014-03-15
31, Michael Jackson ,30,13,161, 2014-03-15
32, Imagine Dragons ,35,1,15, 2014-03-15
33, Chris Brown ,120,13,151, 2014-03-15
34, Avril Lavigne ,33,1,168, 2014-03-15
35, Ludacris ,39,13,42, 2014-03-15
36, will.i.am ,120,13,41, 2014-03-15
37, Celine Dion ,120,31,5, 2014-03-15
38, Lil Wayne ,40,13,170, 2014-03-15
39, Whitney Houston ,120,1,6, 2014-03-15
40, 50 Cent ,36,13,127, 2014-03-15
41, Mariah Carey ,38,1,63, 2014-03-15
42, Marco Antonio Solis ,120,42,2, 2014-03-15
43, Lana Del Rey ,37,13,54, 2014-03-15
44, Lady Gaga ,42,1,171, 2014-03-15
45, Little Mix ,41,13,26, 2014-03-15
46, The Beatles ,48,13,69, 2014-03-15
47, Drake ,120,13,155, 2014-03-15
48, 2Pac ,45,13,33, 2014-03-15
49, OneRepublic ,120,1,1, 2014-03-15
50, David Guetta ,44,13,170, 2014-03-15
1, Shakira ,1,13,169, 2014-03-08
2, Miley Cyrus ,2,1,98, 2014-03-08
3, Justin Bieber ,3,1,170, 2014-03-08
4, Rihanna ,8,1,170, 2014-03-08
5, Katy Perry ,4,1,170, 2014-03-08
6, Bruno Mars ,7,1,159, 2014-03-08
7, Pharrell ,29,5,6, 2014-03-08
8, Justin Timberlake ,11,1,141, 2014-03-08
9, Taylor Swift ,6,1,170, 2014-03-08
10, Selena Gomez ,13,13,168, 2014-03-08
11, Christina Aguilera ,39,13,72, 2014-03-08
12, Britney Spears ,9,1,167, 2014-03-08
13, Eminem ,5,13,169, 2014-03-08
14, Beyonce ,14,1,169, 2014-03-08
15, One Direction ,16,13,119, 2014-03-08
16, Demi Lovato ,10,13,160, 2014-03-08
17, Enrique Iglesias ,26,13,112, 2014-03-08
18, Romeo Santos ,21,13,20, 2014-03-08
19, Pitbull ,15,13,167, 2014-03-08
20, Jennifer Lopez ,18,13,156, 2014-03-08
21, Lorde ,17,13,22, 2014-03-08
22, Avicii ,24,13,31, 2014-03-08
23, Wiz Khalifa ,20,13,157, 2014-03-08
24, Marc Anthony ,25,13,13, 2014-03-08
25, Ellie Goulding ,31,13,26, 2014-03-08
26, Nicki Minaj ,22,13,170, 2014-03-08
27, Ariana Grande ,12,13,66, 2014-03-08
28, Bob Marley ,28,13,111, 2014-03-08
29, Prince Royce ,23,13,20, 2014-03-08
30, Michael Jackson ,30,13,160, 2014-03-08
31, Tyrese ,19,13,10, 2014-03-08
32, P!nk ,27,1,134, 2014-03-08
33, Avril Lavigne ,34,1,167, 2014-03-08
34, Young Jeezy ,120,13,1, 2014-03-08
35, Imagine Dragons ,32,1,14, 2014-03-08
36, 50 Cent ,46,13,126, 2014-03-08
37, Lana Del Rey ,43,13,53, 2014-03-08
38, Mariah Carey ,38,1,62, 2014-03-08
39, Ludacris ,33,13,41, 2014-03-08
40, Lil Wayne ,40,13,169, 2014-03-08
41, Little Mix ,37,13,25, 2014-03-08
42, Lady Gaga ,42,1,170, 2014-03-08
43, Priyanka Chopra ,35,13,15, 2014-03-08
44, David Guetta ,48,13,169, 2014-03-08
45, 2Pac ,49,13,32, 2014-03-08
46, Maroon 5 ,120,1,104, 2014-03-08
47, Linkin Park ,120,1,168, 2014-03-08
48, The Beatles ,36,13,68, 2014-03-08
49, Ciara ,120,13,12, 2014-03-08
50, B.o.B ,120,13,1, 2014-03-08
1, Shakira ,1,13,168, 2014-03-01
2, Miley Cyrus ,3,1,97, 2014-03-01
3, Justin Bieber ,2,1,169, 2014-03-01
4, Katy Perry ,6,1,169, 2014-03-01
5, Eminem ,7,13,168, 2014-03-01
6, Taylor Swift ,11,1,169, 2014-03-01
7, Bruno Mars ,4,1,158, 2014-03-01
8, Rihanna ,5,1,169, 2014-03-01
9, Britney Spears ,16,1,166, 2014-03-01
10, Demi Lovato ,13,13,159, 2014-03-01
11, Justin Timberlake ,12,1,140, 2014-03-01
12, Ariana Grande ,8,13,65, 2014-03-01
13, Selena Gomez ,17,13,167, 2014-03-01
14, Beyonce ,10,1,168, 2014-03-01
15, Pitbull ,15,13,166, 2014-03-01
16, One Direction ,9,13,118, 2014-03-01
17, Lorde ,20,13,21, 2014-03-01
18, Jennifer Lopez ,25,13,155, 2014-03-01
19, Tyrese ,21,13,9, 2014-03-01
20, Wiz Khalifa ,19,13,156, 2014-03-01
21, Romeo Santos ,18,13,19, 2014-03-01
22, Nicki Minaj ,30,13,169, 2014-03-01
23, Prince Royce ,26,13,19, 2014-03-01
24, Avicii ,23,13,30, 2014-03-01
25, Marc Anthony ,27,13,12, 2014-03-01
26, Enrique Iglesias ,28,13,111, 2014-03-01
27, P!nk ,24,1,133, 2014-03-01
28, Bob Marley ,14,13,110, 2014-03-01
29, Pharrell ,31,5,5, 2014-03-01
30, Michael Jackson ,22,13,159, 2014-03-01
31, Ellie Goulding ,36,13,25, 2014-03-01
32, Imagine Dragons ,33,1,13, 2014-03-01
33, Ludacris ,34,13,40, 2014-03-01
34, Avril Lavigne ,29,1,166, 2014-03-01
35, Priyanka Chopra ,43,13,14, 2014-03-01
36, The Beatles ,40,13,67, 2014-03-01
37, Little Mix ,35,13,24, 2014-03-01
38, Mariah Carey ,41,1,61, 2014-03-01
39, Christina Aguilera ,48,13,71, 2014-03-01
40, Lil Wayne ,39,13,168, 2014-03-01
41, Drake ,120,13,154, 2014-03-01
42, Lady Gaga ,32,1,169, 2014-03-01
43, Lana Del Rey ,37,13,52, 2014-03-01
44, Chris Brown ,120,13,150, 2014-03-01
45, Adele ,38,1,152, 2014-03-01
46, 50 Cent ,42,13,125, 2014-03-01
47, Kelly Rowland ,120,13,8, 2014-03-01
48, David Guetta ,46,13,168, 2014-03-01
49, 2Pac ,120,13,31, 2014-03-01
50, Kendrick Lamar ,120,13,4, 2014-03-01
1, Shakira ,1,13,167, 2014-02-22
2, Justin Bieber ,2,1,168, 2014-02-22
3, Miley Cyrus ,3,1,96, 2014-02-22
4, Bruno Mars ,10,1,157, 2014-02-22
5, Rihanna ,4,1,168, 2014-02-22
6, Katy Perry ,5,1,168, 2014-02-22
7, Eminem ,13,13,167, 2014-02-22
8, Ariana Grande ,8,13,64, 2014-02-22
9, One Direction ,9,13,117, 2014-02-22
10, Beyonce ,7,1,167, 2014-02-22
11, Taylor Swift ,14,1,168, 2014-02-22
12, Justin Timberlake ,15,1,139, 2014-02-22
13, Demi Lovato ,17,13,158, 2014-02-22
14, Bob Marley ,35,13,109, 2014-02-22
15, Pitbull ,11,13,165, 2014-02-22
16, Britney Spears ,16,1,165, 2014-02-22
17, Selena Gomez ,20,13,166, 2014-02-22
18, Romeo Santos ,21,13,18, 2014-02-22
19, Wiz Khalifa ,25,13,155, 2014-02-22
20, Lorde ,12,13,20, 2014-02-22
21, Tyrese ,22,13,8, 2014-02-22
22, Michael Jackson ,28,13,158, 2014-02-22
23, Avicii ,23,13,29, 2014-02-22
24, P!nk ,27,1,132, 2014-02-22
25, Jennifer Lopez ,26,13,154, 2014-02-22
26, Prince Royce ,32,13,18, 2014-02-22
27, Marc Anthony ,39,13,11, 2014-02-22
28, Enrique Iglesias ,24,13,110, 2014-02-22
29, Avril Lavigne ,33,1,165, 2014-02-22
30, Nicki Minaj ,30,13,168, 2014-02-22
31, Pharrell ,18,5,4, 2014-02-22
32, Lady Gaga ,38,1,168, 2014-02-22
33, Imagine Dragons ,29,1,12, 2014-02-22
34, Ludacris ,37,13,39, 2014-02-22
35, Little Mix ,40,13,23, 2014-02-22
36, Ellie Goulding ,34,13,24, 2014-02-22
37, Lana Del Rey ,43,13,51, 2014-02-22
38, Adele ,45,1,151, 2014-02-22
39, Lil Wayne ,36,13,167, 2014-02-22
40, The Beatles ,120,13,66, 2014-02-22
41, Mariah Carey ,44,1,60, 2014-02-22
42, 50 Cent ,48,13,124, 2014-02-22
43, Priyanka Chopra ,120,13,13, 2014-02-22
44, Maroon 5 ,120,1,103, 2014-02-22
45, Daft Punk ,6,13,40, 2014-02-22
46, David Guetta ,49,13,167, 2014-02-22
47, Linkin Park ,47,1,167, 2014-02-22
48, Christina Aguilera ,46,13,70, 2014-02-22
49, Ke$ha ,120,13,78, 2014-02-22
50, Red Hot Chili Peppers ,120,13,27, 2014-02-22
1, Shakira ,1,13,166, 2014-02-15
2, Justin Bieber ,2,1,167, 2014-02-15
3, Miley Cyrus ,3,1,95, 2014-02-15
4, Rihanna ,8,1,167, 2014-02-15
5, Katy Perry ,6,1,167, 2014-02-15
6, Daft Punk ,120,13,39, 2014-02-15
7, Beyonce ,12,1,166, 2014-02-15
8, Ariana Grande ,4,13,63, 2014-02-15
9, One Direction ,7,13,116, 2014-02-15
10, Bruno Mars ,16,1,156, 2014-02-15
11, Pitbull ,5,13,164, 2014-02-15
12, Lorde ,27,13,19, 2014-02-15
13, Eminem ,9,13,166, 2014-02-15
14, Taylor Swift ,14,1,167, 2014-02-15
15, Justin Timberlake ,13,1,138, 2014-02-15
16, Britney Spears ,10,1,164, 2014-02-15
17, Demi Lovato ,11,13,157, 2014-02-15
18, Pharrell ,37,5,3, 2014-02-15
19, Pete Seeger ,120,13,1, 2014-02-15
20, Selena Gomez ,22,13,165, 2014-02-15
21, Romeo Santos ,25,13,17, 2014-02-15
22, Tyrese ,20,13,7, 2014-02-15
23, Avicii ,18,13,28, 2014-02-15
24, Enrique Iglesias ,15,13,109, 2014-02-15
25, Wiz Khalifa ,21,13,154, 2014-02-15
26, Jennifer Lopez ,17,13,153, 2014-02-15
27, P!nk ,26,1,131, 2014-02-15
28, Michael Jackson ,23,13,157, 2014-02-15
29, Imagine Dragons ,35,1,11, 2014-02-15
30, Nicki Minaj ,31,13,167, 2014-02-15
31, Macklemore & Ryan Lewis ,120,13,38, 2014-02-15
32, Prince Royce ,24,13,17, 2014-02-15
33, Avril Lavigne ,30,1,164, 2014-02-15
34, Ellie Goulding ,28,13,23, 2014-02-15
35, Bob Marley ,29,13,108, 2014-02-15
36, Lil Wayne ,39,13,166, 2014-02-15
37, Ludacris ,32,13,38, 2014-02-15
38, Lady Gaga ,34,1,167, 2014-02-15
39, Marc Anthony ,120,13,10, 2014-02-15
40, Little Mix ,33,13,22, 2014-02-15
41, Austin Mahone ,40,13,37, 2014-02-15
42, Tyga ,120,13,11, 2014-02-15
43, Lana Del Rey ,48,13,50, 2014-02-15
44, Mariah Carey ,19,1,59, 2014-02-15
45, Adele ,44,1,150, 2014-02-15
46, Christina Aguilera ,47,13,69, 2014-02-15
47, Linkin Park ,41,1,166, 2014-02-15
48, 50 Cent ,120,13,123, 2014-02-15
49, David Guetta ,45,13,166, 2014-02-15
50, Usher ,120,13,136, 2014-02-15
1, Shakira ,5,13,165, 2014-02-08
2, Justin Bieber ,4,1,166, 2014-02-08
3, Miley Cyrus ,1,1,94, 2014-02-08
4, Ariana Grande ,6,13,62, 2014-02-08
5, Pitbull ,11,13,163, 2014-02-08
6, Katy Perry ,8,1,166, 2014-02-08
7, One Direction ,7,13,115, 2014-02-08
8, Rihanna ,3,1,166, 2014-02-08
9, Eminem ,10,13,165, 2014-02-08
10, Britney Spears ,16,1,163, 2014-02-08
11, Demi Lovato ,13,13,156, 2014-02-08
12, Beyonce ,9,1,165, 2014-02-08
13, Justin Timberlake ,14,1,137, 2014-02-08
14, Taylor Swift ,12,1,166, 2014-02-08
15, Enrique Iglesias ,24,13,108, 2014-02-08
16, Bruno Mars ,15,1,155, 2014-02-08
17, Jennifer Lopez ,17,13,152, 2014-02-08
18, Avicii ,18,13,27, 2014-02-08
19, Mariah Carey ,19,1,58, 2014-02-08
20, Tyrese ,20,13,6, 2014-02-08
21, Wiz Khalifa ,25,13,153, 2014-02-08
22, Selena Gomez ,2,13,164, 2014-02-08
23, Michael Jackson ,23,13,156, 2014-02-08
24, Prince Royce ,22,13,16, 2014-02-08
25, Romeo Santos ,33,13,16, 2014-02-08
26, P!nk ,27,1,130, 2014-02-08
27, Lorde ,40,13,18, 2014-02-08
28, Ellie Goulding ,31,13,22, 2014-02-08
29, Bob Marley ,32,13,107, 2014-02-08
30, Avril Lavigne ,21,1,163, 2014-02-08
31, Nicki Minaj ,28,13,166, 2014-02-08
32, Ludacris ,34,13,37, 2014-02-08
33, Little Mix ,36,13,21, 2014-02-08
34, Lady Gaga ,35,1,166, 2014-02-08
35, Imagine Dragons ,46,1,10, 2014-02-08
36, Ciara ,30,13,11, 2014-02-08
37, Pharrell ,43,5,2, 2014-02-08
38, Ke$ha ,38,13,77, 2014-02-08
39, Lil Wayne ,39,13,165, 2014-02-08
40, Austin Mahone ,47,13,36, 2014-02-08
41, Linkin Park ,41,1,165, 2014-02-08
42, Priyanka Chopra ,29,13,12, 2014-02-08
43, Calvin Harris ,42,13,3, 2014-02-08
44, Adele ,48,1,149, 2014-02-08
45, David Guetta ,45,13,165, 2014-02-08
46, Drake ,50,13,153, 2014-02-08
47, Christina Aguilera ,37,13,68, 2014-02-08
48, Lana Del Rey ,120,13,49, 2014-02-08
49, Skrillex ,26,13,121, 2014-02-08
50, Maroon 5 ,49,1,102, 2014-02-08
1, Miley Cyrus ,1,1,93, 2014-02-01
2, Selena Gomez ,3,13,163, 2014-02-01
3, Rihanna ,4,1,165, 2014-02-01
4, Justin Bieber ,2,1,165, 2014-02-01
5, Shakira ,15,13,164, 2014-02-01
6, Ariana Grande ,6,13,61, 2014-02-01
7, One Direction ,7,13,114, 2014-02-01
8, Katy Perry ,9,1,165, 2014-02-01
9, Beyonce ,11,1,164, 2014-02-01
10, Eminem ,10,13,164, 2014-02-01
11, Pitbull ,19,13,162, 2014-02-01
12, Taylor Swift ,14,1,165, 2014-02-01
13, Demi Lovato ,5,13,155, 2014-02-01
14, Justin Timberlake ,13,1,136, 2014-02-01
15, Bruno Mars ,17,1,154, 2014-02-01
16, Britney Spears ,18,1,162, 2014-02-01
17, Jennifer Lopez ,39,13,151, 2014-02-01
18, Avicii ,21,13,26, 2014-02-01
19, Mariah Carey ,30,1,57, 2014-02-01
20, Tyrese ,16,13,5, 2014-02-01
21, Avril Lavigne ,8,1,162, 2014-02-01
22, Prince Royce ,28,13,15, 2014-02-01
23, Michael Jackson ,22,13,155, 2014-02-01
24, Enrique Iglesias ,34,13,107, 2014-02-01
25, Wiz Khalifa ,23,13,152, 2014-02-01
26, Skrillex ,38,13,120, 2014-02-01
27, P!nk ,25,1,129, 2014-02-01
28, Nicki Minaj ,24,13,165, 2014-02-01
29, Priyanka Chopra ,31,13,11, 2014-02-01
30, Ciara ,120,13,10, 2014-02-01
31, Ellie Goulding ,27,13,21, 2014-02-01
32, Bob Marley ,36,13,106, 2014-02-01
33, Romeo Santos ,46,13,15, 2014-02-01
34, Ludacris ,35,13,36, 2014-02-01
35, Lady Gaga ,20,1,165, 2014-02-01
36, Little Mix ,37,13,20, 2014-02-01
37, Christina Aguilera ,12,13,67, 2014-02-01
38, Ke$ha ,33,13,76, 2014-02-01
39, Lil Wayne ,29,13,164, 2014-02-01
40, Lorde ,32,13,17, 2014-02-01
41, Linkin Park ,41,1,164, 2014-02-01
42, Calvin Harris ,120,13,2, 2014-02-01
43, Pharrell ,120,5,1, 2014-02-01
44, Chris Brown ,45,13,149, 2014-02-01
45, David Guetta ,40,13,164, 2014-02-01
46, Imagine Dragons ,44,1,9, 2014-02-01
47, Austin Mahone ,120,13,35, 2014-02-01
48, Adele ,47,1,148, 2014-02-01
49, Maroon 5 ,49,1,101, 2014-02-01
50, Drake ,48,13,152, 2014-02-01
1, Miley Cyrus ,1,1,92, 2014-01-25
2, Justin Bieber ,2,1,164, 2014-01-25
3, Selena Gomez ,11,13,162, 2014-01-25
4, Rihanna ,10,1,164, 2014-01-25
5, Demi Lovato ,4,13,154, 2014-01-25
6, Ariana Grande ,3,13,60, 2014-01-25
7, One Direction ,6,1,113, 2014-01-25
8, Avril Lavigne ,15,1,161, 2014-01-25
9, Katy Perry ,5,1,164, 2014-01-25
10, Eminem ,9,13,163, 2014-01-25
11, Beyonce ,7,1,163, 2014-01-25
12, Christina Aguilera ,35,13,66, 2014-01-25
13, Justin Timberlake ,13,1,135, 2014-01-25
14, Taylor Swift ,8,1,164, 2014-01-25
15, Shakira ,12,13,163, 2014-01-25
16, Tyrese ,120,13,4, 2014-01-25
17, Bruno Mars ,17,1,153, 2014-01-25
18, Britney Spears ,14,1,161, 2014-01-25
19, Pitbull ,16,13,161, 2014-01-25
20, Lady Gaga ,23,1,164, 2014-01-25
21, Avicii ,21,13,25, 2014-01-25
22, Michael Jackson ,18,13,154, 2014-01-25
23, Wiz Khalifa ,22,13,151, 2014-01-25
24, Nicki Minaj ,19,13,164, 2014-01-25
25, P!nk ,24,1,128, 2014-01-25
26, 50 Cent ,120,13,122, 2014-01-25
27, Ellie Goulding ,27,13,20, 2014-01-25
28, Prince Royce ,33,13,14, 2014-01-25
29, Lil Wayne ,36,13,163, 2014-01-25
30, Mariah Carey ,32,1,56, 2014-01-25
31, Priyanka Chopra ,25,25,10, 2014-01-25
32, Lorde ,28,13,16, 2014-01-25
33, Ke$ha ,26,13,75, 2014-01-25
34, Enrique Iglesias ,30,13,106, 2014-01-25
35, Ludacris ,37,13,35, 2014-01-25
36, Bob Marley ,34,13,105, 2014-01-25
37, Little Mix ,29,13,19, 2014-01-25
38, Skrillex ,47,13,119, 2014-01-25
39, Jennifer Lopez ,20,13,150, 2014-01-25
40, David Guetta ,38,13,163, 2014-01-25
41, Linkin Park ,39,1,163, 2014-01-25
42, Lana Del Rey ,40,13,48, 2014-01-25
43, Madonna ,120,13,22, 2014-01-25
44, Imagine Dragons ,46,1,8, 2014-01-25
45, Chris Brown ,41,5,148, 2014-01-25
46, Romeo Santos ,49,13,14, 2014-01-25
47, Adele ,31,1,147, 2014-01-25
48, Drake ,42,12,151, 2014-01-25
49, Maroon 5 ,45,1,100, 2014-01-25
50, The Beatles ,120,13,65, 2014-01-25
1, Miley Cyrus ,1,1,91, 2014-01-18
2, Justin Bieber ,2,1,163, 2014-01-18
3, Ariana Grande ,4,13,59, 2014-01-18
4, Demi Lovato ,14,13,153, 2014-01-18
5, Katy Perry ,5,1,163, 2014-01-18
6, One Direction ,6,13,112, 2014-01-18
7, Beyonce ,8,1,162, 2014-01-18
8, Taylor Swift ,10,1,163, 2014-01-18
9, Eminem ,7,13,162, 2014-01-18
10, Rihanna ,3,1,163, 2014-01-18
11, Selena Gomez ,13,13,161, 2014-01-18
12, Shakira ,9,13,162, 2014-01-18
13, Justin Timberlake ,12,1,134, 2014-01-18
14, Britney Spears ,11,1,160, 2014-01-18
15, Avril Lavigne ,17,1,160, 2014-01-18
16, Pitbull ,23,13,160, 2014-01-18
17, Bruno Mars ,15,1,152, 2014-01-18
18, Michael Jackson ,16,13,153, 2014-01-18
19, Nicki Minaj ,21,13,163, 2014-01-18
20, Jennifer Lopez ,42,13,149, 2014-01-18
21, Avicii ,25,13,24, 2014-01-18
22, Wiz Khalifa ,22,13,150, 2014-01-18
23, Lady Gaga ,19,1,163, 2014-01-18
24, P!nk ,26,1,127, 2014-01-18
25, Priyanka Chopra ,30,13,9, 2014-01-18
26, Ke$ha ,31,13,74, 2014-01-18
27, Ellie Goulding ,33,13,19, 2014-01-18
28, Lorde ,20,13,15, 2014-01-18
29, Little Mix ,27,13,18, 2014-01-18
30, Enrique Iglesias ,32,13,105, 2014-01-18
31, Adele ,39,1,146, 2014-01-18
32, Mariah Carey ,28,1,55, 2014-01-18
33, Prince Royce ,38,13,13, 2014-01-18
34, Bob Marley ,35,13,104, 2014-01-18
35, Christina Aguilera ,24,13,65, 2014-01-18
36, Lil Wayne ,34,13,162, 2014-01-18
37, Ludacris ,29,13,34, 2014-01-18
38, David Guetta ,43,13,162, 2014-01-18
39, Linkin Park ,36,1,162, 2014-01-18
40, Lana Del Rey ,37,13,47, 2014-01-18
41, Chris Brown ,40,13,147, 2014-01-18
42, Drake ,45,13,150, 2014-01-18
43, Pentatonix ,18,13,6, 2014-01-18
44, Alicia Keys ,120,1,100, 2014-01-18
45, Maroon 5 ,44,1,99, 2014-01-18
46, Imagine Dragons ,46,1,7, 2014-01-18
47, Skrillex ,41,13,118, 2014-01-18
48, Austin Mahone ,120,13,34, 2014-01-18
49, Romeo Santos ,47,13,13, 2014-01-18
50, Ashley Tisdale ,120,13,3, 2014-01-18
1, Miley Cyrus ,2,1,90, 2014-01-11
2, Justin Bieber ,1,1,162, 2014-01-11
3, Rihanna ,14,1,162, 2014-01-11
4, Ariana Grande ,6,13,58, 2014-01-11
5, Katy Perry ,5,1,162, 2014-01-11
6, One Direction ,4,13,111, 2014-01-11
7, Eminem ,9,13,161, 2014-01-11
8, Beyonce ,3,1,161, 2014-01-11
9, Shakira ,10,13,161, 2014-01-11
10, Taylor Swift ,11,1,162, 2014-01-11
11, Britney Spears ,12,1,159, 2014-01-11
12, Justin Timberlake ,7,1,133, 2014-01-11
13, Selena Gomez ,13,13,160, 2014-01-11
14, Demi Lovato ,8,13,152, 2014-01-11
15, Bruno Mars ,16,1,151, 2014-01-11
16, Michael Jackson ,21,13,152, 2014-01-11
17, Avril Lavigne ,17,1,159, 2014-01-11
18, Pentatonix ,25,13,5, 2014-01-11
19, Lady Gaga ,15,1,162, 2014-01-11
20, Lorde ,20,13,14, 2014-01-11
21, Nicki Minaj ,23,13,162, 2014-01-11
22, Wiz Khalifa ,19,13,149, 2014-01-11
23, Pitbull ,24,13,159, 2014-01-11
24, Christina Aguilera ,26,13,64, 2014-01-11
25, Avicii ,22,13,23, 2014-01-11
26, P!nk ,29,1,126, 2014-01-11
27, Little Mix ,27,13,17, 2014-01-11
28, Mariah Carey ,40,1,54, 2014-01-11
29, Ludacris ,120,13,33, 2014-01-11
30, Priyanka Chopra ,28,13,8, 2014-01-11
31, Ke$ha ,37,13,73, 2014-01-11
32, Enrique Iglesias ,34,13,104, 2014-01-11
33, Ellie Goulding ,35,13,18, 2014-01-11
34, Lil Wayne ,30,13,161, 2014-01-11
35, Bob Marley ,31,13,103, 2014-01-11
36, Linkin Park ,38,1,161, 2014-01-11
37, Lana Del Rey ,32,13,46, 2014-01-11
38, Prince Royce ,33,13,12, 2014-01-11
39, Adele ,47,1,145, 2014-01-11
40, Chris Brown ,39,13,146, 2014-01-11
41, Skrillex ,50,13,117, 2014-01-11
42, Jennifer Lopez ,45,13,148, 2014-01-11
43, David Guetta ,44,13,161, 2014-01-11
44, Maroon 5 ,48,1,98, 2014-01-11
45, Drake ,49,13,149, 2014-01-11
46, Imagine Dragons ,120,1,6, 2014-01-11
47, Romeo Santos ,46,13,12, 2014-01-11
48, Kelly Rowland ,36,13,7, 2014-01-11
49, Calvin Harris ,120,13,1, 2014-01-11
50, Jennette McCurdy ,120,13,11, 2014-01-11
1, Justin Bieber ,2,1,161, 2014-01-04
2, Miley Cyrus ,3,1,89, 2014-01-04
3, Beyonce ,1,1,160, 2014-01-04
4, One Direction ,5,1,110, 2014-01-04
5, Katy Perry ,6,1,161, 2014-01-04
6, Ariana Grande ,4,13,57, 2014-01-04
7, Justin Timberlake ,11,1,132, 2014-01-04
8, Demi Lovato ,9,13,151, 2014-01-04
9, Eminem ,7,13,160, 2014-01-04
10, Shakira ,12,13,160, 2014-01-04
11, Taylor Swift ,10,1,161, 2014-01-04
12, Britney Spears ,13,1,158, 2014-01-04
13, Selena Gomez ,16,13,159, 2014-01-04
14, Rihanna ,8,1,161, 2014-01-04
15, Lady Gaga ,19,1,161, 2014-01-04
16, Bruno Mars ,14,1,150, 2014-01-04
17, Avril Lavigne ,18,1,158, 2014-01-04
18, Ashley Tisdale ,120,13,2, 2014-01-04
19, Wiz Khalifa ,21,13,148, 2014-01-04
20, Lorde ,17,13,13, 2014-01-04
21, Michael Jackson ,20,13,151, 2014-01-04
22, Avicii ,22,13,22, 2014-01-04
23, Nicki Minaj ,15,13,161, 2014-01-04
24, Pitbull ,23,13,158, 2014-01-04
25, Pentatonix ,27,13,4, 2014-01-04
26, Christina Aguilera ,33,13,63, 2014-01-04
27, Little Mix ,34,13,16, 2014-01-04
28, Priyanka Chopra ,38,28,7, 2014-01-04
29, P!nk ,29,1,125, 2014-01-04
30, Lil Wayne ,36,13,160, 2014-01-04
31, Bob Marley ,28,13,102, 2014-01-04
32, Lana Del Rey ,26,13,45, 2014-01-04
33, Prince Royce ,31,13,11, 2014-01-04
34, Enrique Iglesias ,25,13,103, 2014-01-04
35, Ellie Goulding ,30,13,17, 2014-01-04
36, Kelly Rowland ,120,13,6, 2014-01-04
37, Ke$ha ,35,13,72, 2014-01-04
38, Linkin Park ,32,1,160, 2014-01-04
39, Chris Brown ,37,8,145, 2014-01-04
40, Mariah Carey ,42,1,53, 2014-01-04
41, 2Pac ,24,13,30, 2014-01-04
42, John Mayer ,120,1,1, 2014-01-04
43, R. Kelly ,45,1,4, 2014-01-04
44, David Guetta ,39,13,160, 2014-01-04
45, Jennifer Lopez ,40,13,147, 2014-01-04
46, Romeo Santos ,44,13,11, 2014-01-04
47, Adele ,43,1,144, 2014-01-04
48, Maroon 5 ,41,1,97, 2014-01-04
49, Drake ,46,14,148, 2014-01-04
50, Skrillex ,47,13,116, 2014-01-04
1, Beyonce ,24,1,159, 2013-12-28
2, Justin Bieber ,3,1,160, 2013-12-28
3, Miley Cyrus ,1,1,88, 2013-12-28
4, Ariana Grande ,2,13,56, 2013-12-28
5, One Direction ,7,13,109, 2013-12-28
6, Katy Perry ,8,1,160, 2013-12-28
7, Eminem ,4,13,159, 2013-12-28
8, Rihanna ,10,1,160, 2013-12-28
9, Demi Lovato ,13,13,150, 2013-12-28
10, Taylor Swift ,34,1,160, 2013-12-28
11, Justin Timberlake ,15,1,131, 2013-12-28
12, Shakira ,12,13,159, 2013-12-28
13, Britney Spears ,14,1,157, 2013-12-28
14, Bruno Mars ,20,1,149, 2013-12-28
15, Nicki Minaj ,9,13,160, 2013-12-28
16, Selena Gomez ,17,13,158, 2013-12-28
17, Lorde ,19,13,12, 2013-12-28
18, Avril Lavigne ,21,1,157, 2013-12-28
19, Lady Gaga ,22,1,160, 2013-12-28
20, Michael Jackson ,18,13,150, 2013-12-28
21, Wiz Khalifa ,25,13,147, 2013-12-28
22, Avicii ,30,13,21, 2013-12-28
23, Pitbull ,120,13,157, 2013-12-28
24, 2Pac ,33,13,29, 2013-12-28
25, Enrique Iglesias ,29,13,102, 2013-12-28
26, Lana Del Rey ,26,13,44, 2013-12-28
27, Pentatonix ,16,13,3, 2013-12-28
28, Bob Marley ,23,13,101, 2013-12-28
29, P!nk ,28,1,124, 2013-12-28
30, Ellie Goulding ,36,13,16, 2013-12-28
31, Prince Royce ,27,13,10, 2013-12-28
32, Linkin Park ,31,1,159, 2013-12-28
33, Christina Aguilera ,32,13,62, 2013-12-28
34, Little Mix ,11,13,15, 2013-12-28
35, Ke$ha ,43,13,71, 2013-12-28
36, Lil Wayne ,35,13,159, 2013-12-28
37, Chris Brown ,38,13,144, 2013-12-28
38, Priyanka Chopra ,37,13,6, 2013-12-28
39, David Guetta ,41,13,159, 2013-12-28
40, Jennifer Lopez ,42,13,146, 2013-12-28
41, Maroon 5 ,45,1,96, 2013-12-28
42, Mariah Carey ,120,1,52, 2013-12-28
43, Adele ,47,1,143, 2013-12-28
44, Romeo Santos ,6,13,10, 2013-12-28
45, R. Kelly ,48,1,3, 2013-12-28
46, Drake ,44,13,147, 2013-12-28
47, Skrillex ,46,13,115, 2013-12-28
48, Metallica ,120,1,33, 2013-12-28
49, Imagine Dragons ,49,1,5, 2013-12-28
50, Usher ,39,13,135, 2013-12-28
1, Miley Cyrus ,1,1,87, 2013-12-21
2, Ariana Grande ,3,13,55, 2013-12-21
3, Justin Bieber ,7,1,159, 2013-12-21
4, Eminem ,2,13,158, 2013-12-21
5, Ludacris ,8,13,32, 2013-12-21
6, Romeo Santos ,41,13,9, 2013-12-21
7, One Direction ,5,13,108, 2013-12-21
8, Katy Perry ,6,1,159, 2013-12-21
9, Nicki Minaj ,11,13,159, 2013-12-21
10, Rihanna ,4,1,159, 2013-12-21
11, Little Mix ,30,13,14, 2013-12-21
12, Shakira ,9,13,158, 2013-12-21
13, Demi Lovato ,14,13,149, 2013-12-21
14, Britney Spears ,15,1,156, 2013-12-21
15, Justin Timberlake ,10,1,130, 2013-12-21
16, Pentatonix ,24,13,2, 2013-12-21
17, Selena Gomez ,13,13,157, 2013-12-21
18, Michael Jackson ,21,13,149, 2013-12-21
19, Lorde ,19,13,11, 2013-12-21
20, Bruno Mars ,16,1,148, 2013-12-21
21, Avril Lavigne ,17,1,156, 2013-12-21
22, Lady Gaga ,12,1,159, 2013-12-21
23, Bob Marley ,26,13,100, 2013-12-21
24, Beyonce ,37,1,158, 2013-12-21
25, Wiz Khalifa ,18,13,146, 2013-12-21
26, Lana Del Rey ,39,13,43, 2013-12-21
27, Prince Royce ,33,13,9, 2013-12-21
28, P!nk ,29,1,123, 2013-12-21
29, Enrique Iglesias ,28,13,101, 2013-12-21
30, Avicii ,22,13,20, 2013-12-21
31, Linkin Park ,25,1,158, 2013-12-21
32, Christina Aguilera ,27,13,61, 2013-12-21
33, 2Pac ,31,13,28, 2013-12-21
34, Taylor Swift ,20,1,159, 2013-12-21
35, Lil Wayne ,34,13,158, 2013-12-21
36, Ellie Goulding ,35,13,15, 2013-12-21
37, Priyanka Chopra ,36,13,5, 2013-12-21
38, Chris Brown ,38,13,143, 2013-12-21
39, Usher ,120,13,134, 2013-12-21
40, Marc Anthony ,46,13,9, 2013-12-21
41, David Guetta ,42,13,158, 2013-12-21
42, Jennifer Lopez ,23,13,145, 2013-12-21
43, Ke$ha ,40,13,70, 2013-12-21
44, Drake ,32,13,146, 2013-12-21
45, Maroon 5 ,45,1,95, 2013-12-21
46, Skrillex ,47,13,114, 2013-12-21
47, Adele ,120,1,142, 2013-12-21
48, R. Kelly ,50,1,2, 2013-12-21
49, Imagine Dragons ,43,1,4, 2013-12-21
50, Jesse & Joy ,120,13,4, 2013-12-21
1, Miley Cyrus ,1,1,86, 2013-12-14
2, Eminem ,2,13,157, 2013-12-14
3, Ariana Grande ,9,13,54, 2013-12-14
4, Rihanna ,5,1,158, 2013-12-14
5, One Direction ,4,13,107, 2013-12-14
6, Katy Perry ,3,1,158, 2013-12-14
7, Justin Bieber ,6,1,158, 2013-12-14
8, Ludacris ,120,13,31, 2013-12-14
9, Shakira ,7,13,157, 2013-12-14
10, Justin Timberlake ,10,1,129, 2013-12-14
11, Nicki Minaj ,15,13,158, 2013-12-14
12, Lady Gaga ,13,1,158, 2013-12-14
13, Selena Gomez ,18,13,156, 2013-12-14
14, Demi Lovato ,8,13,148, 2013-12-14
15, Britney Spears ,11,1,155, 2013-12-14
16, Bruno Mars ,12,1,147, 2013-12-14
17, Avril Lavigne ,17,1,155, 2013-12-14
18, Wiz Khalifa ,32,13,145, 2013-12-14
19, Lorde ,14,13,10, 2013-12-14
20, Taylor Swift ,21,1,158, 2013-12-14
21, Michael Jackson ,20,13,148, 2013-12-14
22, Avicii ,24,13,19, 2013-12-14
23, Jennifer Lopez ,25,13,144, 2013-12-14
24, Pentatonix ,120,13,1, 2013-12-14
25, Linkin Park ,28,1,157, 2013-12-14
26, Bob Marley ,19,13,99, 2013-12-14
27, Christina Aguilera ,29,13,60, 2013-12-14
28, Enrique Iglesias ,23,13,100, 2013-12-14
29, P!nk ,27,1,122, 2013-12-14
30, Little Mix ,22,13,13, 2013-12-14
31, 2Pac ,39,13,27, 2013-12-14
32, Drake ,41,13,145, 2013-12-14
33, Prince Royce ,30,13,8, 2013-12-14
34, Lil Wayne ,33,13,157, 2013-12-14
35, Ellie Goulding ,26,13,14, 2013-12-14
36, Priyanka Chopra ,36,13,4, 2013-12-14
37, Beyonce ,16,1,157, 2013-12-14
38, Chris Brown ,34,13,142, 2013-12-14
39, Lana Del Rey ,31,13,42, 2013-12-14
40, Ke$ha ,46,13,69, 2013-12-14
41, Romeo Santos ,38,13,8, 2013-12-14
42, David Guetta ,40,13,157, 2013-12-14
43, Imagine Dragons ,48,1,3, 2013-12-14
44, Pitbull ,42,13,156, 2013-12-14
45, Maroon 5 ,35,1,94, 2013-12-14
46, Marc Anthony ,44,13,8, 2013-12-14
47, Skrillex ,43,13,113, 2013-12-14
48, The Beatles ,49,13,64, 2013-12-14
49, Miranda Lambert ,120,13,3, 2013-12-14
50, R. Kelly ,120,1,1, 2013-12-14
1, Miley Cyrus ,1,1,85, 2013-12-07
2, Eminem ,2,13,156, 2013-12-07
3, Katy Perry ,3,1,157, 2013-12-07
4, One Direction ,8,13,106, 2013-12-07
5, Rihanna ,5,1,157, 2013-12-07
6, Justin Bieber ,4,1,157, 2013-12-07
7, Shakira ,16,13,156, 2013-12-07
8, Demi Lovato ,12,13,147, 2013-12-07
9, Ariana Grande ,7,13,53, 2013-12-07
10, Justin Timberlake ,9,1,128, 2013-12-07
11, Britney Spears ,10,1,154, 2013-12-07
12, Bruno Mars ,14,1,146, 2013-12-07
13, Lady Gaga ,6,1,157, 2013-12-07
14, Lorde ,13,13,9, 2013-12-07
15, Nicki Minaj ,18,13,157, 2013-12-07
16, Beyonce ,41,1,156, 2013-12-07
17, Avril Lavigne ,17,1,154, 2013-12-07
18, Selena Gomez ,11,13,155, 2013-12-07
19, Bob Marley ,27,13,98, 2013-12-07
20, Michael Jackson ,25,13,147, 2013-12-07
21, Taylor Swift ,15,1,157, 2013-12-07
22, Little Mix ,19,13,12, 2013-12-07
23, Enrique Iglesias ,30,13,99, 2013-12-07
24, Avicii ,24,13,18, 2013-12-07
25, Jennifer Lopez ,26,13,143, 2013-12-07
26, Ellie Goulding ,23,13,13, 2013-12-07
27, P!nk ,21,1,121, 2013-12-07
28, Linkin Park ,31,1,156, 2013-12-07
29, Christina Aguilera ,29,13,59, 2013-12-07
30, Prince Royce ,28,13,7, 2013-12-07
31, Lana Del Rey ,22,13,41, 2013-12-07
32, Wiz Khalifa ,32,13,144, 2013-12-07
33, Lil Wayne ,34,13,156, 2013-12-07
34, Chris Brown ,37,13,141, 2013-12-07
35, Maroon 5 ,44,1,93, 2013-12-07
36, Priyanka Chopra ,42,13,3, 2013-12-07
37, Adele ,38,1,141, 2013-12-07
38, Romeo Santos ,35,13,7, 2013-12-07
39, 2Pac ,43,13,26, 2013-12-07
40, David Guetta ,36,13,156, 2013-12-07
41, Drake ,120,13,144, 2013-12-07
42, Pitbull ,45,13,155, 2013-12-07
43, Skrillex ,40,13,112, 2013-12-07
44, Marc Anthony ,48,13,7, 2013-12-07
45, Kelly Clarkson ,120,1,34, 2013-12-07
46, Ke$ha ,120,13,68, 2013-12-07
47, Future ,46,13,6, 2013-12-07
48, Imagine Dragons ,39,1,2, 2013-12-07
49, The Beatles ,50,13,63, 2013-12-07
50, Mariah Carey ,33,1,51, 2013-12-07
1, Miley Cyrus ,1,1,84, 2013-11-30
2, Eminem ,2,13,155, 2013-11-30
3, Katy Perry ,3,1,156, 2013-11-30
4, Justin Bieber ,4,1,156, 2013-11-30
5, Rihanna ,9,1,156, 2013-11-30
6, Lady Gaga ,22,1,156, 2013-11-30
7, Ariana Grande ,7,13,52, 2013-11-30
8, One Direction ,5,1,105, 2013-11-30
9, Justin Timberlake ,8,1,127, 2013-11-30
10, Britney Spears ,10,1,153, 2013-11-30
11, Selena Gomez ,13,13,154, 2013-11-30
12, Demi Lovato ,6,13,146, 2013-11-30
13, Lorde ,11,13,8, 2013-11-30
14, Bruno Mars ,17,1,145, 2013-11-30
15, Taylor Swift ,12,1,156, 2013-11-30
16, Shakira ,15,13,155, 2013-11-30
17, Avril Lavigne ,20,1,153, 2013-11-30
18, Nicki Minaj ,14,13,156, 2013-11-30
19, Little Mix ,18,13,11, 2013-11-30
20, La Arrolladora Banda el Limon de Rene Camacho ,120,6,1, 2013-11-30
21, P!nk ,19,1,120, 2013-11-30
22, Lana Del Rey ,26,13,40, 2013-11-30
23, Ellie Goulding ,32,13,12, 2013-11-30
24, Avicii ,23,13,17, 2013-11-30
25, Michael Jackson ,31,13,146, 2013-11-30
26, Jennifer Lopez ,16,13,142, 2013-11-30
27, Bob Marley ,27,13,97, 2013-11-30
28, Prince Royce ,39,13,6, 2013-11-30
29, Christina Aguilera ,21,13,58, 2013-11-30
30, Enrique Iglesias ,25,13,98, 2013-11-30
31, Linkin Park ,37,1,155, 2013-11-30
32, Wiz Khalifa ,33,13,143, 2013-11-30
33, Mariah Carey ,24,1,50, 2013-11-30
34, Lil Wayne ,34,13,155, 2013-11-30
35, Romeo Santos ,36,13,6, 2013-11-30
36, David Guetta ,35,13,155, 2013-11-30
37, Chris Brown ,41,8,140, 2013-11-30
38, Adele ,120,1,140, 2013-11-30
39, Imagine Dragons ,120,1,1, 2013-11-30
40, Skrillex ,43,13,111, 2013-11-30
41, Beyonce ,30,7,155, 2013-11-30
42, Priyanka Chopra ,38,38,2, 2013-11-30
43, 2Pac ,40,13,25, 2013-11-30
44, Maroon 5 ,48,1,92, 2013-11-30
45, Pitbull ,29,13,154, 2013-11-30
46, Future ,44,13,5, 2013-11-30
47, Jennette McCurdy ,120,13,10, 2013-11-30
48, Marc Anthony ,45,13,6, 2013-11-30
49, Tyrese ,28,13,3, 2013-11-30
50, The Beatles ,120,13,62, 2013-11-30
1, Miley Cyrus ,1,1,83, 2013-11-23
2, Eminem ,4,13,154, 2013-11-23
3, Katy Perry ,2,1,155, 2013-11-23
4, Justin Bieber ,3,1,155, 2013-11-23
5, One Direction ,6,13,104, 2013-11-23
6, Demi Lovato ,5,13,145, 2013-11-23
7, Ariana Grande ,7,13,51, 2013-11-23
8, Justin Timberlake ,10,1,126, 2013-11-23
9, Rihanna ,13,1,155, 2013-11-23
10, Britney Spears ,9,1,152, 2013-11-23
11, Lorde ,20,13,7, 2013-11-23
12, Taylor Swift ,12,1,155, 2013-11-23
13, Selena Gomez ,15,13,153, 2013-11-23
14, Nicki Minaj ,8,13,155, 2013-11-23
15, Shakira ,11,13,154, 2013-11-23
16, Jennifer Lopez ,18,13,141, 2013-11-23
17, Bruno Mars ,16,1,144, 2013-11-23
18, Little Mix ,21,13,10, 2013-11-23
19, P!nk ,14,1,119, 2013-11-23
20, Avril Lavigne ,26,1,152, 2013-11-23
21, Christina Aguilera ,28,13,57, 2013-11-23
22, Lady Gaga ,25,1,155, 2013-11-23
23, Avicii ,19,13,16, 2013-11-23
24, Mariah Carey ,24,1,49, 2013-11-23
25, Enrique Iglesias ,23,13,97, 2013-11-23
26, Lana Del Rey ,42,13,39, 2013-11-23
27, Bob Marley ,37,13,96, 2013-11-23
28, Tyrese ,120,13,2, 2013-11-23
29, Pitbull ,27,13,153, 2013-11-23
30, Beyonce ,29,1,154, 2013-11-23
31, Michael Jackson ,35,13,145, 2013-11-23
32, Ellie Goulding ,31,13,11, 2013-11-23
33, Wiz Khalifa ,30,13,142, 2013-11-23
34, Lil Wayne ,39,13,154, 2013-11-23
35, David Guetta ,43,13,154, 2013-11-23
36, Romeo Santos ,34,13,5, 2013-11-23
37, Linkin Park ,38,1,154, 2013-11-23
38, Priyanka Chopra ,120,13,1, 2013-11-23
39, Prince Royce ,47,13,5, 2013-11-23
40, 2Pac ,41,13,24, 2013-11-23
41, Chris Brown ,36,13,139, 2013-11-23
42, Celine Dion ,120,31,4, 2013-11-23
43, Skrillex ,40,13,110, 2013-11-23
44, Future ,22,13,4, 2013-11-23
45, Marc Anthony ,33,13,5, 2013-11-23
46, Alicia Keys ,44,1,99, 2013-11-23
47, Drake ,49,13,143, 2013-11-23
48, Maroon 5 ,120,1,91, 2013-11-23
49, Blake Shelton ,120,13,2, 2013-11-23
50, Miranda Lambert ,120,13,2, 2013-11-23
1, Miley Cyrus ,2,1,82, 2013-11-16
2, Katy Perry ,1,1,154, 2013-11-16
3, Justin Bieber ,6,1,154, 2013-11-16
4, Eminem ,11,13,153, 2013-11-16
5, Demi Lovato ,3,13,144, 2013-11-16
6, One Direction ,8,13,103, 2013-11-16
7, Ariana Grande ,7,13,50, 2013-11-16
8, Nicki Minaj ,9,13,154, 2013-11-16
9, Britney Spears ,4,1,151, 2013-11-16
10, Justin Timberlake ,10,1,125, 2013-11-16
11, Shakira ,18,13,153, 2013-11-16
12, Taylor Swift ,30,1,154, 2013-11-16
13, Rihanna ,5,1,154, 2013-11-16
14, P!nk ,29,1,118, 2013-11-16
15, Selena Gomez ,21,13,152, 2013-11-16
16, Bruno Mars ,15,1,143, 2013-11-16
17, Lou Reed ,120,17,1, 2013-11-16
18, Jennifer Lopez ,25,13,140, 2013-11-16
19, Avicii ,12,13,15, 2013-11-16
20, Lorde ,20,13,6, 2013-11-16
21, Little Mix ,22,13,9, 2013-11-16
22, Future ,39,13,3, 2013-11-16
23, Enrique Iglesias ,26,13,96, 2013-11-16
24, Mariah Carey ,120,1,48, 2013-11-16
25, Lady Gaga ,16,1,154, 2013-11-16
26, Avril Lavigne ,24,1,151, 2013-11-16
27, Pitbull ,33,13,152, 2013-11-16
28, Christina Aguilera ,36,13,56, 2013-11-16
29, Beyonce ,13,1,153, 2013-11-16
30, Wiz Khalifa ,14,13,141, 2013-11-16
31, Ellie Goulding ,28,13,10, 2013-11-16
32, Austin Mahone ,48,13,33, 2013-11-16
33, Marc Anthony ,42,13,4, 2013-11-16
34, Romeo Santos ,35,13,4, 2013-11-16
35, Michael Jackson ,23,13,144, 2013-11-16
36, Chris Brown ,34,13,138, 2013-11-16
37, Bob Marley ,19,13,95, 2013-11-16
38, Linkin Park ,37,1,153, 2013-11-16
39, Lil Wayne ,38,13,153, 2013-11-16
40, Skrillex ,44,13,109, 2013-11-16
41, 2Pac ,120,13,23, 2013-11-16
42, Lana Del Rey ,41,13,38, 2013-11-16
43, David Guetta ,45,13,153, 2013-11-16
44, Alicia Keys ,120,1,98, 2013-11-16
45, Snoop Dogg ,46,13,138, 2013-11-16
46, Ciara ,120,13,9, 2013-11-16
47, Prince Royce ,27,13,4, 2013-11-16
48, A$AP Rocky ,120,13,1, 2013-11-16
49, Drake ,31,13,142, 2013-11-16
50, Ke$ha ,40,13,67, 2013-11-16
1, Katy Perry ,2,1,154, 2013-11-09
2, Miley Cyrus ,1,13,82, 2013-11-09
3, Demi Lovato ,7,13,144, 2013-11-09
4, Britney Spears ,6,13,151, 2013-11-09
5, Rihanna ,9,5,154, 2013-11-09
6, Justin Bieber ,11,13,154, 2013-11-09
7, Ariana Grande ,4,13,50, 2013-11-09
8, One Direction ,14,1,103, 2013-11-09
9, Nicki Minaj ,5,9,154, 2013-11-09
10, Justin Timberlake ,10,13,125, 2013-11-09
11, Eminem ,3,11,153, 2013-11-09
12, Avicii ,16,12,15, 2013-11-09
13, Beyonce ,26,1,153, 2013-11-09
14, Wiz Khalifa ,15,14,141, 2013-11-09
15, Bruno Mars ,8,13,143, 2013-11-09
16, Lady Gaga ,12,13,154, 2013-11-09
17, Aloe Blacc ,120,17,1, 2013-11-09
18, Shakira ,39,18,153, 2013-11-09
19, Bob Marley ,22,19,95, 2013-11-09
20, Lorde ,20,20,6, 2013-11-09
21, Selena Gomez ,19,13,152, 2013-11-09
22, Little Mix ,31,6,9, 2013-11-09
23, Michael Jackson ,27,23,144, 2013-11-09
24, Avril Lavigne ,13,13,151, 2013-11-09
25, Jennifer Lopez ,21,13,140, 2013-11-09
26, Enrique Iglesias ,120,13,96, 2013-11-09
27, Prince Royce ,23,27,4, 2013-11-09
28, Ellie Goulding ,24,28,10, 2013-11-09
29, P!nk ,25,29,118, 2013-11-09
30, Taylor Swift ,18,13,154, 2013-11-09
31, Drake ,48,12,142, 2013-11-09
32, Kelly Clarkson ,120,32,33, 2013-11-09
33, Pitbull ,43,33,152, 2013-11-09
34, Chris Brown ,28,5,138, 2013-11-09
35, Romeo Santos ,30,35,4, 2013-11-09
36, Christina Aguilera ,37,36,56, 2013-11-09
37, Linkin Park ,35,37,153, 2013-11-09
38, Lil Wayne ,29,38,153, 2013-11-09
39, Future ,38,39,3, 2013-11-09
40, Ke$ha ,33,40,67, 2013-11-09
41, Lana Del Rey ,45,13,38, 2013-11-09
42, Marc Anthony ,120,42,4, 2013-11-09
43, Maroon 5 ,120,13,90, 2013-11-09
44, Skrillex ,44,44,109, 2013-11-09
45, David Guetta ,120,45,153, 2013-11-09
46, Snoop Dogg ,42,46,138, 2013-11-09
47, Tyrese ,120,47,1, 2013-11-09
48, Austin Mahone ,17,13,33, 2013-11-09
49, Hardwell ,40,49,2, 2013-11-09
50, will.i.am ,120,50,40, 2013-11-09
1, Miley Cyrus ,1,1,80, 2013-11-02
2, Katy Perry ,3,1,152, 2013-11-02
3, Eminem ,12,13,151, 2013-11-02
4, Ariana Grande ,8,13,48, 2013-11-02
5, Nicki Minaj ,15,13,152, 2013-11-02
6, Britney Spears ,2,1,149, 2013-11-02
7, Demi Lovato ,6,13,142, 2013-11-02
8, Bruno Mars ,7,1,141, 2013-11-02
9, Rihanna ,5,1,152, 2013-11-02
10, Justin Timberlake ,11,1,123, 2013-11-02
11, Justin Bieber ,10,1,152, 2013-11-02
12, Lady Gaga ,32,1,152, 2013-11-02
13, Avril Lavigne ,35,1,149, 2013-11-02
14, One Direction ,9,13,101, 2013-11-02
15, Wiz Khalifa ,14,13,139, 2013-11-02
16, Avicii ,13,13,13, 2013-11-02
17, Austin Mahone ,23,13,31, 2013-11-02
18, Taylor Swift ,4,1,152, 2013-11-02
19, Selena Gomez ,25,13,150, 2013-11-02
20, Lorde ,20,13,4, 2013-11-02
21, Jennifer Lopez ,26,13,138, 2013-11-02
22, Bob Marley ,24,13,93, 2013-11-02
23, Prince Royce ,16,13,2, 2013-11-02
24, Ellie Goulding ,21,13,8, 2013-11-02
25, P!nk ,28,1,116, 2013-11-02
26, Beyonce ,18,1,151, 2013-11-02
27, Michael Jackson ,33,13,142, 2013-11-02
28, Chris Brown ,27,13,136, 2013-11-02
29, Lil Wayne ,29,13,151, 2013-11-02
30, Romeo Santos ,17,13,2, 2013-11-02
31, Little Mix ,46,13,7, 2013-11-02
32, Aline Barros ,120,13,1, 2013-11-02
33, Ke$ha ,120,13,65, 2013-11-02
34, Victoria Justice ,30,13,7, 2013-11-02
35, Linkin Park ,37,1,151, 2013-11-02
36, Usher ,38,13,133, 2013-11-02
37, Christina Aguilera ,36,13,54, 2013-11-02
38, Future ,120,13,1, 2013-11-02
39, Shakira ,19,13,151, 2013-11-02
40, Hardwell ,120,13,1, 2013-11-02
41, Madonna ,120,13,21, 2013-11-02
42, Snoop Dogg ,42,13,136, 2013-11-02
43, Pitbull ,22,13,150, 2013-11-02
44, Skrillex ,43,13,107, 2013-11-02
45, Lana Del Rey ,40,13,36, 2013-11-02
46, Celine Dion ,47,31,3, 2013-11-02
47, Inna ,120,45,3, 2013-11-02
48, Drake ,41,13,140, 2013-11-02
49, Kelly Rowland ,45,13,5, 2013-11-02
50, Metallica ,49,1,32, 2013-11-02
1, Miley Cyrus ,1,1,79, 2013-10-26
2, Britney Spears ,5,1,148, 2013-10-26
3, Katy Perry ,2,1,151, 2013-10-26
4, Taylor Swift ,11,1,151, 2013-10-26
5, Rihanna ,7,1,151, 2013-10-26
6, Demi Lovato ,8,13,141, 2013-10-26
7, Bruno Mars ,17,1,140, 2013-10-26
8, Ariana Grande ,6,13,47, 2013-10-26
9, One Direction ,10,13,100, 2013-10-26
10, Justin Bieber ,9,1,151, 2013-10-26
11, Justin Timberlake ,4,1,122, 2013-10-26
12, Eminem ,16,13,150, 2013-10-26
13, Avicii ,20,13,12, 2013-10-26
14, Wiz Khalifa ,32,13,138, 2013-10-26
15, Nicki Minaj ,19,13,151, 2013-10-26
16, Prince Royce ,120,13,1, 2013-10-26
17, Romeo Santos ,120,13,1, 2013-10-26
18, Beyonce ,3,1,150, 2013-10-26
19, Shakira ,14,13,150, 2013-10-26
20, Lorde ,13,13,3, 2013-10-26
21, Ellie Goulding ,33,13,7, 2013-10-26
22, Pitbull ,28,13,149, 2013-10-26
23, Austin Mahone ,25,13,30, 2013-10-26
24, Bob Marley ,12,13,92, 2013-10-26
25, Selena Gomez ,15,13,149, 2013-10-26
26, Jennifer Lopez ,18,13,137, 2013-10-26
27, Chris Brown ,35,13,135, 2013-10-26
28, P!nk ,23,1,115, 2013-10-26
29, Lil Wayne ,27,13,150, 2013-10-26
30, Victoria Justice ,50,13,6, 2013-10-26
31, Enrique Iglesias ,31,13,94, 2013-10-26
32, Lady Gaga ,34,1,151, 2013-10-26
33, Michael Jackson ,22,13,141, 2013-10-26
34, Mariah Carey ,40,1,47, 2013-10-26
35, Avril Lavigne ,24,1,148, 2013-10-26
36, Christina Aguilera ,21,13,53, 2013-10-26
37, Linkin Park ,29,1,150, 2013-10-26
38, Usher ,36,13,132, 2013-10-26
39, David Guetta ,30,13,151, 2013-10-26
40, Lana Del Rey ,37,13,35, 2013-10-26
41, Drake ,26,13,139, 2013-10-26
42, Snoop Dogg ,44,13,135, 2013-10-26
43, Skrillex ,41,13,106, 2013-10-26
44, Alicia Keys ,46,1,97, 2013-10-26
45, Kelly Rowland ,43,13,4, 2013-10-26
46, Little Mix ,45,13,6, 2013-10-26
47, Celine Dion ,120,31,2, 2013-10-26
48, Jennette McCurdy ,120,13,9, 2013-10-26
49, Metallica ,42,1,31, 2013-10-26
50, Maroon 5 ,120,1,89, 2013-10-26
1, Miley Cyrus ,1,1,78, 2013-10-19
2, Katy Perry ,2,1,150, 2013-10-19
3, Beyonce ,18,1,149, 2013-10-19
4, Justin Timberlake ,3,1,121, 2013-10-19
5, Britney Spears ,5,1,147, 2013-10-19
6, Ariana Grande ,12,13,46, 2013-10-19
7, Rihanna ,8,1,150, 2013-10-19
8, Demi Lovato ,14,13,140, 2013-10-19
9, Justin Bieber ,6,1,150, 2013-10-19
10, One Direction ,7,13,99, 2013-10-19
11, Taylor Swift ,4,1,150, 2013-10-19
12, Bob Marley ,11,13,91, 2013-10-19
13, Lorde ,41,13,2, 2013-10-19
14, Shakira ,9,13,149, 2013-10-19
15, Selena Gomez ,15,13,148, 2013-10-19
16, Eminem ,23,13,149, 2013-10-19
17, Bruno Mars ,16,1,139, 2013-10-19
18, Jennifer Lopez ,22,13,136, 2013-10-19
19, Nicki Minaj ,17,13,150, 2013-10-19
20, Avicii ,19,13,11, 2013-10-19
21, Christina Aguilera ,25,13,52, 2013-10-19
22, Michael Jackson ,24,13,140, 2013-10-19
23, P!nk ,29,1,114, 2013-10-19
24, Avril Lavigne ,21,1,147, 2013-10-19
25, Austin Mahone ,120,13,29, 2013-10-19
26, Drake ,13,13,138, 2013-10-19
27, Lil Wayne ,27,13,149, 2013-10-19
28, Pitbull ,20,13,148, 2013-10-19
29, Linkin Park ,39,1,149, 2013-10-19
30, David Guetta ,31,13,150, 2013-10-19
31, Enrique Iglesias ,35,13,93, 2013-10-19
32, Wiz Khalifa ,26,13,137, 2013-10-19
33, Ellie Goulding ,50,13,6, 2013-10-19
34, Lady Gaga ,30,1,150, 2013-10-19
35, Chris Brown ,120,13,134, 2013-10-19
36, Usher ,45,13,131, 2013-10-19
37, Lana Del Rey ,36,13,34, 2013-10-19
38, 2Pac ,10,13,22, 2013-10-19
39, Tori Kelly ,120,13,1, 2013-10-19
40, Mariah Carey ,34,1,46, 2013-10-19
41, Skrillex ,120,13,105, 2013-10-19
42, Metallica ,40,1,30, 2013-10-19
43, Kelly Rowland ,44,13,3, 2013-10-19
44, Snoop Dogg ,49,13,134, 2013-10-19
45, Little Mix ,120,13,5, 2013-10-19
46, Alicia Keys ,28,1,96, 2013-10-19
47, Ke$ha ,120,13,64, 2013-10-19
48, The Black Eyed Peas ,46,1,142, 2013-10-19
49, Meek Mill ,120,13,3, 2013-10-19
50, Victoria Justice ,48,13,5, 2013-10-19
1, Miley Cyrus ,1,1,77, 2013-10-12
2, Katy Perry ,3,1,149, 2013-10-12
3, Justin Timberlake ,2,1,120, 2013-10-12
4, Taylor Swift ,6,1,149, 2013-10-12
5, Britney Spears ,7,1,146, 2013-10-12
6, Justin Bieber ,4,1,149, 2013-10-12
7, One Direction ,5,13,98, 2013-10-12
8, Rihanna ,9,1,149, 2013-10-12
9, Shakira ,13,13,148, 2013-10-12
10, 2Pac ,43,13,21, 2013-10-12
11, Bob Marley ,8,13,90, 2013-10-12
12, Ariana Grande ,14,13,45, 2013-10-12
13, Drake ,30,13,137, 2013-10-12
14, Demi Lovato ,12,13,139, 2013-10-12
15, Selena Gomez ,15,13,147, 2013-10-12
16, Bruno Mars ,11,1,138, 2013-10-12
17, Nicki Minaj ,24,13,149, 2013-10-12
18, Beyonce ,10,1,148, 2013-10-12
19, Avicii ,17,13,10, 2013-10-12
20, Pitbull ,20,13,147, 2013-10-12
21, Avril Lavigne ,26,1,146, 2013-10-12
22, Jennifer Lopez ,19,13,135, 2013-10-12
23, Eminem ,16,13,148, 2013-10-12
24, Michael Jackson ,23,13,139, 2013-10-12
25, Christina Aguilera ,29,13,51, 2013-10-12
26, Wiz Khalifa ,37,13,136, 2013-10-12
27, Lil Wayne ,21,13,148, 2013-10-12
28, Alicia Keys ,22,1,95, 2013-10-12
29, P!nk ,18,1,113, 2013-10-12
30, Lady Gaga ,28,1,149, 2013-10-12
31, David Guetta ,25,13,149, 2013-10-12
32, Macklemore & Ryan Lewis ,27,13,37, 2013-10-12
33, Jessie J ,120,21,25, 2013-10-12
34, Mariah Carey ,33,1,45, 2013-10-12
35, Enrique Iglesias ,31,13,92, 2013-10-12
36, Lana Del Rey ,35,13,33, 2013-10-12
37, will.i.am ,36,13,39, 2013-10-12
38, Adele ,32,1,139, 2013-10-12
39, Linkin Park ,34,1,148, 2013-10-12
40, Metallica ,40,1,29, 2013-10-12
41, Lorde ,120,13,1, 2013-10-12
42, Marc Anthony ,41,13,2, 2013-10-12
43, Ciara ,44,13,8, 2013-10-12
44, Kelly Rowland ,38,13,2, 2013-10-12
45, Usher ,45,13,130, 2013-10-12
46, The Black Eyed Peas ,42,1,141, 2013-10-12
47, Maroon 5 ,39,1,88, 2013-10-12
48, Victoria Justice ,120,13,4, 2013-10-12
49, Snoop Dogg ,47,13,133, 2013-10-12
50, Ellie Goulding ,49,13,5, 2013-10-12
1, Miley Cyrus ,1,1,76, 2013-10-05
2, Justin Timberlake ,4,1,119, 2013-10-05
3, Katy Perry ,2,1,148, 2013-10-05
4, Justin Bieber ,5,1,148, 2013-10-05
5, One Direction ,3,13,97, 2013-10-05
6, Taylor Swift ,6,1,148, 2013-10-05
7, Britney Spears ,9,1,145, 2013-10-05
8, Bob Marley ,37,13,89, 2013-10-05
9, Rihanna ,12,1,148, 2013-10-05
10, Beyonce ,11,1,147, 2013-10-05
11, Bruno Mars ,17,1,137, 2013-10-05
12, Demi Lovato ,10,13,138, 2013-10-05
13, Shakira ,14,13,147, 2013-10-05
14, Ariana Grande ,8,13,44, 2013-10-05
15, Selena Gomez ,13,13,146, 2013-10-05
16, Eminem ,7,13,147, 2013-10-05
17, Avicii ,26,13,9, 2013-10-05
18, P!nk ,20,1,112, 2013-10-05
19, Jennifer Lopez ,16,13,134, 2013-10-05
20, Pitbull ,18,13,146, 2013-10-05
21, Lil Wayne ,19,13,147, 2013-10-05
22, Alicia Keys ,22,1,94, 2013-10-05
23, Michael Jackson ,24,13,138, 2013-10-05
24, Nicki Minaj ,15,13,148, 2013-10-05
25, David Guetta ,21,13,148, 2013-10-05
26, Avril Lavigne ,28,1,145, 2013-10-05
27, Macklemore & Ryan Lewis ,23,13,36, 2013-10-05
28, Lady Gaga ,25,1,148, 2013-10-05
29, Christina Aguilera ,27,13,50, 2013-10-05
30, Drake ,32,13,136, 2013-10-05
31, Enrique Iglesias ,36,13,91, 2013-10-05
32, Adele ,29,1,138, 2013-10-05
33, Mariah Carey ,33,1,44, 2013-10-05
34, Linkin Park ,43,1,147, 2013-10-05
35, Lana Del Rey ,38,13,32, 2013-10-05
36, will.i.am ,39,13,38, 2013-10-05
37, Wiz Khalifa ,30,13,135, 2013-10-05
38, Kelly Rowland ,120,13,1, 2013-10-05
39, Maroon 5 ,46,1,87, 2013-10-05
40, Metallica ,120,1,28, 2013-10-05
41, Marc Anthony ,120,13,1, 2013-10-05
42, The Black Eyed Peas ,42,1,140, 2013-10-05
43, 2Pac ,31,13,20, 2013-10-05
44, Ciara ,40,13,7, 2013-10-05
45, Usher ,120,13,129, 2013-10-05
46, The Beatles ,120,13,61, 2013-10-05
47, Snoop Dogg ,35,13,132, 2013-10-05
48, Pink Floyd ,41,1,20, 2013-10-05
49, Ellie Goulding ,47,13,4, 2013-10-05
50, Marco Antonio Solis ,120,42,1, 2013-10-05
1, Miley Cyrus ,8,1,75, 2013-09-28
2, Katy Perry ,1,1,147, 2013-09-28
3, One Direction ,2,13,96, 2013-09-28
4, Justin Timberlake ,6,1,118, 2013-09-28
5, Justin Bieber ,13,1,147, 2013-09-28
6, Taylor Swift ,4,1,147, 2013-09-28
7, Eminem ,3,13,146, 2013-09-28
8, Ariana Grande ,7,13,43, 2013-09-28
9, Britney Spears ,11,1,144, 2013-09-28
10, Demi Lovato ,14,13,137, 2013-09-28
11, Beyonce ,16,1,146, 2013-09-28
12, Rihanna ,9,1,147, 2013-09-28
13, Selena Gomez ,12,13,145, 2013-09-28
14, Shakira ,10,13,146, 2013-09-28
15, Nicki Minaj ,15,13,147, 2013-09-28
16, Jennifer Lopez ,18,13,133, 2013-09-28
17, Bruno Mars ,19,1,136, 2013-09-28
18, Pitbull ,20,13,145, 2013-09-28
19, Lil Wayne ,5,13,146, 2013-09-28
20, P!nk ,23,1,111, 2013-09-28
21, David Guetta ,32,13,147, 2013-09-28
22, Alicia Keys ,30,1,93, 2013-09-28
23, Macklemore & Ryan Lewis ,33,13,35, 2013-09-28
24, Michael Jackson ,17,13,137, 2013-09-28
25, Lady Gaga ,24,1,147, 2013-09-28
26, Avicii ,38,13,8, 2013-09-28
27, Christina Aguilera ,21,13,49, 2013-09-28
28, Avril Lavigne ,29,1,144, 2013-09-28
29, Adele ,22,1,137, 2013-09-28
30, Wiz Khalifa ,36,13,134, 2013-09-28
31, 2Pac ,48,13,19, 2013-09-28
32, Drake ,26,13,135, 2013-09-28
33, Mariah Carey ,41,1,43, 2013-09-28
34, Mac Miller ,120,13,10, 2013-09-28
35, Snoop Dogg ,43,13,131, 2013-09-28
36, Enrique Iglesias ,37,13,90, 2013-09-28
37, Bob Marley ,25,13,88, 2013-09-28
38, Lana Del Rey ,120,13,31, 2013-09-28
39, will.i.am ,40,13,37, 2013-09-28
40, Ciara ,44,13,6, 2013-09-28
41, Pink Floyd ,35,1,19, 2013-09-28
42, The Black Eyed Peas ,31,1,139, 2013-09-28
43, Linkin Park ,120,1,146, 2013-09-28
44, LMFAO ,28,2,117, 2013-09-28
45, Carly Rae Jepsen ,39,13,58, 2013-09-28
46, Maroon 5 ,34,1,86, 2013-09-28
47, Ellie Goulding ,120,13,3, 2013-09-28
48, Skrillex ,120,13,104, 2013-09-28
49, Robin Thicke ,27,13,13, 2013-09-28
50, Victoria Justice ,120,13,3, 2013-09-28
1, Katy Perry ,6,1,146, 2013-09-21
2, One Direction ,1,13,95, 2013-09-21
3, Eminem ,10,13,145, 2013-09-21
4, Taylor Swift ,5,1,146, 2013-09-21
5, Lil Wayne ,29,13,145, 2013-09-21
6, Justin Timberlake ,3,1,117, 2013-09-21
7, Ariana Grande ,11,13,42, 2013-09-21
8, Miley Cyrus ,2,1,74, 2013-09-21
9, Rihanna ,18,1,146, 2013-09-21
10, Shakira ,4,13,145, 2013-09-21
11, Britney Spears ,17,1,143, 2013-09-21
12, Selena Gomez ,7,13,144, 2013-09-21
13, Justin Bieber ,12,1,146, 2013-09-21
14, Demi Lovato ,16,13,136, 2013-09-21
15, Nicki Minaj ,33,13,146, 2013-09-21
16, Beyonce ,23,1,145, 2013-09-21
17, Michael Jackson ,13,13,136, 2013-09-21
18, Jennifer Lopez ,20,13,132, 2013-09-21
19, Bruno Mars ,14,1,135, 2013-09-21
20, Pitbull ,8,13,144, 2013-09-21
21, Christina Aguilera ,28,13,48, 2013-09-21
22, Adele ,30,1,136, 2013-09-21
23, P!nk ,25,1,110, 2013-09-21
24, Lady Gaga ,19,1,146, 2013-09-21
25, Bob Marley ,15,13,87, 2013-09-21
26, Drake ,42,13,134, 2013-09-21
27, Robin Thicke ,9,13,12, 2013-09-21
28, LMFAO ,36,2,116, 2013-09-21
29, Avril Lavigne ,22,1,143, 2013-09-21
30, Alicia Keys ,32,1,92, 2013-09-21
31, The Black Eyed Peas ,47,1,138, 2013-09-21
32, David Guetta ,26,13,146, 2013-09-21
33, Macklemore & Ryan Lewis ,21,13,34, 2013-09-21
34, Maroon 5 ,31,1,85, 2013-09-21
35, Pink Floyd ,120,1,18, 2013-09-21
36, Wiz Khalifa ,35,13,133, 2013-09-21
37, Enrique Iglesias ,27,13,89, 2013-09-21
38, Avicii ,39,13,7, 2013-09-21
39, Carly Rae Jepsen ,120,13,57, 2013-09-21
40, will.i.am ,34,13,36, 2013-09-21
41, Mariah Carey ,43,1,42, 2013-09-21
42, 50 Cent ,120,13,121, 2013-09-21
43, Snoop Dogg ,46,13,130, 2013-09-21
44, Ciara ,120,13,5, 2013-09-21
45, Miranda Cosgrove ,120,45,1, 2013-09-21
46, The Beatles ,120,13,60, 2013-09-21
47, Coldplay ,120,1,131, 2013-09-21
48, 2Pac ,120,13,18, 2013-09-21
49, Kelly Clarkson ,38,1,32, 2013-09-21
50, Usher ,37,13,128, 2013-09-21
1, One Direction ,1,13,94, 2013-09-14
2, Miley Cyrus ,8,1,73, 2013-09-14
3, Justin Timberlake ,3,1,116, 2013-09-14
4, Shakira ,2,13,144, 2013-09-14
5, Taylor Swift ,5,1,145, 2013-09-14
6, Katy Perry ,6,1,145, 2013-09-14
7, Selena Gomez ,11,13,143, 2013-09-14
8, Pitbull ,12,13,143, 2013-09-14
9, Robin Thicke ,37,13,11, 2013-09-14
10, Eminem ,18,13,144, 2013-09-14
11, Ariana Grande ,9,13,41, 2013-09-14
12, Justin Bieber ,4,1,145, 2013-09-14
13, Michael Jackson ,27,13,135, 2013-09-14
14, Bruno Mars ,19,1,134, 2013-09-14
15, Bob Marley ,16,13,86, 2013-09-14
16, Demi Lovato ,7,13,135, 2013-09-14
17, Britney Spears ,10,1,142, 2013-09-14
18, Rihanna ,15,1,145, 2013-09-14
19, Lady Gaga ,14,1,145, 2013-09-14
20, Jennifer Lopez ,13,13,131, 2013-09-14
21, Macklemore & Ryan Lewis ,25,13,33, 2013-09-14
22, Avril Lavigne ,20,1,142, 2013-09-14
23, Beyonce ,17,1,144, 2013-09-14
24, Austin Mahone ,39,13,28, 2013-09-14
25, P!nk ,22,1,109, 2013-09-14
26, David Guetta ,26,13,145, 2013-09-14
27, Enrique Iglesias ,21,13,88, 2013-09-14
28, Christina Aguilera ,29,13,47, 2013-09-14
29, Lil Wayne ,34,13,144, 2013-09-14
30, Adele ,23,1,135, 2013-09-14
31, Maroon 5 ,35,1,84, 2013-09-14
32, Alicia Keys ,28,1,91, 2013-09-14
33, Nicki Minaj ,50,13,145, 2013-09-14
34, will.i.am ,31,13,35, 2013-09-14
35, Wiz Khalifa ,36,13,132, 2013-09-14
36, LMFAO ,42,2,115, 2013-09-14
37, Usher ,44,13,127, 2013-09-14
38, Kelly Clarkson ,38,1,31, 2013-09-14
39, Avicii ,33,13,6, 2013-09-14
40, Linkin Park ,49,1,145, 2013-09-14
41, Jay Z ,120,1,4, 2013-09-14
42, Drake ,120,13,133, 2013-09-14
43, Mariah Carey ,32,1,41, 2013-09-14
44, Michael Buble ,120,13,7, 2013-09-14
45, Daft Punk ,120,13,38, 2013-09-14
46, Snoop Dogg ,24,13,129, 2013-09-14
47, The Black Eyed Peas ,41,1,137, 2013-09-14
48, Little Mix ,30,13,4, 2013-09-14
49, PSY ,46,1,53, 2013-09-14
50, Ellie Goulding ,40,13,2, 2013-09-14
1, One Direction ,1,13,93, 2013-09-07
2, Shakira ,5,13,143, 2013-09-07
3, Justin Timberlake ,10,1,115, 2013-09-07
4, Justin Bieber ,2,1,144, 2013-09-07
5, Taylor Swift ,4,1,144, 2013-09-07
6, Katy Perry ,3,1,144, 2013-09-07
7, Demi Lovato ,14,13,134, 2013-09-07
8, Miley Cyrus ,6,1,72, 2013-09-07
9, Ariana Grande ,7,13,40, 2013-09-07
10, Britney Spears ,9,1,141, 2013-09-07
11, Selena Gomez ,8,13,142, 2013-09-07
12, Pitbull ,13,13,142, 2013-09-07
13, Jennifer Lopez ,11,13,130, 2013-09-07
14, Lady Gaga ,12,1,144, 2013-09-07
15, Rihanna ,16,1,144, 2013-09-07
16, Bob Marley ,21,13,85, 2013-09-07
17, Beyonce ,17,1,143, 2013-09-07
18, Eminem ,18,13,143, 2013-09-07
19, Bruno Mars ,22,1,133, 2013-09-07
20, Avril Lavigne ,23,1,141, 2013-09-07
21, Enrique Iglesias ,33,13,87, 2013-09-07
22, P!nk ,19,1,108, 2013-09-07
23, Adele ,26,1,134, 2013-09-07
24, Snoop Dogg ,120,13,128, 2013-09-07
25, Macklemore & Ryan Lewis ,27,13,32, 2013-09-07
26, David Guetta ,24,13,144, 2013-09-07
27, Michael Jackson ,20,13,134, 2013-09-07
28, Alicia Keys ,25,1,90, 2013-09-07
29, Christina Aguilera ,29,13,46, 2013-09-07
30, Little Mix ,49,13,3, 2013-09-07
31, will.i.am ,38,13,34, 2013-09-07
32, Mariah Carey ,30,1,40, 2013-09-07
33, Avicii ,28,13,5, 2013-09-07
34, Lil Wayne ,32,13,143, 2013-09-07
35, Maroon 5 ,35,1,83, 2013-09-07
36, Wiz Khalifa ,43,13,131, 2013-09-07
37, Robin Thicke ,31,13,10, 2013-09-07
38, Kelly Clarkson ,37,1,30, 2013-09-07
39, Austin Mahone ,39,13,27, 2013-09-07
40, Ellie Goulding ,120,13,1, 2013-09-07
41, The Black Eyed Peas ,36,1,136, 2013-09-07
42, LMFAO ,48,2,114, 2013-09-07
43, Lana Del Rey ,41,13,30, 2013-09-07
44, Usher ,120,13,126, 2013-09-07
45, Carly Rae Jepsen ,34,13,56, 2013-09-07
46, PSY ,42,1,52, 2013-09-07
47, Bridgit Mendler ,120,41,4, 2013-09-07
48, Ciara ,120,13,4, 2013-09-07
49, Linkin Park ,45,1,144, 2013-09-07
50, Nicki Minaj ,40,13,144, 2013-09-07
1, One Direction ,4,13,92, 2013-08-31
2, Justin Bieber ,1,1,143, 2013-08-31
3, Katy Perry ,3,1,143, 2013-08-31
4, Taylor Swift ,2,1,143, 2013-08-31
5, Shakira ,10,13,142, 2013-08-31
6, Miley Cyrus ,5,1,71, 2013-08-31
7, Ariana Grande ,7,13,39, 2013-08-31
8, Selena Gomez ,8,13,141, 2013-08-31
9, Britney Spears ,12,1,140, 2013-08-31
10, Justin Timberlake ,9,1,114, 2013-08-31
11, Jennifer Lopez ,11,13,129, 2013-08-31
12, Lady Gaga ,14,1,143, 2013-08-31
13, Pitbull ,16,13,141, 2013-08-31
14, Demi Lovato ,19,13,133, 2013-08-31
15, Kendrick Lamar ,120,13,3, 2013-08-31
16, Rihanna ,18,1,143, 2013-08-31
17, Beyonce ,6,1,142, 2013-08-31
18, Eminem ,13,13,142, 2013-08-31
19, P!nk ,23,1,107, 2013-08-31
20, Michael Jackson ,15,13,133, 2013-08-31
21, Bob Marley ,25,13,84, 2013-08-31
22, Bruno Mars ,24,1,132, 2013-08-31
23, Avril Lavigne ,20,1,140, 2013-08-31
24, David Guetta ,17,13,143, 2013-08-31
25, Alicia Keys ,21,1,89, 2013-08-31
26, Adele ,31,1,133, 2013-08-31
27, Macklemore & Ryan Lewis ,27,13,31, 2013-08-31
28, Avicii ,28,13,4, 2013-08-31
29, Christina Aguilera ,26,13,45, 2013-08-31
30, Mariah Carey ,29,1,39, 2013-08-31
31, Robin Thicke ,33,13,9, 2013-08-31
32, Lil Wayne ,22,13,142, 2013-08-31
33, Enrique Iglesias ,120,13,86, 2013-08-31
34, Carly Rae Jepsen ,41,13,55, 2013-08-31
35, Maroon 5 ,36,1,82, 2013-08-31
36, The Black Eyed Peas ,34,1,135, 2013-08-31
37, Kelly Clarkson ,49,1,29, 2013-08-31
38, will.i.am ,39,13,33, 2013-08-31
39, Austin Mahone ,38,13,26, 2013-08-31
40, Nicki Minaj ,32,13,143, 2013-08-31
41, Lana Del Rey ,120,13,29, 2013-08-31
42, PSY ,120,1,51, 2013-08-31
43, Wiz Khalifa ,120,13,130, 2013-08-31
44, Drake ,37,13,132, 2013-08-31
45, Linkin Park ,35,1,143, 2013-08-31
46, Skrillex ,120,13,103, 2013-08-31
47, Madonna ,120,13,20, 2013-08-31
48, LMFAO ,46,2,113, 2013-08-31
49, Little Mix ,120,13,2, 2013-08-31
50, Green Day ,48,13,79, 2013-08-31
1, Justin Bieber ,3,1,142, 2013-08-24
2, Taylor Swift ,6,1,142, 2013-08-24
3, Katy Perry ,9,1,142, 2013-08-24
4, One Direction ,1,13,91, 2013-08-24
5, Miley Cyrus ,8,1,70, 2013-08-24
6, Beyonce ,26,1,141, 2013-08-24
7, Ariana Grande ,10,13,38, 2013-08-24
8, Selena Gomez ,17,13,140, 2013-08-24
9, Justin Timberlake ,7,1,113, 2013-08-24
10, Shakira ,2,13,141, 2013-08-24
11, Jennifer Lopez ,5,13,128, 2013-08-24
12, Britney Spears ,4,1,139, 2013-08-24
13, Eminem ,28,13,141, 2013-08-24
14, Lady Gaga ,21,1,142, 2013-08-24
15, Michael Jackson ,24,13,132, 2013-08-24
16, Pitbull ,13,13,140, 2013-08-24
17, David Guetta ,14,13,142, 2013-08-24
18, Rihanna ,16,1,142, 2013-08-24
19, Demi Lovato ,15,13,132, 2013-08-24
20, Avril Lavigne ,30,1,139, 2013-08-24
21, Alicia Keys ,23,1,88, 2013-08-24
22, Lil Wayne ,35,13,141, 2013-08-24
23, P!nk ,20,1,106, 2013-08-24
24, Bruno Mars ,18,1,131, 2013-08-24
25, Bob Marley ,29,13,83, 2013-08-24
26, Christina Aguilera ,27,13,44, 2013-08-24
27, Macklemore & Ryan Lewis ,22,13,30, 2013-08-24
28, Avicii ,19,13,3, 2013-08-24
29, Mariah Carey ,34,1,38, 2013-08-24
30, Usher ,120,13,125, 2013-08-24
31, Adele ,25,1,132, 2013-08-24
32, Nicki Minaj ,36,13,142, 2013-08-24
33, Robin Thicke ,11,13,8, 2013-08-24
34, The Black Eyed Peas ,32,1,134, 2013-08-24
35, Linkin Park ,44,1,142, 2013-08-24
36, Maroon 5 ,31,1,81, 2013-08-24
37, Drake ,120,13,131, 2013-08-24
38, Austin Mahone ,39,13,25, 2013-08-24
39, will.i.am ,33,13,32, 2013-08-24
40, The Beatles ,120,13,59, 2013-08-24
41, Carly Rae Jepsen ,37,13,54, 2013-08-24
42, Chris Brown ,120,13,133, 2013-08-24
43, Snoop Dogg ,47,13,127, 2013-08-24
44, Pink Floyd ,43,1,17, 2013-08-24
45, Daft Punk ,49,13,37, 2013-08-24
46, LMFAO ,41,2,112, 2013-08-24
47, 50 Cent ,120,13,120, 2013-08-24
48, Green Day ,120,13,78, 2013-08-24
49, Kelly Clarkson ,45,1,28, 2013-08-24
50, Metallica ,120,1,27, 2013-08-24
1, One Direction ,1,13,90, 2013-08-17
2, Shakira ,10,13,140, 2013-08-17
3, Justin Bieber ,7,1,141, 2013-08-17
4, Britney Spears ,11,1,138, 2013-08-17
5, Jennifer Lopez ,4,13,127, 2013-08-17
6, Taylor Swift ,6,1,141, 2013-08-17
7, Justin Timberlake ,5,1,112, 2013-08-17
8, Miley Cyrus ,3,1,69, 2013-08-17
9, Katy Perry ,16,1,141, 2013-08-17
10, Ariana Grande ,8,13,37, 2013-08-17
11, Robin Thicke ,39,13,7, 2013-08-17
12, Tyga ,29,13,10, 2013-08-17
13, Pitbull ,12,13,139, 2013-08-17
14, David Guetta ,17,13,141, 2013-08-17
15, Demi Lovato ,15,13,131, 2013-08-17
16, Rihanna ,19,1,141, 2013-08-17
17, Selena Gomez ,2,13,139, 2013-08-17
18, Bruno Mars ,22,1,130, 2013-08-17
19, Avicii ,42,13,2, 2013-08-17
20, P!nk ,18,1,105, 2013-08-17
21, Lady Gaga ,48,1,141, 2013-08-17
22, Macklemore & Ryan Lewis ,24,13,29, 2013-08-17
23, Alicia Keys ,27,1,87, 2013-08-17
24, Michael Jackson ,13,13,131, 2013-08-17
25, Adele ,20,1,131, 2013-08-17
26, Beyonce ,14,1,140, 2013-08-17
27, Christina Aguilera ,25,13,43, 2013-08-17
28, Eminem ,21,13,140, 2013-08-17
29, Bob Marley ,9,13,82, 2013-08-17
30, Avril Lavigne ,26,1,138, 2013-08-17
31, Maroon 5 ,28,1,80, 2013-08-17
32, The Black Eyed Peas ,32,1,133, 2013-08-17
33, will.i.am ,37,13,31, 2013-08-17
34, Mariah Carey ,36,1,37, 2013-08-17
35, Lil Wayne ,30,13,140, 2013-08-17
36, Nicki Minaj ,38,13,141, 2013-08-17
37, Carly Rae Jepsen ,50,13,53, 2013-08-17
38, Enrique Iglesias ,35,13,85, 2013-08-17
39, Austin Mahone ,34,13,24, 2013-08-17
40, Lana Del Rey ,44,13,28, 2013-08-17
41, LMFAO ,43,2,111, 2013-08-17
42, PSY ,45,1,50, 2013-08-17
43, Pink Floyd ,46,1,16, 2013-08-17
44, Linkin Park ,40,1,141, 2013-08-17
45, Kelly Clarkson ,33,1,27, 2013-08-17
46, Flo Rida ,120,13,66, 2013-08-17
47, Snoop Dogg ,120,13,126, 2013-08-17
48, Wiz Khalifa ,120,13,129, 2013-08-17
49, Daft Punk ,120,13,36, 2013-08-17
50, Skrillex ,120,13,102, 2013-08-17
1, One Direction ,6,13,89, 2013-08-10
2, Selena Gomez ,30,13,138, 2013-08-10
3, Miley Cyrus ,5,1,68, 2013-08-10
4, Jennifer Lopez ,7,13,126, 2013-08-10
5, Justin Timberlake ,9,1,111, 2013-08-10
6, Taylor Swift ,8,1,140, 2013-08-10
7, Justin Bieber ,1,1,140, 2013-08-10
8, Ariana Grande ,14,13,36, 2013-08-10
9, Bob Marley ,15,13,81, 2013-08-10
10, Shakira ,20,13,139, 2013-08-10
11, Britney Spears ,10,1,137, 2013-08-10
12, Pitbull ,13,13,138, 2013-08-10
13, Michael Jackson ,17,13,130, 2013-08-10
14, Beyonce ,11,1,139, 2013-08-10
15, Demi Lovato ,2,13,130, 2013-08-10
16, Katy Perry ,12,1,140, 2013-08-10
17, David Guetta ,19,13,140, 2013-08-10
18, P!nk ,16,1,104, 2013-08-10
19, Rihanna ,4,1,140, 2013-08-10
20, Adele ,18,1,130, 2013-08-10
21, Eminem ,3,13,139, 2013-08-10
22, Bruno Mars ,21,1,129, 2013-08-10
23, Jay Z ,120,1,3, 2013-08-10
24, Macklemore & Ryan Lewis ,22,13,28, 2013-08-10
25, Christina Aguilera ,23,13,42, 2013-08-10
26, Avril Lavigne ,26,1,137, 2013-08-10
27, Alicia Keys ,32,1,86, 2013-08-10
28, Maroon 5 ,25,1,79, 2013-08-10
29, Tyga ,47,13,9, 2013-08-10
30, Lil Wayne ,24,13,139, 2013-08-10
31, Kanye West ,120,1,41, 2013-08-10
32, The Black Eyed Peas ,29,1,132, 2013-08-10
33, Kelly Clarkson ,33,1,26, 2013-08-10
34, Austin Mahone ,38,13,23, 2013-08-10
35, Enrique Iglesias ,36,13,84, 2013-08-10
36, Mariah Carey ,31,1,36, 2013-08-10
37, will.i.am ,28,13,30, 2013-08-10
38, Nicki Minaj ,27,13,140, 2013-08-10
39, Robin Thicke ,37,13,6, 2013-08-10
40, Linkin Park ,34,1,140, 2013-08-10
41, Usher ,120,13,124, 2013-08-10
42, Avicii ,120,13,1, 2013-08-10
43, LMFAO ,44,2,110, 2013-08-10
44, Lana Del Rey ,120,13,27, 2013-08-10
45, PSY ,48,1,49, 2013-08-10
46, Pink Floyd ,120,1,15, 2013-08-10
47, Metallica ,120,1,26, 2013-08-10
48, Lady Gaga ,35,1,140, 2013-08-10
49, The Beatles ,42,13,58, 2013-08-10
50, Carly Rae Jepsen ,40,13,52, 2013-08-10
1, Justin Bieber ,1,1,139, 2013-08-03
2, Demi Lovato ,17,13,129, 2013-08-03
3, Eminem ,12,13,138, 2013-08-03
4, Rihanna ,3,1,139, 2013-08-03
5, Miley Cyrus ,2,1,67, 2013-08-03
6, One Direction ,10,13,88, 2013-08-03
7, Jennifer Lopez ,6,13,125, 2013-08-03
8, Taylor Swift ,4,1,139, 2013-08-03
9, Justin Timberlake ,7,1,110, 2013-08-03
10, Britney Spears ,8,1,136, 2013-08-03
11, Beyonce ,5,1,138, 2013-08-03
12, Katy Perry ,14,1,139, 2013-08-03
13, Pitbull ,11,13,137, 2013-08-03
14, Ariana Grande ,19,13,35, 2013-08-03
15, Bob Marley ,9,13,80, 2013-08-03
16, P!nk ,15,1,103, 2013-08-03
17, Michael Jackson ,24,13,129, 2013-08-03
18, Adele ,13,1,129, 2013-08-03
19, David Guetta ,20,13,139, 2013-08-03
20, Shakira ,21,13,138, 2013-08-03
21, Bruno Mars ,16,1,128, 2013-08-03
22, Macklemore & Ryan Lewis ,32,13,27, 2013-08-03
23, Christina Aguilera ,22,13,41, 2013-08-03
24, Lil Wayne ,26,13,138, 2013-08-03
25, Maroon 5 ,25,1,78, 2013-08-03
26, Avril Lavigne ,29,1,136, 2013-08-03
27, Nicki Minaj ,23,13,139, 2013-08-03
28, will.i.am ,27,13,29, 2013-08-03
29, The Black Eyed Peas ,34,1,131, 2013-08-03
30, Selena Gomez ,18,13,137, 2013-08-03
31, Mariah Carey ,38,1,35, 2013-08-03
32, Alicia Keys ,39,1,85, 2013-08-03
33, Kelly Clarkson ,35,1,25, 2013-08-03
34, Linkin Park ,30,1,139, 2013-08-03
35, Lady Gaga ,31,1,139, 2013-08-03
36, Enrique Iglesias ,43,13,83, 2013-08-03
37, Robin Thicke ,47,13,5, 2013-08-03
38, Austin Mahone ,37,13,22, 2013-08-03
39, Coldplay ,33,1,130, 2013-08-03
40, Carly Rae Jepsen ,49,13,51, 2013-08-03
41, Bridgit Mendler ,120,41,3, 2013-08-03
42, The Beatles ,36,13,57, 2013-08-03
43, Chris Brown ,40,13,132, 2013-08-03
44, LMFAO ,50,2,109, 2013-08-03
45, Flo Rida ,46,13,65, 2013-08-03
46, Snoop Dogg ,41,13,125, 2013-08-03
47, Tyga ,120,13,8, 2013-08-03
48, PSY ,28,1,48, 2013-08-03
49, Daft Punk ,48,13,35, 2013-08-03
50, Ciara ,44,13,3, 2013-08-03
1, Justin Bieber ,1,1,138, 2013-07-27
2, Miley Cyrus ,14,1,66, 2013-07-27
3, Rihanna ,4,1,138, 2013-07-27
4, Taylor Swift ,2,1,138, 2013-07-27
5, Beyonce ,3,1,137, 2013-07-27
6, Jennifer Lopez ,7,13,124, 2013-07-27
7, Justin Timberlake ,5,1,109, 2013-07-27
8, Britney Spears ,22,1,135, 2013-07-27
9, Bob Marley ,34,13,79, 2013-07-27
10, One Direction ,12,13,87, 2013-07-27
11, Pitbull ,13,13,136, 2013-07-27
12, Eminem ,11,13,137, 2013-07-27
13, Adele ,19,1,128, 2013-07-27
14, Katy Perry ,17,1,138, 2013-07-27
15, P!nk ,10,1,102, 2013-07-27
16, Bruno Mars ,8,1,127, 2013-07-27
17, Demi Lovato ,23,13,128, 2013-07-27
18, Selena Gomez ,21,13,136, 2013-07-27
19, Ariana Grande ,20,13,34, 2013-07-27
20, David Guetta ,18,13,138, 2013-07-27
21, Shakira ,27,13,137, 2013-07-27
22, Christina Aguilera ,28,13,40, 2013-07-27
23, Nicki Minaj ,26,13,138, 2013-07-27
24, Michael Jackson ,29,13,128, 2013-07-27
25, Maroon 5 ,24,1,77, 2013-07-27
26, Lil Wayne ,25,13,137, 2013-07-27
27, will.i.am ,16,13,28, 2013-07-27
28, PSY ,6,1,47, 2013-07-27
29, Avril Lavigne ,31,1,135, 2013-07-27
30, Linkin Park ,36,1,138, 2013-07-27
31, Lady Gaga ,35,1,138, 2013-07-27
32, Macklemore & Ryan Lewis ,30,13,26, 2013-07-27
33, Coldplay ,43,1,129, 2013-07-27
34, The Black Eyed Peas ,38,1,130, 2013-07-27
35, Kelly Clarkson ,33,1,24, 2013-07-27
36, The Beatles ,50,13,56, 2013-07-27
37, Austin Mahone ,44,13,21, 2013-07-27
38, Mariah Carey ,39,1,34, 2013-07-27
39, Alicia Keys ,41,1,84, 2013-07-27
40, Chris Brown ,120,13,131, 2013-07-27
41, Snoop Dogg ,42,13,124, 2013-07-27
42, Wiz Khalifa ,40,13,128, 2013-07-27
43, Enrique Iglesias ,48,13,82, 2013-07-27
44, Ciara ,49,13,2, 2013-07-27
45, Jay Z ,120,1,2, 2013-07-27
46, Flo Rida ,45,13,64, 2013-07-27
47, Robin Thicke ,47,13,4, 2013-07-27
48, Daft Punk ,37,13,34, 2013-07-27
49, Carly Rae Jepsen ,46,13,50, 2013-07-27
50, LMFAO ,120,2,108, 2013-07-27
1, Justin Bieber ,1,1,137, 2013-07-20
2, Taylor Swift ,2,1,137, 2013-07-20
3, Beyonce ,4,1,136, 2013-07-20
4, Rihanna ,3,1,137, 2013-07-20
5, Justin Timberlake ,5,1,108, 2013-07-20
6, PSY ,29,1,46, 2013-07-20
7, Jennifer Lopez ,7,13,123, 2013-07-20
8, Bruno Mars ,8,1,126, 2013-07-20
9, Kendrick Lamar ,120,13,2, 2013-07-20
10, P!nk ,10,1,101, 2013-07-20
11, Eminem ,9,13,136, 2013-07-20
12, One Direction ,6,13,86, 2013-07-20
13, Pitbull ,14,13,135, 2013-07-20
14, Miley Cyrus ,17,1,65, 2013-07-20
15, Tyga ,28,13,7, 2013-07-20
16, will.i.am ,13,13,27, 2013-07-20
17, Katy Perry ,16,1,137, 2013-07-20
18, David Guetta ,11,13,137, 2013-07-20
19, Adele ,12,1,127, 2013-07-20
20, Ariana Grande ,18,13,33, 2013-07-20
21, Selena Gomez ,24,13,135, 2013-07-20
22, Britney Spears ,19,1,134, 2013-07-20
23, Demi Lovato ,20,13,127, 2013-07-20
24, Maroon 5 ,21,1,76, 2013-07-20
25, Lil Wayne ,23,13,136, 2013-07-20
26, Nicki Minaj ,41,13,137, 2013-07-20
27, Shakira ,22,13,136, 2013-07-20
28, Christina Aguilera ,25,13,39, 2013-07-20
29, Michael Jackson ,15,13,127, 2013-07-20
30, Macklemore & Ryan Lewis ,26,13,25, 2013-07-20
31, Avril Lavigne ,30,1,134, 2013-07-20
32, Amy Winehouse ,120,13,1, 2013-07-20
33, Kelly Clarkson ,33,1,23, 2013-07-20
34, Bob Marley ,37,13,78, 2013-07-20
35, Lady Gaga ,31,1,137, 2013-07-20
36, Linkin Park ,27,1,137, 2013-07-20
37, Daft Punk ,35,13,33, 2013-07-20
38, The Black Eyed Peas ,32,1,129, 2013-07-20
39, Mariah Carey ,36,1,33, 2013-07-20
40, Wiz Khalifa ,49,13,127, 2013-07-20
41, Alicia Keys ,34,1,83, 2013-07-20
42, Snoop Dogg ,44,13,123, 2013-07-20
43, Coldplay ,38,1,128, 2013-07-20
44, Austin Mahone ,40,13,20, 2013-07-20
45, Flo Rida ,47,13,63, 2013-07-20
46, Carly Rae Jepsen ,46,13,49, 2013-07-20
47, Robin Thicke ,120,13,3, 2013-07-20
48, Enrique Iglesias ,39,13,81, 2013-07-20
49, Ciara ,120,13,1, 2013-07-20
50, The Beatles ,42,13,55, 2013-07-20
1, Justin Bieber ,2,1,136, 2013-07-13
2, Taylor Swift ,3,1,136, 2013-07-13
3, Rihanna ,4,1,136, 2013-07-13
4, Beyonce ,5,1,135, 2013-07-13
5, Justin Timberlake ,10,1,107, 2013-07-13
6, One Direction ,1,13,85, 2013-07-13
7, Jennifer Lopez ,11,13,122, 2013-07-13
8, Bruno Mars ,6,1,125, 2013-07-13
9, Eminem ,8,13,135, 2013-07-13
10, P!nk ,13,1,100, 2013-07-13
11, David Guetta ,12,13,136, 2013-07-13
12, Adele ,16,1,126, 2013-07-13
13, will.i.am ,20,13,26, 2013-07-13
14, Pitbull ,7,13,134, 2013-07-13
15, Michael Jackson ,21,13,126, 2013-07-13
16, Katy Perry ,17,1,136, 2013-07-13
17, Miley Cyrus ,9,1,64, 2013-07-13
18, Ariana Grande ,27,13,32, 2013-07-13
19, Britney Spears ,15,1,133, 2013-07-13
20, Demi Lovato ,14,13,126, 2013-07-13
21, Maroon 5 ,19,1,75, 2013-07-13
22, Shakira ,25,13,135, 2013-07-13
23, Lil Wayne ,18,13,135, 2013-07-13
24, Selena Gomez ,32,13,134, 2013-07-13
25, Christina Aguilera ,22,13,38, 2013-07-13
26, Macklemore & Ryan Lewis ,23,13,24, 2013-07-13
27, Linkin Park ,30,1,136, 2013-07-13
28, Tyga ,120,13,6, 2013-07-13
29, PSY ,24,1,45, 2013-07-13
30, Avril Lavigne ,28,1,133, 2013-07-13
31, Lady Gaga ,29,1,136, 2013-07-13
32, The Black Eyed Peas ,31,1,128, 2013-07-13
33, Kelly Clarkson ,40,1,22, 2013-07-13
34, Alicia Keys ,34,1,82, 2013-07-13
35, Daft Punk ,26,13,32, 2013-07-13
36, Mariah Carey ,44,1,32, 2013-07-13
37, Bob Marley ,39,13,77, 2013-07-13
38, Coldplay ,36,1,127, 2013-07-13
39, Enrique Iglesias ,43,13,80, 2013-07-13
40, Austin Mahone ,120,13,19, 2013-07-13
41, Nicki Minaj ,33,13,136, 2013-07-13
42, The Beatles ,35,13,54, 2013-07-13
43, Usher ,38,13,123, 2013-07-13
44, Snoop Dogg ,47,13,122, 2013-07-13
45, LMFAO ,46,2,107, 2013-07-13
46, Carly Rae Jepsen ,50,13,48, 2013-07-13
47, Flo Rida ,45,13,62, 2013-07-13
48, Drake ,42,13,130, 2013-07-13
49, Wiz Khalifa ,120,13,126, 2013-07-13
50, Green Day ,49,13,77, 2013-07-13
1, One Direction ,7,13,84, 2013-07-06
2, Justin Bieber ,1,1,135, 2013-07-06
3, Taylor Swift ,2,1,135, 2013-07-06
4, Rihanna ,3,1,135, 2013-07-06
5, Beyonce ,6,1,134, 2013-07-06
6, Bruno Mars ,4,1,124, 2013-07-06
7, Pitbull ,5,13,133, 2013-07-06
8, Eminem ,8,13,134, 2013-07-06
9, Miley Cyrus ,32,1,63, 2013-07-06
10, Justin Timberlake ,11,1,106, 2013-07-06
11, Jennifer Lopez ,9,13,121, 2013-07-06
12, David Guetta ,12,13,135, 2013-07-06
13, P!nk ,10,1,99, 2013-07-06
14, Demi Lovato ,18,13,125, 2013-07-06
15, Britney Spears ,15,1,132, 2013-07-06
16, Adele ,14,1,125, 2013-07-06
17, Katy Perry ,16,1,135, 2013-07-06
18, Lil Wayne ,30,13,134, 2013-07-06
19, Maroon 5 ,19,1,74, 2013-07-06
20, will.i.am ,13,13,25, 2013-07-06
21, Michael Jackson ,22,13,125, 2013-07-06
22, Christina Aguilera ,23,13,37, 2013-07-06
23, Macklemore & Ryan Lewis ,20,13,23, 2013-07-06
24, PSY ,17,1,44, 2013-07-06
25, Shakira ,25,13,134, 2013-07-06
26, Daft Punk ,24,13,31, 2013-07-06
27, Ariana Grande ,28,13,31, 2013-07-06
28, Avril Lavigne ,26,1,132, 2013-07-06
29, Lady Gaga ,27,1,135, 2013-07-06
30, Linkin Park ,31,1,135, 2013-07-06
31, The Black Eyed Peas ,33,1,127, 2013-07-06
32, Selena Gomez ,21,13,133, 2013-07-06
33, Nicki Minaj ,29,13,135, 2013-07-06
34, Alicia Keys ,35,1,81, 2013-07-06
35, The Beatles ,42,13,53, 2013-07-06
36, Coldplay ,48,1,126, 2013-07-06
37, Robin Thicke ,49,13,2, 2013-07-06
38, Usher ,43,13,122, 2013-07-06
39, Bob Marley ,38,13,76, 2013-07-06
40, Kelly Clarkson ,40,1,21, 2013-07-06
41, Kanye West ,120,1,40, 2013-07-06
42, Drake ,120,13,129, 2013-07-06
43, Enrique Iglesias ,46,13,79, 2013-07-06
44, Mariah Carey ,36,1,31, 2013-07-06
45, Flo Rida ,39,13,61, 2013-07-06
46, LMFAO ,37,2,106, 2013-07-06
47, Snoop Dogg ,50,13,121, 2013-07-06
48, T.I. ,120,13,15, 2013-07-06
49, Green Day ,120,13,76, 2013-07-06
50, Carly Rae Jepsen ,44,13,47, 2013-07-06
1, Justin Bieber ,1,1,134, 2013-06-29
2, Taylor Swift ,2,1,134, 2013-06-29
3, Rihanna ,3,1,134, 2013-06-29
4, Bruno Mars ,4,1,123, 2013-06-29
5, Pitbull ,5,13,132, 2013-06-29
6, Beyonce ,8,1,133, 2013-06-29
7, One Direction ,6,13,83, 2013-06-29
8, Eminem ,14,13,133, 2013-06-29
9, Jennifer Lopez ,7,13,120, 2013-06-29
10, P!nk ,11,1,98, 2013-06-29
11, Justin Timberlake ,9,1,105, 2013-06-29
12, David Guetta ,12,13,134, 2013-06-29
13, will.i.am ,18,13,24, 2013-06-29
14, Adele ,10,1,124, 2013-06-29
15, Britney Spears ,17,1,131, 2013-06-29
16, Katy Perry ,15,1,134, 2013-06-29
17, PSY ,16,1,43, 2013-06-29
18, Demi Lovato ,19,13,124, 2013-06-29
19, Maroon 5 ,13,1,73, 2013-06-29
20, Macklemore & Ryan Lewis ,28,13,22, 2013-06-29
21, Selena Gomez ,24,13,132, 2013-06-29
22, Michael Jackson ,21,13,124, 2013-06-29
23, Christina Aguilera ,23,13,36, 2013-06-29
24, Daft Punk ,26,13,30, 2013-06-29
25, Shakira ,33,13,133, 2013-06-29
26, Avril Lavigne ,27,1,131, 2013-06-29
27, Lady Gaga ,37,1,134, 2013-06-29
28, Ariana Grande ,25,13,30, 2013-06-29
29, Nicki Minaj ,30,13,134, 2013-06-29
30, Lil Wayne ,41,13,133, 2013-06-29
31, Linkin Park ,22,1,134, 2013-06-29
32, Miley Cyrus ,20,1,62, 2013-06-29
33, The Black Eyed Peas ,31,1,126, 2013-06-29
34, Austin Mahone ,120,13,18, 2013-06-29
35, Alicia Keys ,34,1,80, 2013-06-29
36, Mariah Carey ,38,1,30, 2013-06-29
37, LMFAO ,29,2,105, 2013-06-29
38, Bob Marley ,32,13,75, 2013-06-29
39, Flo Rida ,39,13,60, 2013-06-29
40, Kelly Clarkson ,40,1,20, 2013-06-29
41, Wiz Khalifa ,120,13,125, 2013-06-29
42, The Beatles ,43,13,52, 2013-06-29
43, Usher ,42,13,121, 2013-06-29
44, Carly Rae Jepsen ,36,13,46, 2013-06-29
45, Skrillex ,44,13,101, 2013-06-29
46, Enrique Iglesias ,35,13,78, 2013-06-29
47, Lana Del Rey ,120,13,26, 2013-06-29
48, Coldplay ,48,1,125, 2013-06-29
49, Robin Thicke ,120,13,1, 2013-06-29
50, Snoop Dogg ,46,13,120, 2013-06-29
1, Justin Bieber ,1,1,133, 2013-06-22
2, Taylor Swift ,2,1,133, 2013-06-22
3, Rihanna ,3,1,133, 2013-06-22
4, Bruno Mars ,5,1,122, 2013-06-22
5, Pitbull ,7,13,131, 2013-06-22
6, One Direction ,8,13,82, 2013-06-22
7, Jennifer Lopez ,4,13,119, 2013-06-22
8, Beyonce ,11,1,132, 2013-06-22
9, Justin Timberlake ,6,1,104, 2013-06-22
10, Adele ,12,1,123, 2013-06-22
11, P!nk ,13,1,97, 2013-06-22
12, David Guetta ,10,13,133, 2013-06-22
13, Maroon 5 ,16,1,72, 2013-06-22
14, Eminem ,21,13,132, 2013-06-22
15, Katy Perry ,15,1,133, 2013-06-22
16, PSY ,19,1,42, 2013-06-22
17, Britney Spears ,14,1,130, 2013-06-22
18, will.i.am ,24,13,23, 2013-06-22
19, Demi Lovato ,9,13,123, 2013-06-22
20, Miley Cyrus ,31,1,61, 2013-06-22
21, Michael Jackson ,26,13,123, 2013-06-22
22, Linkin Park ,25,1,133, 2013-06-22
23, Christina Aguilera ,22,13,35, 2013-06-22
24, Selena Gomez ,34,13,131, 2013-06-22
25, Ariana Grande ,17,13,29, 2013-06-22
26, Daft Punk ,18,13,29, 2013-06-22
27, Avril Lavigne ,20,1,130, 2013-06-22
28, Macklemore & Ryan Lewis ,23,13,21, 2013-06-22
29, LMFAO ,32,2,104, 2013-06-22
30, Nicki Minaj ,33,13,133, 2013-06-22
31, The Black Eyed Peas ,30,1,125, 2013-06-22
32, Bob Marley ,37,13,74, 2013-06-22
33, Shakira ,36,13,132, 2013-06-22
34, Alicia Keys ,29,1,79, 2013-06-22
35, Enrique Iglesias ,39,13,77, 2013-06-22
36, Carly Rae Jepsen ,35,13,45, 2013-06-22
37, Lady Gaga ,28,1,133, 2013-06-22
38, Mariah Carey ,46,1,29, 2013-06-22
39, Flo Rida ,41,13,59, 2013-06-22
40, Kelly Clarkson ,38,1,19, 2013-06-22
41, Lil Wayne ,40,13,132, 2013-06-22
42, Usher ,47,13,120, 2013-06-22
43, The Beatles ,45,13,51, 2013-06-22
44, Skrillex ,42,13,100, 2013-06-22
45, Green Day ,48,13,75, 2013-06-22
46, Snoop Dogg ,43,13,119, 2013-06-22
47, Drake ,120,13,128, 2013-06-22
48, Coldplay ,120,1,124, 2013-06-22
49, Chris Brown ,49,13,130, 2013-06-22
50, Bridgit Mendler ,120,41,2, 2013-06-22
1, Justin Bieber ,1,1,132, 2013-06-15
2, Taylor Swift ,2,1,132, 2013-06-15
3, Rihanna ,4,1,132, 2013-06-15
4, Jennifer Lopez ,3,13,118, 2013-06-15
5, Bruno Mars ,8,1,121, 2013-06-15
6, Justin Timberlake ,6,1,103, 2013-06-15
7, Pitbull ,10,13,130, 2013-06-15
8, One Direction ,12,13,81, 2013-06-15
9, Demi Lovato ,9,13,122, 2013-06-15
10, David Guetta ,19,13,132, 2013-06-15
11, Beyonce ,7,1,131, 2013-06-15
12, Adele ,23,1,122, 2013-06-15
13, P!nk ,20,1,96, 2013-06-15
14, Britney Spears ,11,1,129, 2013-06-15
15, Katy Perry ,13,1,132, 2013-06-15
16, Maroon 5 ,16,1,71, 2013-06-15
17, Ariana Grande ,25,13,28, 2013-06-15
18, Daft Punk ,5,13,28, 2013-06-15
19, PSY ,17,1,41, 2013-06-15
20, Avril Lavigne ,14,1,129, 2013-06-15
21, Eminem ,24,13,131, 2013-06-15
22, Christina Aguilera ,18,13,34, 2013-06-15
23, Macklemore & Ryan Lewis ,15,13,20, 2013-06-15
24, will.i.am ,27,13,22, 2013-06-15
25, Linkin Park ,22,1,132, 2013-06-15
26, Michael Jackson ,26,13,122, 2013-06-15
27, Tyga ,33,13,5, 2013-06-15
28, Lady Gaga ,30,1,132, 2013-06-15
29, Alicia Keys ,32,1,78, 2013-06-15
30, The Black Eyed Peas ,35,1,124, 2013-06-15
31, Miley Cyrus ,34,1,60, 2013-06-15
32, LMFAO ,40,2,103, 2013-06-15
33, Nicki Minaj ,21,13,132, 2013-06-15
34, Selena Gomez ,29,13,130, 2013-06-15
35, Carly Rae Jepsen ,38,13,44, 2013-06-15
36, Shakira ,28,13,131, 2013-06-15
37, Bob Marley ,37,13,73, 2013-06-15
38, Kelly Clarkson ,41,1,18, 2013-06-15
39, Enrique Iglesias ,45,13,76, 2013-06-15
40, Lil Wayne ,31,13,131, 2013-06-15
41, Flo Rida ,42,13,58, 2013-06-15
42, Skrillex ,39,13,99, 2013-06-15
43, Snoop Dogg ,120,13,118, 2013-06-15
44, Wiz Khalifa ,120,13,124, 2013-06-15
45, The Beatles ,44,13,50, 2013-06-15
46, Mariah Carey ,46,1,28, 2013-06-15
47, Usher ,50,13,119, 2013-06-15
48, Green Day ,120,13,74, 2013-06-15
49, Chris Brown ,120,13,129, 2013-06-15
50, Lana Del Rey ,43,13,25, 2013-06-15
1, Justin Bieber ,1,1,131, 2013-06-08
2, Taylor Swift ,2,1,131, 2013-06-08
3, Jennifer Lopez ,6,13,117, 2013-06-08
4, Rihanna ,3,1,131, 2013-06-08
5, Daft Punk ,5,13,27, 2013-06-08
6, Justin Timberlake ,7,1,102, 2013-06-08
7, Beyonce ,8,1,130, 2013-06-08
8, Bruno Mars ,12,1,120, 2013-06-08
9, Demi Lovato ,4,13,121, 2013-06-08
10, Pitbull ,9,13,129, 2013-06-08
11, Britney Spears ,13,1,128, 2013-06-08
12, One Direction ,120,13,80, 2013-06-08
13, Katy Perry ,16,1,131, 2013-06-08
14, Avril Lavigne ,15,1,128, 2013-06-08
15, Macklemore & Ryan Lewis ,11,13,19, 2013-06-08
16, Maroon 5 ,22,1,70, 2013-06-08
17, PSY ,10,1,40, 2013-06-08
18, Christina Aguilera ,23,13,33, 2013-06-08
19, David Guetta ,17,13,131, 2013-06-08
20, P!nk ,18,1,95, 2013-06-08
21, Nicki Minaj ,33,13,131, 2013-06-08
22, Linkin Park ,25,1,131, 2013-06-08
23, Adele ,14,1,121, 2013-06-08
24, Eminem ,19,13,130, 2013-06-08
25, Ariana Grande ,31,13,27, 2013-06-08
26, Michael Jackson ,24,13,121, 2013-06-08
27, will.i.am ,29,13,21, 2013-06-08
28, Shakira ,120,13,130, 2013-06-08
29, Selena Gomez ,21,13,129, 2013-06-08
30, Lady Gaga ,20,1,131, 2013-06-08
31, Lil Wayne ,28,13,130, 2013-06-08
32, Alicia Keys ,26,1,77, 2013-06-08
33, Tyga ,120,13,4, 2013-06-08
34, Miley Cyrus ,37,1,59, 2013-06-08
35, The Black Eyed Peas ,27,1,123, 2013-06-08
36, Ray Manzarek ,120,36,1, 2013-06-08
37, Bob Marley ,49,13,72, 2013-06-08
38, Carly Rae Jepsen ,42,13,43, 2013-06-08
39, Skrillex ,39,13,98, 2013-06-08
40, LMFAO ,30,2,102, 2013-06-08
41, Kelly Clarkson ,38,1,17, 2013-06-08
42, Flo Rida ,34,13,57, 2013-06-08
43, Lana Del Rey ,36,13,24, 2013-06-08
44, The Beatles ,35,13,49, 2013-06-08
45, Enrique Iglesias ,44,13,75, 2013-06-08
46, Mariah Carey ,41,1,27, 2013-06-08
47, Coldplay ,120,1,123, 2013-06-08
48, Drake ,32,13,127, 2013-06-08
49, The Doors ,120,49,1, 2013-06-08
50, Usher ,40,13,118, 2013-06-08
1, Justin Bieber ,1,1,130, 2013-06-01
2, Taylor Swift ,4,1,130, 2013-06-01
3, Rihanna ,5,1,130, 2013-06-01
4, Demi Lovato ,9,13,120, 2013-06-01
5, Daft Punk ,38,13,26, 2013-06-01
6, Jennifer Lopez ,8,13,116, 2013-06-01
7, Justin Timberlake ,7,1,101, 2013-06-01
8, Beyonce ,6,1,129, 2013-06-01
9, Pitbull ,14,13,128, 2013-06-01
10, PSY ,2,1,39, 2013-06-01
11, Macklemore & Ryan Lewis ,12,13,18, 2013-06-01
12, Bruno Mars ,11,1,119, 2013-06-01
13, Britney Spears ,16,1,127, 2013-06-01
14, Adele ,19,1,120, 2013-06-01
15, Avril Lavigne ,10,1,127, 2013-06-01
16, Katy Perry ,15,1,130, 2013-06-01
17, David Guetta ,17,13,130, 2013-06-01
18, P!nk ,13,1,94, 2013-06-01
19, Eminem ,25,13,129, 2013-06-01
20, Lady Gaga ,27,1,130, 2013-06-01
21, Selena Gomez ,20,13,128, 2013-06-01
22, Maroon 5 ,18,1,69, 2013-06-01
23, Christina Aguilera ,22,13,32, 2013-06-01
24, Michael Jackson ,24,13,120, 2013-06-01
25, Linkin Park ,23,1,130, 2013-06-01
26, Alicia Keys ,29,1,76, 2013-06-01
27, The Black Eyed Peas ,28,1,122, 2013-06-01
28, Lil Wayne ,21,13,129, 2013-06-01
29, will.i.am ,33,13,20, 2013-06-01
30, LMFAO ,31,2,101, 2013-06-01
31, Ariana Grande ,26,13,26, 2013-06-01
32, Drake ,50,13,126, 2013-06-01
33, Nicki Minaj ,32,13,130, 2013-06-01
34, Flo Rida ,37,13,56, 2013-06-01
35, The Beatles ,40,13,48, 2013-06-01
36, Lana Del Rey ,48,13,23, 2013-06-01
37, Miley Cyrus ,46,1,58, 2013-06-01
38, Kelly Clarkson ,45,1,16, 2013-06-01
39, Skrillex ,41,13,97, 2013-06-01
40, Usher ,44,13,117, 2013-06-01
41, Mariah Carey ,42,1,26, 2013-06-01
42, Carly Rae Jepsen ,35,13,42, 2013-06-01
43, Snoop Dogg ,39,13,117, 2013-06-01
44, Enrique Iglesias ,34,13,74, 2013-06-01
45, Chris Brown ,36,13,128, 2013-06-01
46, Bridgit Mendler ,120,41,1, 2013-06-01
47, 50 Cent ,49,13,119, 2013-06-01
48, Pink Floyd ,120,1,14, 2013-06-01
49, Bob Marley ,43,13,71, 2013-06-01
50, Green Day ,120,13,73, 2013-06-01
1, Justin Bieber ,1,1,129, 2013-05-25
2, PSY ,6,1,38, 2013-05-25
3, One Direction ,2,13,79, 2013-05-25
4, Taylor Swift ,3,1,129, 2013-05-25
5, Rihanna ,4,1,129, 2013-05-25
6, Beyonce ,14,1,128, 2013-05-25
7, Justin Timberlake ,10,1,100, 2013-05-25
8, Jennifer Lopez ,9,13,115, 2013-05-25
9, Demi Lovato ,19,13,119, 2013-05-25
10, Avril Lavigne ,20,1,126, 2013-05-25
11, Bruno Mars ,8,1,118, 2013-05-25
12, Macklemore & Ryan Lewis ,13,13,17, 2013-05-25
13, P!nk ,12,1,93, 2013-05-25
14, Pitbull ,11,13,127, 2013-05-25
15, Katy Perry ,7,1,129, 2013-05-25
16, Britney Spears ,15,1,126, 2013-05-25
17, David Guetta ,16,13,129, 2013-05-25
18, Maroon 5 ,17,1,68, 2013-05-25
19, Adele ,18,1,119, 2013-05-25
20, Selena Gomez ,5,13,127, 2013-05-25
21, Lil Wayne ,25,13,128, 2013-05-25
22, Christina Aguilera ,21,13,31, 2013-05-25
23, Linkin Park ,22,1,129, 2013-05-25
24, Michael Jackson ,26,13,119, 2013-05-25
25, Eminem ,23,13,128, 2013-05-25
26, Ariana Grande ,30,13,25, 2013-05-25
27, Lady Gaga ,24,1,129, 2013-05-25
28, The Black Eyed Peas ,27,1,121, 2013-05-25
29, Alicia Keys ,33,1,75, 2013-05-25
30, Shakira ,31,13,129, 2013-05-25
31, LMFAO ,28,2,100, 2013-05-25
32, Nicki Minaj ,32,13,129, 2013-05-25
33, will.i.am ,34,13,19, 2013-05-25
34, Enrique Iglesias ,120,13,73, 2013-05-25
35, Carly Rae Jepsen ,29,13,41, 2013-05-25
36, Chris Brown ,44,13,127, 2013-05-25
37, Flo Rida ,37,13,55, 2013-05-25
38, Daft Punk ,46,13,25, 2013-05-25
39, Snoop Dogg ,40,13,116, 2013-05-25
40, The Beatles ,43,13,47, 2013-05-25
41, Skrillex ,50,13,96, 2013-05-25
42, Mariah Carey ,38,1,25, 2013-05-25
43, Bob Marley ,120,13,70, 2013-05-25
44, Usher ,39,13,116, 2013-05-25
45, Kelly Clarkson ,41,1,15, 2013-05-25
46, Miley Cyrus ,45,1,57, 2013-05-25
47, Austin Mahone ,47,13,17, 2013-05-25
48, Lana Del Rey ,120,13,22, 2013-05-25
49, 50 Cent ,36,13,118, 2013-05-25
50, Drake ,49,13,125, 2013-05-25
1, Justin Bieber ,1,1,128, 2013-05-18
2, One Direction ,6,13,78, 2013-05-18
3, Taylor Swift ,3,1,128, 2013-05-18
4, Rihanna ,2,1,128, 2013-05-18
5, Selena Gomez ,34,13,126, 2013-05-18
6, PSY ,15,1,37, 2013-05-18
7, Katy Perry ,8,1,128, 2013-05-18
8, Bruno Mars ,7,1,117, 2013-05-18
9, Jennifer Lopez ,28,13,114, 2013-05-18
10, Justin Timberlake ,4,1,99, 2013-05-18
11, Pitbull ,5,13,126, 2013-05-18
12, P!nk ,10,1,92, 2013-05-18
13, Macklemore & Ryan Lewis ,24,13,16, 2013-05-18
14, Beyonce ,13,1,127, 2013-05-18
15, Britney Spears ,14,1,125, 2013-05-18
16, David Guetta ,12,13,128, 2013-05-18
17, Maroon 5 ,22,1,67, 2013-05-18
18, Adele ,16,1,118, 2013-05-18
19, Demi Lovato ,21,13,118, 2013-05-18
20, Avril Lavigne ,20,1,125, 2013-05-18
21, Christina Aguilera ,27,13,30, 2013-05-18
22, Linkin Park ,18,1,128, 2013-05-18
23, Eminem ,11,13,127, 2013-05-18
24, Lady Gaga ,23,1,128, 2013-05-18
25, Lil Wayne ,29,13,127, 2013-05-18
26, Michael Jackson ,9,13,118, 2013-05-18
27, The Black Eyed Peas ,17,1,120, 2013-05-18
28, LMFAO ,26,2,99, 2013-05-18
29, Carly Rae Jepsen ,44,13,40, 2013-05-18
30, Ariana Grande ,48,13,24, 2013-05-18
31, Shakira ,19,13,128, 2013-05-18
32, Nicki Minaj ,30,13,128, 2013-05-18
33, Alicia Keys ,25,1,74, 2013-05-18
34, will.i.am ,32,13,18, 2013-05-18
35, Slayer ,120,18,2, 2013-05-18
36, 50 Cent ,36,13,117, 2013-05-18
37, Flo Rida ,42,13,54, 2013-05-18
38, Mariah Carey ,38,1,24, 2013-05-18
39, Usher ,120,13,115, 2013-05-18
40, Snoop Dogg ,31,13,115, 2013-05-18
41, Kelly Clarkson ,45,1,14, 2013-05-18
42, Wiz Khalifa ,120,13,123, 2013-05-18
43, The Beatles ,33,13,46, 2013-05-18
44, Chris Brown ,37,13,126, 2013-05-18
45, Miley Cyrus ,43,1,56, 2013-05-18
46, Daft Punk ,35,13,24, 2013-05-18
47, Austin Mahone ,120,13,16, 2013-05-18
48, Kris Kross ,120,48,1, 2013-05-18
49, Drake ,46,13,124, 2013-05-18
50, Skrillex ,120,13,95, 2013-05-18
1, Justin Bieber ,2,1,127, 2013-05-11
2, Rihanna ,3,1,127, 2013-05-11
3, Taylor Swift ,7,1,127, 2013-05-11
4, Justin Timberlake ,13,1,98, 2013-05-11
5, Pitbull ,18,13,125, 2013-05-11
6, One Direction ,10,13,77, 2013-05-11
7, Bruno Mars ,8,1,116, 2013-05-11
8, Katy Perry ,12,1,127, 2013-05-11
9, Michael Jackson ,15,13,117, 2013-05-11
10, P!nk ,17,1,91, 2013-05-11
11, Eminem ,11,13,126, 2013-05-11
12, David Guetta ,9,13,127, 2013-05-11
13, Beyonce ,6,1,126, 2013-05-11
14, Britney Spears ,16,1,124, 2013-05-11
15, PSY ,1,1,36, 2013-05-11
16, Adele ,20,1,117, 2013-05-11
17, The Black Eyed Peas ,22,1,119, 2013-05-11
18, Linkin Park ,24,1,127, 2013-05-11
19, Shakira ,4,13,127, 2013-05-11
20, Avril Lavigne ,23,1,124, 2013-05-11
21, Demi Lovato ,19,13,117, 2013-05-11
22, Maroon 5 ,25,1,66, 2013-05-11
23, Lady Gaga ,26,1,127, 2013-05-11
24, Macklemore & Ryan Lewis ,14,13,15, 2013-05-11
25, Alicia Keys ,27,1,73, 2013-05-11
26, LMFAO ,38,2,98, 2013-05-11
27, Christina Aguilera ,28,13,29, 2013-05-11
28, Jennifer Lopez ,32,13,113, 2013-05-11
29, Lil Wayne ,21,13,126, 2013-05-11
30, Nicki Minaj ,31,13,127, 2013-05-11
31, Snoop Dogg ,36,13,114, 2013-05-11
32, will.i.am ,34,13,17, 2013-05-11
33, The Beatles ,30,13,45, 2013-05-11
34, Selena Gomez ,5,13,125, 2013-05-11
35, Daft Punk ,33,13,23, 2013-05-11
36, 50 Cent ,41,13,116, 2013-05-11
37, Chris Brown ,39,13,125, 2013-05-11
38, Mariah Carey ,35,1,23, 2013-05-11
39, Ke$ha ,47,13,63, 2013-05-11
40, Green Day ,46,13,72, 2013-05-11
41, George Jones ,120,41,1, 2013-05-11
42, Flo Rida ,50,13,53, 2013-05-11
43, Miley Cyrus ,42,1,55, 2013-05-11
44, Carly Rae Jepsen ,48,13,39, 2013-05-11
45, Kelly Clarkson ,45,1,13, 2013-05-11
46, Drake ,37,13,123, 2013-05-11
47, Coldplay ,40,1,122, 2013-05-11
48, Ariana Grande ,120,13,23, 2013-05-11
49, Pink Floyd ,44,1,13, 2013-05-11
50, Ne-Yo ,120,39,11, 2013-05-11
1, PSY ,9,1,35, 2013-05-04
2, Justin Bieber ,3,1,126, 2013-05-04
3, Rihanna ,1,1,126, 2013-05-04
4, Shakira ,5,13,126, 2013-05-04
5, Selena Gomez ,22,13,124, 2013-05-04
6, Beyonce ,13,1,125, 2013-05-04
7, Taylor Swift ,2,1,126, 2013-05-04
8, Bruno Mars ,7,1,115, 2013-05-04
9, David Guetta ,23,13,126, 2013-05-04
10, One Direction ,4,13,76, 2013-05-04
11, Eminem ,15,13,125, 2013-05-04
12, Katy Perry ,17,1,126, 2013-05-04
13, Justin Timberlake ,6,1,97, 2013-05-04
14, Macklemore & Ryan Lewis ,24,13,14, 2013-05-04
15, Michael Jackson ,18,13,116, 2013-05-04
16, Britney Spears ,11,1,123, 2013-05-04
17, P!nk ,14,1,90, 2013-05-04
18, Pitbull ,10,13,124, 2013-05-04
19, Demi Lovato ,8,13,116, 2013-05-04
20, Adele ,21,1,116, 2013-05-04
21, Lil Wayne ,27,13,125, 2013-05-04
22, The Black Eyed Peas ,33,1,118, 2013-05-04
23, Avril Lavigne ,19,1,123, 2013-05-04
24, Linkin Park ,28,1,126, 2013-05-04
25, Maroon 5 ,31,1,65, 2013-05-04
26, Lady Gaga ,16,1,126, 2013-05-04
27, Alicia Keys ,25,1,72, 2013-05-04
28, Christina Aguilera ,30,13,28, 2013-05-04
29, Usher ,20,13,114, 2013-05-04
30, The Beatles ,39,13,44, 2013-05-04
31, Nicki Minaj ,26,13,126, 2013-05-04
32, Jennifer Lopez ,12,13,112, 2013-05-04
33, Daft Punk ,120,13,22, 2013-05-04
34, will.i.am ,46,13,16, 2013-05-04
35, Mariah Carey ,32,1,22, 2013-05-04
36, Snoop Dogg ,35,13,113, 2013-05-04
37, Drake ,29,13,122, 2013-05-04
38, LMFAO ,40,2,97, 2013-05-04
39, Chris Brown ,41,13,124, 2013-05-04
40, Coldplay ,50,1,121, 2013-05-04
41, 50 Cent ,43,13,115, 2013-05-04
42, Miley Cyrus ,42,1,54, 2013-05-04
43, Wiz Khalifa ,36,13,122, 2013-05-04
44, Pink Floyd ,120,1,12, 2013-05-04
45, Kelly Clarkson ,47,1,12, 2013-05-04
46, Green Day ,48,13,71, 2013-05-04
47, Ke$ha ,120,13,62, 2013-05-04
48, Carly Rae Jepsen ,44,13,38, 2013-05-04
49, Skrillex ,37,13,94, 2013-05-04
50, Flo Rida ,120,13,52, 2013-05-04
1, Rihanna ,2,1,125, 2013-04-27
2, Taylor Swift ,1,1,125, 2013-04-27
3, Justin Bieber ,3,1,125, 2013-04-27
4, One Direction ,6,13,75, 2013-04-27
5, Shakira ,7,13,125, 2013-04-27
6, Justin Timberlake ,5,1,96, 2013-04-27
7, Bruno Mars ,4,1,114, 2013-04-27
8, Demi Lovato ,17,13,115, 2013-04-27
9, PSY ,120,1,34, 2013-04-27
10, Pitbull ,12,13,123, 2013-04-27
11, Britney Spears ,8,1,122, 2013-04-27
12, Jennifer Lopez ,15,13,111, 2013-04-27
13, Beyonce ,10,1,124, 2013-04-27
14, P!nk ,11,1,89, 2013-04-27
15, Eminem ,13,13,124, 2013-04-27
16, Lady Gaga ,21,1,125, 2013-04-27
17, Katy Perry ,9,1,125, 2013-04-27
18, Michael Jackson ,18,13,115, 2013-04-27
19, Avril Lavigne ,22,1,122, 2013-04-27
20, Usher ,20,13,113, 2013-04-27
21, Adele ,14,1,115, 2013-04-27
22, Selena Gomez ,36,13,123, 2013-04-27
23, David Guetta ,24,13,125, 2013-04-27
24, Macklemore & Ryan Lewis ,28,13,13, 2013-04-27
25, Alicia Keys ,25,1,71, 2013-04-27
26, Nicki Minaj ,16,13,125, 2013-04-27
27, Lil Wayne ,19,13,124, 2013-04-27
28, Linkin Park ,23,1,125, 2013-04-27
29, Drake ,33,13,121, 2013-04-27
30, Christina Aguilera ,30,13,27, 2013-04-27
31, Maroon 5 ,26,1,64, 2013-04-27
32, Mariah Carey ,29,1,21, 2013-04-27
33, The Black Eyed Peas ,27,1,117, 2013-04-27
34, Ariana Grande ,37,13,22, 2013-04-27
35, Snoop Dogg ,34,13,112, 2013-04-27
36, Wiz Khalifa ,41,13,121, 2013-04-27
37, Skrillex ,42,13,93, 2013-04-27
38, Victoria Justice ,50,13,2, 2013-04-27
39, The Beatles ,39,13,43, 2013-04-27
40, LMFAO ,32,2,96, 2013-04-27
41, Chris Brown ,31,13,123, 2013-04-27
42, Miley Cyrus ,35,1,53, 2013-04-27
43, 50 Cent ,40,13,114, 2013-04-27
44, Carly Rae Jepsen ,46,13,37, 2013-04-27
45, Paramore ,120,13,15, 2013-04-27
46, will.i.am ,38,13,15, 2013-04-27
47, Kelly Clarkson ,44,1,11, 2013-04-27
48, Green Day ,43,13,70, 2013-04-27
49, Evanescence ,120,13,8, 2013-04-27
50, Coldplay ,45,1,120, 2013-04-27
1, Taylor Swift ,5,1,124, 2013-04-20
2, Rihanna ,4,1,124, 2013-04-20
3, Justin Bieber ,1,1,124, 2013-04-20
4, Bruno Mars ,9,1,113, 2013-04-20
5, Justin Timberlake ,3,1,95, 2013-04-20
6, One Direction ,6,13,74, 2013-04-20
7, Shakira ,7,13,124, 2013-04-20
8, Britney Spears ,12,1,121, 2013-04-20
9, Katy Perry ,10,1,124, 2013-04-20
10, Beyonce ,2,1,123, 2013-04-20
11, P!nk ,15,1,88, 2013-04-20
12, Pitbull ,18,13,122, 2013-04-20
13, Eminem ,11,13,123, 2013-04-20
14, Adele ,19,1,114, 2013-04-20
15, Jennifer Lopez ,20,13,110, 2013-04-20
16, Nicki Minaj ,28,13,124, 2013-04-20
17, Demi Lovato ,26,13,114, 2013-04-20
18, Michael Jackson ,14,13,114, 2013-04-20
19, Lil Wayne ,13,13,123, 2013-04-20
20, Usher ,8,13,112, 2013-04-20
21, Lady Gaga ,17,1,124, 2013-04-20
22, Avril Lavigne ,16,1,121, 2013-04-20
23, Linkin Park ,24,1,124, 2013-04-20
24, David Guetta ,22,13,124, 2013-04-20
25, Alicia Keys ,25,1,70, 2013-04-20
26, Maroon 5 ,29,1,63, 2013-04-20
27, The Black Eyed Peas ,30,1,116, 2013-04-20
28, Macklemore & Ryan Lewis ,21,13,12, 2013-04-20
29, Mariah Carey ,35,1,20, 2013-04-20
30, Christina Aguilera ,27,13,26, 2013-04-20
31, Chris Brown ,43,13,122, 2013-04-20
32, LMFAO ,120,2,95, 2013-04-20
33, Drake ,32,13,120, 2013-04-20
34, Snoop Dogg ,37,13,111, 2013-04-20
35, Miley Cyrus ,40,1,52, 2013-04-20
36, Selena Gomez ,23,13,122, 2013-04-20
37, Ariana Grande ,38,13,21, 2013-04-20
38, will.i.am ,36,13,14, 2013-04-20
39, The Beatles ,33,13,42, 2013-04-20
40, 50 Cent ,31,13,113, 2013-04-20
41, Wiz Khalifa ,41,13,120, 2013-04-20
42, Skrillex ,34,13,92, 2013-04-20
43, Green Day ,44,13,69, 2013-04-20
44, Kelly Clarkson ,46,1,10, 2013-04-20
45, Coldplay ,42,1,119, 2013-04-20
46, Carly Rae Jepsen ,120,13,36, 2013-04-20
47, Flo Rida ,120,13,51, 2013-04-20
48, Austin Mahone ,120,13,15, 2013-04-20
49, Ke$ha ,45,13,61, 2013-04-20
50, Victoria Justice ,120,13,1, 2013-04-20
1, Justin Bieber ,2,1,123, 2013-04-13
2, Beyonce ,6,1,122, 2013-04-13
3, Justin Timberlake ,1,1,94, 2013-04-13
4, Rihanna ,3,1,123, 2013-04-13
5, Taylor Swift ,4,1,123, 2013-04-13
6, One Direction ,5,13,73, 2013-04-13
7, Shakira ,14,13,123, 2013-04-13
8, Usher ,19,13,111, 2013-04-13
9, Bruno Mars ,9,1,112, 2013-04-13
10, Katy Perry ,24,1,123, 2013-04-13
11, Eminem ,10,13,122, 2013-04-13
12, Britney Spears ,8,1,120, 2013-04-13
13, Lil Wayne ,7,13,122, 2013-04-13
14, Michael Jackson ,18,13,113, 2013-04-13
15, P!nk ,11,1,87, 2013-04-13
16, Avril Lavigne ,42,1,120, 2013-04-13
17, Lady Gaga ,21,1,123, 2013-04-13
18, Pitbull ,17,13,121, 2013-04-13
19, Adele ,36,1,113, 2013-04-13
20, Jennifer Lopez ,15,13,109, 2013-04-13
21, Macklemore & Ryan Lewis ,16,13,11, 2013-04-13
22, David Guetta ,23,13,123, 2013-04-13
23, Selena Gomez ,12,13,121, 2013-04-13
24, Linkin Park ,22,1,123, 2013-04-13
25, Alicia Keys ,25,1,69, 2013-04-13
26, Demi Lovato ,20,13,113, 2013-04-13
27, Christina Aguilera ,30,13,25, 2013-04-13
28, Nicki Minaj ,13,13,123, 2013-04-13
29, Maroon 5 ,35,1,62, 2013-04-13
30, The Black Eyed Peas ,31,1,115, 2013-04-13
31, 50 Cent ,33,13,112, 2013-04-13
32, Drake ,39,13,119, 2013-04-13
33, The Beatles ,29,13,41, 2013-04-13
34, Skrillex ,27,13,91, 2013-04-13
35, Mariah Carey ,34,1,19, 2013-04-13
36, will.i.am ,32,13,13, 2013-04-13
37, Snoop Dogg ,37,13,110, 2013-04-13
38, Ariana Grande ,40,13,20, 2013-04-13
39, Pink Floyd ,28,1,11, 2013-04-13
40, Miley Cyrus ,26,1,51, 2013-04-13
41, Wiz Khalifa ,38,13,119, 2013-04-13
42, Coldplay ,45,1,118, 2013-04-13
43, Chris Brown ,41,13,121, 2013-04-13
44, Green Day ,48,13,68, 2013-04-13
45, Ke$ha ,43,13,60, 2013-04-13
46, Kelly Clarkson ,120,1,9, 2013-04-13
47, Ne-Yo ,120,39,10, 2013-04-13
48, Metallica ,46,1,25, 2013-04-13
49, Belinda ,120,13,2, 2013-04-13
50, Ed Sheeran ,44,1,20, 2013-04-13
1, Justin Timberlake ,6,1,93, 2013-04-06
2, Justin Bieber ,1,1,122, 2013-04-06
3, Rihanna ,3,1,122, 2013-04-06
4, Taylor Swift ,5,1,122, 2013-04-06
5, One Direction ,4,13,72, 2013-04-06
6, Beyonce ,11,1,121, 2013-04-06
7, Lil Wayne ,2,13,121, 2013-04-06
8, Britney Spears ,8,1,119, 2013-04-06
9, Bruno Mars ,7,1,111, 2013-04-06
10, Eminem ,9,13,121, 2013-04-06
11, P!nk ,13,1,86, 2013-04-06
12, Selena Gomez ,14,13,120, 2013-04-06
13, Nicki Minaj ,10,13,122, 2013-04-06
14, Shakira ,20,13,122, 2013-04-06
15, Jennifer Lopez ,18,13,108, 2013-04-06
16, Macklemore & Ryan Lewis ,15,13,10, 2013-04-06
17, Pitbull ,16,13,120, 2013-04-06
18, Michael Jackson ,25,13,112, 2013-04-06
19, Usher ,27,13,110, 2013-04-06
20, Demi Lovato ,12,13,112, 2013-04-06
21, Lady Gaga ,19,1,122, 2013-04-06
22, Linkin Park ,23,1,122, 2013-04-06
23, David Guetta ,26,13,122, 2013-04-06
24, Katy Perry ,17,1,122, 2013-04-06
25, Alicia Keys ,21,1,68, 2013-04-06
26, Miley Cyrus ,120,1,50, 2013-04-06
27, Skrillex ,28,13,90, 2013-04-06
28, Pink Floyd ,22,1,10, 2013-04-06
29, The Beatles ,39,13,40, 2013-04-06
30, Christina Aguilera ,29,13,24, 2013-04-06
31, The Black Eyed Peas ,33,1,114, 2013-04-06
32, will.i.am ,24,13,12, 2013-04-06
33, 50 Cent ,35,13,111, 2013-04-06
34, Mariah Carey ,36,1,18, 2013-04-06
35, Maroon 5 ,34,1,61, 2013-04-06
36, Adele ,31,1,112, 2013-04-06
37, Snoop Dogg ,38,13,109, 2013-04-06
38, Wiz Khalifa ,43,13,118, 2013-04-06
39, Drake ,32,13,118, 2013-04-06
40, Ariana Grande ,120,13,19, 2013-04-06
41, Chris Brown ,37,13,120, 2013-04-06
42, Avril Lavigne ,46,1,119, 2013-04-06
43, Ke$ha ,120,13,59, 2013-04-06
44, Ed Sheeran ,44,1,19, 2013-04-06
45, Coldplay ,120,1,117, 2013-04-06
46, Metallica ,49,1,24, 2013-04-06
47, Bob Marley ,42,13,69, 2013-04-06
48, Green Day ,120,13,67, 2013-04-06
49, 2Pac ,40,13,17, 2013-04-06
50, PSY ,30,1,33, 2013-04-06
1, Justin Bieber ,1,1,121, 2013-03-30
2, Lil Wayne ,19,13,120, 2013-03-30
3, Rihanna ,2,1,121, 2013-03-30
4, One Direction ,3,13,71, 2013-03-30
5, Taylor Swift ,6,1,121, 2013-03-30
6, Justin Timberlake ,5,1,92, 2013-03-30
7, Bruno Mars ,9,1,110, 2013-03-30
8, Britney Spears ,4,1,118, 2013-03-30
9, Eminem ,10,13,120, 2013-03-30
10, Nicki Minaj ,8,13,121, 2013-03-30
11, Beyonce ,7,1,120, 2013-03-30
12, Demi Lovato ,12,13,111, 2013-03-30
13, P!nk ,18,1,85, 2013-03-30
14, Selena Gomez ,11,13,119, 2013-03-30
15, Macklemore & Ryan Lewis ,15,13,9, 2013-03-30
16, Pitbull ,14,13,119, 2013-03-30
17, Katy Perry ,23,1,121, 2013-03-30
18, Jennifer Lopez ,16,13,107, 2013-03-30
19, Lady Gaga ,13,1,121, 2013-03-30
20, Shakira ,21,13,121, 2013-03-30
21, Alicia Keys ,22,1,67, 2013-03-30
22, Pink Floyd ,29,1,9, 2013-03-30
23, Linkin Park ,26,1,121, 2013-03-30
24, will.i.am ,44,13,11, 2013-03-30
25, Michael Jackson ,24,13,111, 2013-03-30
26, David Guetta ,28,13,121, 2013-03-30
27, Usher ,17,13,109, 2013-03-30
28, Skrillex ,25,13,89, 2013-03-30
29, Christina Aguilera ,31,13,23, 2013-03-30
30, PSY ,47,1,32, 2013-03-30
31, Adele ,30,1,111, 2013-03-30
32, Drake ,20,13,117, 2013-03-30
33, The Black Eyed Peas ,41,1,113, 2013-03-30
34, Maroon 5 ,36,1,60, 2013-03-30
35, 50 Cent ,38,13,110, 2013-03-30
36, Mariah Carey ,32,1,17, 2013-03-30
37, Chris Brown ,33,13,119, 2013-03-30
38, Snoop Dogg ,37,13,108, 2013-03-30
39, The Beatles ,43,13,39, 2013-03-30
40, 2Pac ,42,13,16, 2013-03-30
41, Kelly Clarkson ,120,1,8, 2013-03-30
42, Bob Marley ,35,13,68, 2013-03-30
43, Wiz Khalifa ,34,13,117, 2013-03-30
44, Ed Sheeran ,39,1,18, 2013-03-30
45, Belinda ,120,13,1, 2013-03-30
46, Avril Lavigne ,27,1,118, 2013-03-30
47, Ne-Yo ,120,39,9, 2013-03-30
48, Lindsey Stirling ,120,13,24, 2013-03-30
49, Metallica ,45,1,23, 2013-03-30
50, Austin Mahone ,120,13,14, 2013-03-30
1, Justin Bieber ,1,1,120, 2013-03-23
2, Rihanna ,3,1,120, 2013-03-23
3, One Direction ,4,13,70, 2013-03-23
4, Britney Spears ,2,1,117, 2013-03-23
5, Justin Timberlake ,7,1,91, 2013-03-23
6, Taylor Swift ,5,1,120, 2013-03-23
7, Beyonce ,10,1,119, 2013-03-23
8, Nicki Minaj ,6,13,120, 2013-03-23
9, Bruno Mars ,8,1,109, 2013-03-23
10, Eminem ,9,13,119, 2013-03-23
11, Selena Gomez ,11,13,118, 2013-03-23
12, Demi Lovato ,12,13,110, 2013-03-23
13, Lady Gaga ,15,1,120, 2013-03-23
14, Pitbull ,14,13,118, 2013-03-23
15, Macklemore & Ryan Lewis ,22,13,8, 2013-03-23
16, Jennifer Lopez ,26,13,106, 2013-03-23
17, Usher ,23,13,108, 2013-03-23
18, P!nk ,17,1,84, 2013-03-23
19, Lil Wayne ,13,13,119, 2013-03-23
20, Drake ,33,13,116, 2013-03-23
21, Shakira ,19,13,120, 2013-03-23
22, Alicia Keys ,18,1,66, 2013-03-23
23, Katy Perry ,20,1,120, 2013-03-23
24, Michael Jackson ,25,13,110, 2013-03-23
25, Skrillex ,30,13,88, 2013-03-23
26, Linkin Park ,28,1,120, 2013-03-23
27, Avril Lavigne ,21,1,117, 2013-03-23
28, David Guetta ,27,13,120, 2013-03-23
29, Pink Floyd ,120,1,8, 2013-03-23
30, Adele ,16,1,110, 2013-03-23
31, Christina Aguilera ,29,13,22, 2013-03-23
32, Mariah Carey ,31,1,16, 2013-03-23
33, Chris Brown ,34,13,118, 2013-03-23
34, Wiz Khalifa ,24,13,116, 2013-03-23
35, Bob Marley ,45,13,67, 2013-03-23
36, Maroon 5 ,39,1,59, 2013-03-23
37, Snoop Dogg ,35,13,107, 2013-03-23
38, 50 Cent ,36,13,109, 2013-03-23
39, Ed Sheeran ,46,1,17, 2013-03-23
40, Jennette McCurdy ,32,13,8, 2013-03-23
41, The Black Eyed Peas ,41,1,112, 2013-03-23
42, 2Pac ,120,13,15, 2013-03-23
43, The Beatles ,42,13,38, 2013-03-23
44, will.i.am ,37,13,10, 2013-03-23
45, Metallica ,44,1,22, 2013-03-23
46, Coldplay ,47,1,116, 2013-03-23
47, PSY ,40,1,31, 2013-03-23
48, Miley Cyrus ,38,1,49, 2013-03-23
49, Bon Jovi ,120,1,12, 2013-03-23
50, Ke$ha ,43,13,58, 2013-03-23
1, Justin Bieber ,4,1,119, 2013-03-16
2, Britney Spears ,2,1,116, 2013-03-16
3, Rihanna ,1,1,119, 2013-03-16
4, One Direction ,3,13,69, 2013-03-16
5, Taylor Swift ,5,1,119, 2013-03-16
6, Nicki Minaj ,16,13,119, 2013-03-16
7, Justin Timberlake ,7,1,90, 2013-03-16
8, Bruno Mars ,10,1,108, 2013-03-16
9, Eminem ,11,13,118, 2013-03-16
10, Beyonce ,9,1,118, 2013-03-16
11, Selena Gomez ,8,13,117, 2013-03-16
12, Demi Lovato ,20,13,109, 2013-03-16
13, Lil Wayne ,14,13,118, 2013-03-16
14, Pitbull ,15,13,117, 2013-03-16
15, Lady Gaga ,12,1,119, 2013-03-16
16, Adele ,22,1,109, 2013-03-16
17, P!nk ,24,1,83, 2013-03-16
18, Alicia Keys ,17,1,65, 2013-03-16
19, Shakira ,13,13,119, 2013-03-16
20, Katy Perry ,18,1,119, 2013-03-16
21, Avril Lavigne ,21,1,116, 2013-03-16
22, Macklemore & Ryan Lewis ,25,13,7, 2013-03-16
23, Usher ,23,13,107, 2013-03-16
24, Wiz Khalifa ,6,13,115, 2013-03-16
25, Michael Jackson ,19,13,109, 2013-03-16
26, Jennifer Lopez ,28,13,105, 2013-03-16
27, David Guetta ,30,13,119, 2013-03-16
28, Linkin Park ,26,1,119, 2013-03-16
29, Christina Aguilera ,39,13,21, 2013-03-16
30, Skrillex ,31,13,87, 2013-03-16
31, Mariah Carey ,46,1,15, 2013-03-16
32, Jennette McCurdy ,37,13,7, 2013-03-16
33, Drake ,27,13,115, 2013-03-16
34, Chris Brown ,38,13,117, 2013-03-16
35, Snoop Dogg ,35,13,106, 2013-03-16
36, 50 Cent ,34,13,108, 2013-03-16
37, will.i.am ,42,13,9, 2013-03-16
38, Miley Cyrus ,33,1,48, 2013-03-16
39, Maroon 5 ,32,1,58, 2013-03-16
40, PSY ,29,1,30, 2013-03-16
41, The Black Eyed Peas ,36,1,111, 2013-03-16
42, The Beatles ,44,13,37, 2013-03-16
43, Ke$ha ,47,13,57, 2013-03-16
44, Metallica ,120,1,21, 2013-03-16
45, Bob Marley ,48,13,66, 2013-03-16
46, Ed Sheeran ,41,1,16, 2013-03-16
47, Coldplay ,40,1,115, 2013-03-16
48, Carly Rae Jepsen ,120,13,35, 2013-03-16
49, Ashley Tisdale ,120,13,1, 2013-03-16
50, Ne-Yo ,120,39,8, 2013-03-16
1, Rihanna ,1,1,118, 2013-03-09
2, Britney Spears ,4,1,115, 2013-03-09
3, One Direction ,8,13,68, 2013-03-09
4, Justin Bieber ,2,1,118, 2013-03-09
5, Taylor Swift ,3,1,118, 2013-03-09
6, Wiz Khalifa ,42,13,114, 2013-03-09
7, Justin Timberlake ,9,1,89, 2013-03-09
8, Selena Gomez ,13,13,116, 2013-03-09
9, Beyonce ,5,1,117, 2013-03-09
10, Bruno Mars ,6,1,107, 2013-03-09
11, Eminem ,10,13,117, 2013-03-09
12, Lady Gaga ,12,1,118, 2013-03-09
13, Shakira ,7,13,118, 2013-03-09
14, Lil Wayne ,17,13,117, 2013-03-09
15, Pitbull ,15,13,116, 2013-03-09
16, Nicki Minaj ,14,13,118, 2013-03-09
17, Alicia Keys ,16,1,64, 2013-03-09
18, Katy Perry ,11,1,118, 2013-03-09
19, Michael Jackson ,18,13,108, 2013-03-09
20, Demi Lovato ,26,13,108, 2013-03-09
21, Avril Lavigne ,25,1,115, 2013-03-09
22, Adele ,19,1,108, 2013-03-09
23, Usher ,23,13,106, 2013-03-09
24, P!nk ,21,1,82, 2013-03-09
25, Macklemore & Ryan Lewis ,27,13,6, 2013-03-09
26, Linkin Park ,24,1,118, 2013-03-09
27, Drake ,22,13,114, 2013-03-09
28, Jennifer Lopez ,20,13,104, 2013-03-09
29, PSY ,33,1,29, 2013-03-09
30, David Guetta ,28,13,118, 2013-03-09
31, Skrillex ,32,13,86, 2013-03-09
32, Maroon 5 ,30,1,57, 2013-03-09
33, Miley Cyrus ,39,1,47, 2013-03-09
34, 50 Cent ,36,13,107, 2013-03-09
35, Snoop Dogg ,120,13,105, 2013-03-09
36, The Black Eyed Peas ,34,1,110, 2013-03-09
37, Jennette McCurdy ,49,13,6, 2013-03-09
38, Chris Brown ,31,13,116, 2013-03-09
39, Christina Aguilera ,47,13,20, 2013-03-09
40, Coldplay ,43,1,114, 2013-03-09
41, Ed Sheeran ,29,1,15, 2013-03-09
42, will.i.am ,41,13,8, 2013-03-09
43, Kelly Clarkson ,44,1,7, 2013-03-09
44, The Beatles ,37,13,36, 2013-03-09
45, 2Pac ,38,13,14, 2013-03-09
46, Mariah Carey ,50,1,14, 2013-03-09
47, Ke$ha ,46,13,56, 2013-03-09
48, Bob Marley ,45,13,65, 2013-03-09
49, LMFAO ,40,2,94, 2013-03-09
50, Pink Floyd ,120,1,7, 2013-03-09
1, Rihanna ,2,1,117, 2013-03-02
2, Justin Bieber ,4,1,117, 2013-03-02
3, Taylor Swift ,6,1,117, 2013-03-02
4, Britney Spears ,8,1,114, 2013-03-02
5, Beyonce ,1,1,116, 2013-03-02
6, Bruno Mars ,7,1,106, 2013-03-02
7, Shakira ,3,13,117, 2013-03-02
8, One Direction ,9,13,67, 2013-03-02
9, Justin Timberlake ,18,1,88, 2013-03-02
10, Eminem ,11,13,116, 2013-03-02
11, Katy Perry ,10,1,117, 2013-03-02
12, Lady Gaga ,13,1,117, 2013-03-02
13, Selena Gomez ,15,13,115, 2013-03-02
14, Nicki Minaj ,19,13,117, 2013-03-02
15, Pitbull ,16,13,115, 2013-03-02
16, Alicia Keys ,14,1,63, 2013-03-02
17, Lil Wayne ,22,13,116, 2013-03-02
18, Michael Jackson ,20,13,107, 2013-03-02
19, Adele ,24,1,107, 2013-03-02
20, Jennifer Lopez ,17,13,103, 2013-03-02
21, P!nk ,28,1,81, 2013-03-02
22, Drake ,39,13,113, 2013-03-02
23, Usher ,26,13,105, 2013-03-02
24, Linkin Park ,21,1,117, 2013-03-02
25, Avril Lavigne ,31,1,114, 2013-03-02
26, Demi Lovato ,34,13,107, 2013-03-02
27, Macklemore & Ryan Lewis ,33,13,5, 2013-03-02
28, David Guetta ,23,13,117, 2013-03-02
29, Ed Sheeran ,46,1,14, 2013-03-02
30, Maroon 5 ,25,1,56, 2013-03-02
31, Chris Brown ,37,13,115, 2013-03-02
32, Skrillex ,5,13,85, 2013-03-02
33, PSY ,27,1,28, 2013-03-02
34, The Black Eyed Peas ,35,1,109, 2013-03-02
35, Metallica ,120,1,20, 2013-03-02
36, 50 Cent ,30,13,106, 2013-03-02
37, The Beatles ,40,13,35, 2013-03-02
38, 2Pac ,42,13,13, 2013-03-02
39, Miley Cyrus ,38,1,46, 2013-03-02
40, LMFAO ,12,2,93, 2013-03-02
41, will.i.am ,45,13,7, 2013-03-02
42, Wiz Khalifa ,32,13,113, 2013-03-02
43, Coldplay ,47,1,113, 2013-03-02
44, Kelly Clarkson ,120,1,6, 2013-03-02
45, Bob Marley ,29,13,64, 2013-03-02
46, Ke$ha ,44,13,55, 2013-03-02
47, Christina Aguilera ,41,13,19, 2013-03-02
48, Carly Rae Jepsen ,48,13,34, 2013-03-02
49, Jennette McCurdy ,120,13,5, 2013-03-02
50, Mariah Carey ,120,1,13, 2013-03-02
1, Beyonce ,1,1,115, 2013-02-23
2, Rihanna ,3,1,116, 2013-02-23
3, Shakira ,8,13,116, 2013-02-23
4, Justin Bieber ,2,1,116, 2013-02-23
5, Skrillex ,30,13,84, 2013-02-23
6, Taylor Swift ,6,1,116, 2013-02-23
7, Bruno Mars ,7,1,105, 2013-02-23
8, Britney Spears ,4,1,113, 2013-02-23
9, One Direction ,5,13,66, 2013-02-23
10, Katy Perry ,10,1,116, 2013-02-23
11, Eminem ,11,13,115, 2013-02-23
12, LMFAO ,37,2,92, 2013-02-23
13, Lady Gaga ,12,1,116, 2013-02-23
14, Alicia Keys ,14,1,62, 2013-02-23
15, Selena Gomez ,9,13,114, 2013-02-23
16, Pitbull ,15,13,114, 2013-02-23
17, Jennifer Lopez ,17,13,102, 2013-02-23
18, Justin Timberlake ,16,1,87, 2013-02-23
19, Nicki Minaj ,13,13,116, 2013-02-23
20, Michael Jackson ,26,13,106, 2013-02-23
21, Linkin Park ,24,1,116, 2013-02-23
22, Lil Wayne ,19,13,115, 2013-02-23
23, David Guetta ,20,13,116, 2013-02-23
24, Adele ,28,1,106, 2013-02-23
25, Maroon 5 ,21,1,55, 2013-02-23
26, Usher ,22,13,104, 2013-02-23
27, PSY ,38,1,27, 2013-02-23
28, P!nk ,33,1,80, 2013-02-23
29, Bob Marley ,49,13,63, 2013-02-23
30, 50 Cent ,27,13,105, 2013-02-23
31, Avril Lavigne ,18,1,113, 2013-02-23
32, Wiz Khalifa ,42,13,112, 2013-02-23
33, Macklemore & Ryan Lewis ,34,13,4, 2013-02-23
34, Demi Lovato ,25,13,106, 2013-02-23
35, The Black Eyed Peas ,32,1,108, 2013-02-23
36, Snoop Dogg ,29,13,104, 2013-02-23
37, Chris Brown ,31,13,114, 2013-02-23
38, Miley Cyrus ,35,1,45, 2013-02-23
39, Drake ,44,13,112, 2013-02-23
40, The Beatles ,36,13,34, 2013-02-23
41, Christina Aguilera ,41,13,18, 2013-02-23
42, 2Pac ,48,13,12, 2013-02-23
43, Flo Rida ,45,13,50, 2013-02-23
44, Ke$ha ,39,13,54, 2013-02-23
45, will.i.am ,40,13,6, 2013-02-23
46, Ed Sheeran ,46,1,13, 2013-02-23
47, Coldplay ,47,1,112, 2013-02-23
48, Carly Rae Jepsen ,120,13,33, 2013-02-23
49, Fall Out Boy ,120,13,1, 2013-02-23
50, Little Mix ,120,13,1, 2013-02-23
1, Beyonce ,4,1,114, 2013-02-16
2, Justin Bieber ,2,1,115, 2013-02-16
3, Rihanna ,3,1,115, 2013-02-16
4, Britney Spears ,6,1,112, 2013-02-16
5, One Direction ,5,13,65, 2013-02-16
6, Taylor Swift ,7,1,115, 2013-02-16
7, Bruno Mars ,8,1,104, 2013-02-16
8, Shakira ,1,13,115, 2013-02-16
9, Selena Gomez ,12,13,113, 2013-02-16
10, Katy Perry ,11,1,115, 2013-02-16
11, Eminem ,9,13,114, 2013-02-16
12, Lady Gaga ,14,1,115, 2013-02-16
13, Nicki Minaj ,13,13,115, 2013-02-16
14, Alicia Keys ,10,1,61, 2013-02-16
15, Pitbull ,17,13,113, 2013-02-16
16, Justin Timberlake ,15,1,86, 2013-02-16
17, Jennifer Lopez ,16,13,101, 2013-02-16
18, Avril Lavigne ,25,1,112, 2013-02-16
19, Lil Wayne ,24,13,114, 2013-02-16
20, David Guetta ,20,13,115, 2013-02-16
21, Maroon 5 ,30,1,54, 2013-02-16
22, Usher ,22,13,103, 2013-02-16
23, Tyga ,120,13,3, 2013-02-16
24, Linkin Park ,21,1,115, 2013-02-16
25, Demi Lovato ,26,13,105, 2013-02-16
26, Michael Jackson ,19,13,105, 2013-02-16
27, 50 Cent ,27,13,104, 2013-02-16
28, Adele ,18,1,105, 2013-02-16
29, Snoop Dogg ,28,13,103, 2013-02-16
30, Skrillex ,34,13,83, 2013-02-16
31, Chris Brown ,23,13,113, 2013-02-16
32, The Black Eyed Peas ,33,1,107, 2013-02-16
33, P!nk ,32,1,79, 2013-02-16
34, Macklemore & Ryan Lewis ,36,13,3, 2013-02-16
35, Miley Cyrus ,35,1,44, 2013-02-16
36, The Beatles ,39,13,33, 2013-02-16
37, LMFAO ,31,2,91, 2013-02-16
38, PSY ,38,1,26, 2013-02-16
39, Ke$ha ,40,13,53, 2013-02-16
40, will.i.am ,120,13,5, 2013-02-16
41, Christina Aguilera ,46,13,17, 2013-02-16
42, Wiz Khalifa ,37,13,111, 2013-02-16
43, Pink Floyd ,120,1,6, 2013-02-16
44, Drake ,43,13,111, 2013-02-16
45, Flo Rida ,50,13,49, 2013-02-16
46, Ed Sheeran ,44,1,12, 2013-02-16
47, Coldplay ,41,1,111, 2013-02-16
48, 2Pac ,120,13,11, 2013-02-16
49, Bob Marley ,45,13,62, 2013-02-16
50, Ariana Grande ,29,13,18, 2013-02-16
1, Shakira ,6,13,114, 2013-02-09
2, Justin Bieber ,1,1,114, 2013-02-09
3, Rihanna ,3,1,114, 2013-02-09
4, Beyonce ,9,1,113, 2013-02-09
5, One Direction ,2,13,64, 2013-02-09
6, Britney Spears ,5,1,111, 2013-02-09
7, Taylor Swift ,4,1,114, 2013-02-09
8, Bruno Mars ,7,1,103, 2013-02-09
9, Eminem ,12,13,113, 2013-02-09
10, Alicia Keys ,19,1,60, 2013-02-09
11, Katy Perry ,11,1,114, 2013-02-09
12, Selena Gomez ,10,13,112, 2013-02-09
13, Nicki Minaj ,8,13,114, 2013-02-09
14, Lady Gaga ,18,1,114, 2013-02-09
15, Justin Timberlake ,17,1,85, 2013-02-09
16, Jennifer Lopez ,14,13,100, 2013-02-09
17, Pitbull ,20,13,112, 2013-02-09
18, Adele ,21,1,104, 2013-02-09
19, Michael Jackson ,29,13,104, 2013-02-09
20, David Guetta ,22,13,114, 2013-02-09
21, Linkin Park ,26,1,114, 2013-02-09
22, Usher ,24,13,102, 2013-02-09
23, Chris Brown ,15,13,112, 2013-02-09
24, Lil Wayne ,25,13,113, 2013-02-09
25, Avril Lavigne ,31,1,111, 2013-02-09
26, Demi Lovato ,16,13,104, 2013-02-09
27, 50 Cent ,32,13,103, 2013-02-09
28, Snoop Dogg ,36,13,102, 2013-02-09
29, Ariana Grande ,120,13,17, 2013-02-09
30, Maroon 5 ,33,1,53, 2013-02-09
31, LMFAO ,34,2,90, 2013-02-09
32, P!nk ,35,1,78, 2013-02-09
33, The Black Eyed Peas ,40,1,106, 2013-02-09
34, Skrillex ,13,13,82, 2013-02-09
35, Miley Cyrus ,23,1,43, 2013-02-09
36, Macklemore & Ryan Lewis ,43,13,2, 2013-02-09
37, Wiz Khalifa ,28,13,110, 2013-02-09
38, PSY ,27,1,25, 2013-02-09
39, The Beatles ,39,13,32, 2013-02-09
40, Ke$ha ,41,13,52, 2013-02-09
41, Coldplay ,46,1,110, 2013-02-09
42, Metallica ,49,1,19, 2013-02-09
43, Drake ,37,13,110, 2013-02-09
44, Ed Sheeran ,44,1,11, 2013-02-09
45, Bob Marley ,30,13,61, 2013-02-09
46, Christina Aguilera ,120,13,16, 2013-02-09
47, Carly Rae Jepsen ,50,13,32, 2013-02-09
48, Mariah Carey ,42,1,12, 2013-02-09
49, Jennette McCurdy ,120,13,4, 2013-02-09
50, Flo Rida ,45,13,48, 2013-02-09
1, Justin Bieber ,1,1,113, 2013-02-02
2, One Direction ,2,13,63, 2013-02-02
3, Rihanna ,5,1,113, 2013-02-02
4, Taylor Swift ,4,1,113, 2013-02-02
5, Britney Spears ,3,1,110, 2013-02-02
6, Shakira ,16,13,113, 2013-02-02
7, Bruno Mars ,6,1,102, 2013-02-02
8, Nicki Minaj ,14,13,113, 2013-02-02
9, Beyonce ,7,1,112, 2013-02-02
10, Selena Gomez ,8,13,111, 2013-02-02
11, Katy Perry ,9,1,113, 2013-02-02
12, Eminem ,11,13,112, 2013-02-02
13, Skrillex ,26,13,81, 2013-02-02
14, Jennifer Lopez ,15,13,99, 2013-02-02
15, Chris Brown ,32,13,111, 2013-02-02
16, Demi Lovato ,25,13,103, 2013-02-02
17, Justin Timberlake ,20,1,84, 2013-02-02
18, Lady Gaga ,19,1,113, 2013-02-02
19, Alicia Keys ,12,1,59, 2013-02-02
20, Pitbull ,13,13,111, 2013-02-02
21, Adele ,18,1,103, 2013-02-02
22, David Guetta ,21,13,113, 2013-02-02
23, Miley Cyrus ,31,1,42, 2013-02-02
24, Usher ,29,13,101, 2013-02-02
25, Lil Wayne ,17,13,112, 2013-02-02
26, Linkin Park ,22,1,113, 2013-02-02
27, PSY ,10,1,24, 2013-02-02
28, Wiz Khalifa ,24,13,109, 2013-02-02
29, Michael Jackson ,23,13,103, 2013-02-02
30, Bob Marley ,42,13,60, 2013-02-02
31, Avril Lavigne ,27,1,110, 2013-02-02
32, 50 Cent ,30,13,102, 2013-02-02
33, Maroon 5 ,28,1,52, 2013-02-02
34, LMFAO ,36,2,89, 2013-02-02
35, P!nk ,34,1,77, 2013-02-02
36, Snoop Dogg ,33,13,101, 2013-02-02
37, Drake ,46,13,109, 2013-02-02
38, Tyga ,120,13,2, 2013-02-02
39, The Beatles ,47,13,31, 2013-02-02
40, The Black Eyed Peas ,40,1,105, 2013-02-02
41, Ke$ha ,120,13,51, 2013-02-02
42, Mariah Carey ,50,1,11, 2013-02-02
43, Macklemore & Ryan Lewis ,120,13,1, 2013-02-02
44, Ed Sheeran ,37,1,10, 2013-02-02
45, Flo Rida ,43,13,47, 2013-02-02
46, Coldplay ,39,1,109, 2013-02-02
47, Swedish House Mafia ,120,44,3, 2013-02-02
48, 2Pac ,38,13,10, 2013-02-02
49, Metallica ,120,1,18, 2013-02-02
50, Carly Rae Jepsen ,44,13,31, 2013-02-02
1, Justin Bieber ,1,1,112, 2013-01-26
2, One Direction ,2,13,62, 2013-01-26
3, Britney Spears ,5,1,109, 2013-01-26
4, Taylor Swift ,4,1,112, 2013-01-26
5, Rihanna ,3,1,112, 2013-01-26
6, Bruno Mars ,6,1,101, 2013-01-26
7, Beyonce ,15,1,111, 2013-01-26
8, Selena Gomez ,8,13,110, 2013-01-26
9, Katy Perry ,9,1,112, 2013-01-26
10, PSY ,7,1,23, 2013-01-26
11, Eminem ,13,13,111, 2013-01-26
12, Alicia Keys ,17,1,58, 2013-01-26
13, Pitbull ,12,13,110, 2013-01-26
14, Nicki Minaj ,14,13,112, 2013-01-26
15, Jennifer Lopez ,19,13,98, 2013-01-26
16, Shakira ,10,13,112, 2013-01-26
17, Lil Wayne ,21,13,111, 2013-01-26
18, Adele ,26,1,102, 2013-01-26
19, Lady Gaga ,16,1,112, 2013-01-26
20, Justin Timberlake ,38,1,83, 2013-01-26
21, David Guetta ,20,13,112, 2013-01-26
22, Linkin Park ,24,1,112, 2013-01-26
23, Michael Jackson ,18,13,102, 2013-01-26
24, Wiz Khalifa ,32,13,108, 2013-01-26
25, Demi Lovato ,28,13,102, 2013-01-26
26, Skrillex ,27,13,80, 2013-01-26
27, Avril Lavigne ,29,1,109, 2013-01-26
28, Maroon 5 ,23,1,51, 2013-01-26
29, Usher ,25,13,100, 2013-01-26
30, 50 Cent ,34,13,101, 2013-01-26
31, Miley Cyrus ,36,1,41, 2013-01-26
32, Chris Brown ,22,13,110, 2013-01-26
33, Snoop Dogg ,35,13,100, 2013-01-26
34, P!nk ,30,1,76, 2013-01-26
35, David Bowie ,120,13,1, 2013-01-26
36, LMFAO ,31,2,88, 2013-01-26
37, Ed Sheeran ,33,1,9, 2013-01-26
38, 2Pac ,47,13,9, 2013-01-26
39, Coldplay ,44,1,108, 2013-01-26
40, The Black Eyed Peas ,11,1,104, 2013-01-26
41, Christina Aguilera ,39,13,15, 2013-01-26
42, Bob Marley ,120,13,59, 2013-01-26
43, Flo Rida ,40,13,46, 2013-01-26
44, Carly Rae Jepsen ,37,13,30, 2013-01-26
45, Ariana Grande ,41,13,16, 2013-01-26
46, Drake ,45,13,108, 2013-01-26
47, The Beatles ,49,13,30, 2013-01-26
48, Jennette McCurdy ,43,13,3, 2013-01-26
49, will.i.am ,42,13,4, 2013-01-26
50, Mariah Carey ,120,1,10, 2013-01-26
1, Justin Bieber ,1,1,111, 2013-01-19
2, One Direction ,2,13,61, 2013-01-19
3, Rihanna ,3,1,111, 2013-01-19
4, Taylor Swift ,4,1,111, 2013-01-19
5, Britney Spears ,8,1,108, 2013-01-19
6, Bruno Mars ,5,1,100, 2013-01-19
7, PSY ,7,1,22, 2013-01-19
8, Selena Gomez ,11,13,109, 2013-01-19
9, Katy Perry ,9,1,111, 2013-01-19
10, Shakira ,12,13,111, 2013-01-19
11, The Black Eyed Peas ,41,1,103, 2013-01-19
12, Pitbull ,16,13,109, 2013-01-19
13, Eminem ,13,13,110, 2013-01-19
14, Nicki Minaj ,6,13,111, 2013-01-19
15, Beyonce ,19,1,110, 2013-01-19
16, Lady Gaga ,10,1,111, 2013-01-19
17, Alicia Keys ,15,1,57, 2013-01-19
18, Michael Jackson ,21,13,101, 2013-01-19
19, Jennifer Lopez ,17,13,97, 2013-01-19
20, David Guetta ,20,13,111, 2013-01-19
21, Lil Wayne ,14,13,110, 2013-01-19
22, Chris Brown ,24,13,109, 2013-01-19
23, Maroon 5 ,23,1,50, 2013-01-19
24, Linkin Park ,26,1,111, 2013-01-19
25, Usher ,27,13,99, 2013-01-19
26, Adele ,18,1,101, 2013-01-19
27, Skrillex ,29,13,79, 2013-01-19
28, Demi Lovato ,22,13,101, 2013-01-19
29, Avril Lavigne ,28,1,108, 2013-01-19
30, P!nk ,33,1,75, 2013-01-19
31, LMFAO ,31,2,87, 2013-01-19
32, Wiz Khalifa ,32,13,107, 2013-01-19
33, Ed Sheeran ,44,1,8, 2013-01-19
34, 50 Cent ,38,13,100, 2013-01-19
35, Snoop Dogg ,30,13,99, 2013-01-19
36, Miley Cyrus ,35,1,40, 2013-01-19
37, Carly Rae Jepsen ,39,13,29, 2013-01-19
38, Justin Timberlake ,34,1,82, 2013-01-19
39, Christina Aguilera ,42,13,14, 2013-01-19
40, Flo Rida ,43,13,45, 2013-01-19
41, Ariana Grande ,48,13,15, 2013-01-19
42, will.i.am ,45,13,3, 2013-01-19
43, Jennette McCurdy ,25,13,2, 2013-01-19
44, Coldplay ,36,1,107, 2013-01-19
45, Drake ,37,13,107, 2013-01-19
46, Metallica ,40,1,17, 2013-01-19
47, 2Pac ,47,13,8, 2013-01-19
48, Trey Songz ,120,13,10, 2013-01-19
49, The Beatles ,46,13,29, 2013-01-19
50, T.I. ,120,13,14, 2013-01-19
1, Justin Bieber ,1,1,110, 2013-01-12
2, One Direction ,4,13,60, 2013-01-12
3, Rihanna ,3,1,110, 2013-01-12
4, Taylor Swift ,5,1,110, 2013-01-12
5, Bruno Mars ,2,1,99, 2013-01-12
6, Nicki Minaj ,10,13,110, 2013-01-12
7, PSY ,6,1,21, 2013-01-12
8, Britney Spears ,11,1,107, 2013-01-12
9, Katy Perry ,7,1,110, 2013-01-12
10, Lady Gaga ,18,1,110, 2013-01-12
11, Selena Gomez ,13,13,108, 2013-01-12
12, Shakira ,15,13,110, 2013-01-12
13, Eminem ,9,13,109, 2013-01-12
14, Lil Wayne ,21,13,109, 2013-01-12
15, Alicia Keys ,8,1,56, 2013-01-12
16, Pitbull ,12,13,108, 2013-01-12
17, Jennifer Lopez ,17,13,96, 2013-01-12
18, Adele ,14,1,100, 2013-01-12
19, Beyonce ,26,1,109, 2013-01-12
20, David Guetta ,16,13,110, 2013-01-12
21, Michael Jackson ,20,13,100, 2013-01-12
22, Demi Lovato ,24,13,100, 2013-01-12
23, Maroon 5 ,22,1,49, 2013-01-12
24, Chris Brown ,28,13,108, 2013-01-12
25, Jennette McCurdy ,120,13,1, 2013-01-12
26, Linkin Park ,19,1,110, 2013-01-12
27, Usher ,27,13,98, 2013-01-12
28, Avril Lavigne ,23,1,107, 2013-01-12
29, Skrillex ,31,13,78, 2013-01-12
30, Snoop Dogg ,29,13,98, 2013-01-12
31, LMFAO ,25,2,86, 2013-01-12
32, Wiz Khalifa ,35,13,106, 2013-01-12
33, P!nk ,30,1,74, 2013-01-12
34, Justin Timberlake ,41,1,81, 2013-01-12
35, Miley Cyrus ,42,1,39, 2013-01-12
36, Coldplay ,36,1,106, 2013-01-12
37, Drake ,43,13,106, 2013-01-12
38, 50 Cent ,32,13,99, 2013-01-12
39, Carly Rae Jepsen ,44,13,28, 2013-01-12
40, Metallica ,49,1,16, 2013-01-12
41, The Black Eyed Peas ,33,1,102, 2013-01-12
42, Christina Aguilera ,40,13,13, 2013-01-12
43, Flo Rida ,38,13,44, 2013-01-12
44, Ed Sheeran ,45,1,7, 2013-01-12
45, will.i.am ,120,13,2, 2013-01-12
46, The Beatles ,37,13,28, 2013-01-12
47, 2Pac ,47,13,7, 2013-01-12
48, Ariana Grande ,120,13,14, 2013-01-12
49, Mariah Carey ,120,1,9, 2013-01-12
50, Bob Marley ,34,13,58, 2013-01-12
1, Justin Bieber ,4,1,109, 2013-01-05
2, Bruno Mars ,5,1,98, 2013-01-05
3, Rihanna ,2,1,109, 2013-01-05
4, One Direction ,6,13,59, 2013-01-05
5, Taylor Swift ,3,1,109, 2013-01-05
6, PSY ,20,1,20, 2013-01-05
7, Katy Perry ,8,1,109, 2013-01-05
8, Alicia Keys ,7,1,55, 2013-01-05
9, Eminem ,9,13,108, 2013-01-05
10, Nicki Minaj ,10,13,109, 2013-01-05
11, Britney Spears ,17,1,106, 2013-01-05
12, Pitbull ,13,13,107, 2013-01-05
13, Selena Gomez ,11,13,107, 2013-01-05
14, Adele ,15,1,99, 2013-01-05
15, Shakira ,14,13,109, 2013-01-05
16, David Guetta ,18,13,109, 2013-01-05
17, Jennifer Lopez ,12,13,95, 2013-01-05
18, Lady Gaga ,16,1,109, 2013-01-05
19, Linkin Park ,23,1,109, 2013-01-05
20, Michael Jackson ,24,13,99, 2013-01-05
21, Lil Wayne ,19,13,108, 2013-01-05
22, Maroon 5 ,22,1,48, 2013-01-05
23, Avril Lavigne ,28,1,106, 2013-01-05
24, Demi Lovato ,29,13,99, 2013-01-05
25, LMFAO ,32,2,85, 2013-01-05
26, Beyonce ,21,1,108, 2013-01-05
27, Usher ,25,13,97, 2013-01-05
28, Chris Brown ,27,13,107, 2013-01-05
29, Snoop Dogg ,26,13,97, 2013-01-05
30, P!nk ,31,1,73, 2013-01-05
31, Skrillex ,38,13,77, 2013-01-05
32, 50 Cent ,36,13,98, 2013-01-05
33, The Black Eyed Peas ,39,1,101, 2013-01-05
34, Bob Marley ,50,13,57, 2013-01-05
35, Wiz Khalifa ,33,13,105, 2013-01-05
36, Coldplay ,40,1,105, 2013-01-05
37, The Beatles ,30,13,27, 2013-01-05
38, Flo Rida ,35,13,43, 2013-01-05
39, Jenni Rivera ,1,1,4, 2013-01-05
40, Christina Aguilera ,42,13,12, 2013-01-05
41, Justin Timberlake ,46,1,80, 2013-01-05
42, Miley Cyrus ,45,1,38, 2013-01-05
43, Drake ,47,13,105, 2013-01-05
44, Carly Rae Jepsen ,41,13,27, 2013-01-05
45, Ed Sheeran ,43,1,6, 2013-01-05
46, The Rolling Stones ,37,1,6, 2013-01-05
47, 2Pac ,120,13,6, 2013-01-05
48, Ke$ha ,120,13,50, 2013-01-05
49, Metallica ,44,1,15, 2013-01-05
50, Green Day ,49,13,66, 2013-01-05
1, Jenni Rivera ,3,1,3, 2012-12-29
2, Rihanna ,2,1,108, 2012-12-29
3, Taylor Swift ,5,1,108, 2012-12-29
4, Justin Bieber ,1,1,108, 2012-12-29
5, Bruno Mars ,6,1,97, 2012-12-29
6, One Direction ,4,13,58, 2012-12-29
7, Alicia Keys ,9,1,54, 2012-12-29
8, Katy Perry ,10,1,108, 2012-12-29
9, Eminem ,11,13,107, 2012-12-29
10, Nicki Minaj ,7,13,108, 2012-12-29
11, Selena Gomez ,8,13,106, 2012-12-29
12, Jennifer Lopez ,22,13,94, 2012-12-29
13, Pitbull ,20,13,106, 2012-12-29
14, Shakira ,13,13,108, 2012-12-29
15, Adele ,14,1,98, 2012-12-29
16, Lady Gaga ,15,1,108, 2012-12-29
17, Britney Spears ,18,1,105, 2012-12-29
18, David Guetta ,17,13,108, 2012-12-29
19, Lil Wayne ,21,13,107, 2012-12-29
20, PSY ,12,1,19, 2012-12-29
21, Beyonce ,16,1,107, 2012-12-29
22, Maroon 5 ,24,1,47, 2012-12-29
23, Linkin Park ,23,1,108, 2012-12-29
24, Michael Jackson ,19,13,98, 2012-12-29
25, Usher ,30,13,96, 2012-12-29
26, Snoop Dogg ,26,13,96, 2012-12-29
27, Chris Brown ,25,13,106, 2012-12-29
28, Avril Lavigne ,28,1,105, 2012-12-29
29, Demi Lovato ,34,13,98, 2012-12-29
30, The Beatles ,38,13,26, 2012-12-29
31, P!nk ,27,1,72, 2012-12-29
32, LMFAO ,35,2,84, 2012-12-29
33, Wiz Khalifa ,29,13,104, 2012-12-29
34, Norah Jones ,120,13,1, 2012-12-29
35, Flo Rida ,45,13,42, 2012-12-29
36, 50 Cent ,32,13,97, 2012-12-29
37, The Rolling Stones ,120,1,5, 2012-12-29
38, Skrillex ,36,13,76, 2012-12-29
39, The Black Eyed Peas ,37,1,100, 2012-12-29
40, Coldplay ,41,1,104, 2012-12-29
41, Carly Rae Jepsen ,44,13,26, 2012-12-29
42, Christina Aguilera ,43,13,11, 2012-12-29
43, Ed Sheeran ,33,1,5, 2012-12-29
44, Metallica ,39,1,14, 2012-12-29
45, Miley Cyrus ,31,1,37, 2012-12-29
46, Justin Timberlake ,120,1,79, 2012-12-29
47, Drake ,49,13,104, 2012-12-29
48, Pink Floyd ,120,1,5, 2012-12-29
49, Green Day ,50,13,65, 2012-12-29
50, Bob Marley ,120,13,56, 2012-12-29
1, Justin Bieber ,2,1,107, 2012-12-22
2, Rihanna ,1,1,107, 2012-12-22
3, Jenni Rivera ,120,1,2, 2012-12-22
4, One Direction ,4,13,57, 2012-12-22
5, Taylor Swift ,3,1,107, 2012-12-22
6, Bruno Mars ,8,1,96, 2012-12-22
7, Nicki Minaj ,14,13,107, 2012-12-22
8, Selena Gomez ,15,13,105, 2012-12-22
9, Alicia Keys ,6,1,53, 2012-12-22
10, Katy Perry ,9,1,107, 2012-12-22
11, Eminem ,10,13,106, 2012-12-22
12, PSY ,7,1,18, 2012-12-22
13, Shakira ,5,13,107, 2012-12-22
14, Adele ,11,1,97, 2012-12-22
15, Lady Gaga ,13,1,107, 2012-12-22
16, Beyonce ,22,1,106, 2012-12-22
17, David Guetta ,21,13,107, 2012-12-22
18, Britney Spears ,12,1,104, 2012-12-22
19, Michael Jackson ,17,13,97, 2012-12-22
20, Pitbull ,18,13,105, 2012-12-22
21, Lil Wayne ,23,13,106, 2012-12-22
22, Jennifer Lopez ,16,13,93, 2012-12-22
23, Linkin Park ,24,1,107, 2012-12-22
24, Maroon 5 ,19,1,46, 2012-12-22
25, Chris Brown ,20,13,105, 2012-12-22
26, Snoop Dogg ,30,13,95, 2012-12-22
27, P!nk ,29,1,71, 2012-12-22
28, Avril Lavigne ,26,1,104, 2012-12-22
29, Wiz Khalifa ,31,13,103, 2012-12-22
30, Usher ,32,13,95, 2012-12-22
31, Miley Cyrus ,27,1,36, 2012-12-22
32, 50 Cent ,25,13,96, 2012-12-22
33, Ed Sheeran ,120,1,4, 2012-12-22
34, Demi Lovato ,28,13,97, 2012-12-22
35, LMFAO ,34,2,83, 2012-12-22
36, Skrillex ,38,13,75, 2012-12-22
37, The Black Eyed Peas ,37,1,99, 2012-12-22
38, The Beatles ,35,13,25, 2012-12-22
39, Metallica ,46,1,13, 2012-12-22
40, John Lennon ,120,40,1, 2012-12-22
41, Coldplay ,33,1,103, 2012-12-22
42, Ke$ha ,44,13,49, 2012-12-22
43, Christina Aguilera ,39,13,10, 2012-12-22
44, Carly Rae Jepsen ,36,13,25, 2012-12-22
45, Flo Rida ,40,13,41, 2012-12-22
46, Ariana Grande ,120,13,13, 2012-12-22
47, Rita Ora ,120,13,4, 2012-12-22
48, 2Pac ,41,13,5, 2012-12-22
49, Drake ,42,13,103, 2012-12-22
50, Green Day ,45,13,64, 2012-12-22
1, Rihanna ,1,1,106, 2012-12-15
2, Justin Bieber ,2,1,106, 2012-12-15
3, Taylor Swift ,4,1,106, 2012-12-15
4, One Direction ,3,13,56, 2012-12-15
5, Shakira ,14,13,106, 2012-12-15
6, Alicia Keys ,11,1,52, 2012-12-15
7, PSY ,5,1,17, 2012-12-15
8, Bruno Mars ,7,1,95, 2012-12-15
9, Katy Perry ,8,1,106, 2012-12-15
10, Eminem ,15,13,105, 2012-12-15
11, Adele ,6,1,96, 2012-12-15
12, Britney Spears ,21,1,103, 2012-12-15
13, Lady Gaga ,12,1,106, 2012-12-15
14, Nicki Minaj ,9,13,106, 2012-12-15
15, Selena Gomez ,13,13,104, 2012-12-15
16, Jennifer Lopez ,17,13,92, 2012-12-15
17, Michael Jackson ,16,13,96, 2012-12-15
18, Pitbull ,10,13,104, 2012-12-15
19, Maroon 5 ,20,1,45, 2012-12-15
20, Chris Brown ,26,13,104, 2012-12-15
21, David Guetta ,19,13,106, 2012-12-15
22, Beyonce ,23,1,105, 2012-12-15
23, Lil Wayne ,22,13,105, 2012-12-15
24, Linkin Park ,18,1,106, 2012-12-15
25, 50 Cent ,40,13,95, 2012-12-15
26, Avril Lavigne ,28,1,103, 2012-12-15
27, Miley Cyrus ,24,1,35, 2012-12-15
28, Demi Lovato ,27,13,96, 2012-12-15
29, P!nk ,29,1,70, 2012-12-15
30, Snoop Dogg ,32,13,94, 2012-12-15
31, Wiz Khalifa ,35,13,102, 2012-12-15
32, Usher ,30,13,94, 2012-12-15
33, Coldplay ,34,1,102, 2012-12-15
34, LMFAO ,31,2,82, 2012-12-15
35, The Beatles ,39,13,24, 2012-12-15
36, Carly Rae Jepsen ,25,13,24, 2012-12-15
37, The Black Eyed Peas ,37,1,98, 2012-12-15
38, Skrillex ,38,13,74, 2012-12-15
39, Christina Aguilera ,36,13,9, 2012-12-15
40, Flo Rida ,41,13,40, 2012-12-15
41, 2Pac ,50,13,4, 2012-12-15
42, Drake ,33,13,102, 2012-12-15
43, Lana Del Rey ,43,13,21, 2012-12-15
44, Ke$ha ,48,13,48, 2012-12-15
45, Green Day ,45,13,63, 2012-12-15
46, Metallica ,42,1,12, 2012-12-15
47, Pink Floyd ,120,1,4, 2012-12-15
48, The Rolling Stones ,46,1,4, 2012-12-15
49, will.i.am ,120,13,1, 2012-12-15
50, Bob Marley ,120,13,55, 2012-12-15
1, Rihanna ,2,1,105, 2012-12-08
2, Justin Bieber ,3,1,105, 2012-12-08
3, One Direction ,1,13,55, 2012-12-08
4, Taylor Swift ,5,1,105, 2012-12-08
5, PSY ,4,1,16, 2012-12-08
6, Adele ,9,1,95, 2012-12-08
7, Bruno Mars ,11,1,94, 2012-12-08
8, Katy Perry ,7,1,105, 2012-12-08
9, Nicki Minaj ,20,13,105, 2012-12-08
10, Pitbull ,14,13,103, 2012-12-08
11, Alicia Keys ,8,1,51, 2012-12-08
12, Lady Gaga ,10,1,105, 2012-12-08
13, Selena Gomez ,12,13,103, 2012-12-08
14, Shakira ,15,13,105, 2012-12-08
15, Eminem ,6,13,104, 2012-12-08
16, Michael Jackson ,19,13,95, 2012-12-08
17, Jennifer Lopez ,13,13,91, 2012-12-08
18, Linkin Park ,17,1,105, 2012-12-08
19, David Guetta ,16,13,105, 2012-12-08
20, Maroon 5 ,23,1,44, 2012-12-08
21, Britney Spears ,21,1,102, 2012-12-08
22, Lil Wayne ,26,13,104, 2012-12-08
23, Beyonce ,22,1,104, 2012-12-08
24, Miley Cyrus ,27,1,34, 2012-12-08
25, Carly Rae Jepsen ,18,13,23, 2012-12-08
26, Chris Brown ,24,13,103, 2012-12-08
27, Demi Lovato ,28,13,95, 2012-12-08
28, Avril Lavigne ,25,1,102, 2012-12-08
29, P!nk ,32,1,69, 2012-12-08
30, Usher ,31,13,93, 2012-12-08
31, LMFAO ,34,2,81, 2012-12-08
32, Snoop Dogg ,36,13,93, 2012-12-08
33, Drake ,45,13,101, 2012-12-08
34, Coldplay ,33,1,101, 2012-12-08
35, Wiz Khalifa ,35,13,101, 2012-12-08
36, Christina Aguilera ,30,13,8, 2012-12-08
37, The Black Eyed Peas ,40,1,97, 2012-12-08
38, Skrillex ,37,13,73, 2012-12-08
39, The Beatles ,43,13,23, 2012-12-08
40, 50 Cent ,41,13,94, 2012-12-08
41, Flo Rida ,38,13,39, 2012-12-08
42, Metallica ,120,1,11, 2012-12-08
43, Lana Del Rey ,29,13,20, 2012-12-08
44, Swedish House Mafia ,49,44,2, 2012-12-08
45, Green Day ,44,13,62, 2012-12-08
46, The Rolling Stones ,120,1,3, 2012-12-08
47, The Wanted ,48,43,6, 2012-12-08
48, Ke$ha ,120,13,47, 2012-12-08
49, Cher Lloyd ,120,49,2, 2012-12-08
50, 2Pac ,46,13,3, 2012-12-08
1, One Direction ,2,13,54, 2012-12-01
2, Rihanna ,3,1,104, 2012-12-01
3, Justin Bieber ,1,1,104, 2012-12-01
4, PSY ,6,1,15, 2012-12-01
5, Taylor Swift ,4,1,104, 2012-12-01
6, Eminem ,14,13,103, 2012-12-01
7, Katy Perry ,7,1,104, 2012-12-01
8, Alicia Keys ,11,1,50, 2012-12-01
9, Adele ,9,1,94, 2012-12-01
10, Lady Gaga ,8,1,104, 2012-12-01
11, Bruno Mars ,10,1,93, 2012-12-01
12, Selena Gomez ,5,13,102, 2012-12-01
13, Jennifer Lopez ,12,13,90, 2012-12-01
14, Pitbull ,15,13,102, 2012-12-01
15, Shakira ,13,13,104, 2012-12-01
16, David Guetta ,21,13,104, 2012-12-01
17, Linkin Park ,23,1,104, 2012-12-01
18, Carly Rae Jepsen ,22,13,22, 2012-12-01
19, Michael Jackson ,25,13,94, 2012-12-01
20, Nicki Minaj ,17,13,104, 2012-12-01
21, Britney Spears ,16,1,101, 2012-12-01
22, Beyonce ,18,1,103, 2012-12-01
23, Maroon 5 ,26,1,43, 2012-12-01
24, Chris Brown ,27,13,102, 2012-12-01
25, Avril Lavigne ,24,1,101, 2012-12-01
26, Lil Wayne ,19,13,103, 2012-12-01
27, Miley Cyrus ,20,1,33, 2012-12-01
28, Demi Lovato ,28,13,94, 2012-12-01
29, Lana Del Rey ,29,13,19, 2012-12-01
30, Christina Aguilera ,30,13,7, 2012-12-01
31, Usher ,31,13,92, 2012-12-01
32, P!nk ,33,1,68, 2012-12-01
33, Coldplay ,37,1,100, 2012-12-01
34, LMFAO ,34,2,80, 2012-12-01
35, Wiz Khalifa ,32,13,100, 2012-12-01
36, Snoop Dogg ,35,13,92, 2012-12-01
37, Skrillex ,36,13,72, 2012-12-01
38, Flo Rida ,39,13,38, 2012-12-01
39, Rita Ora ,41,13,3, 2012-12-01
40, The Black Eyed Peas ,42,1,96, 2012-12-01
41, 50 Cent ,40,13,93, 2012-12-01
42, Bob Marley ,38,13,54, 2012-12-01
43, The Beatles ,43,13,22, 2012-12-01
44, Green Day ,47,13,61, 2012-12-01
45, Drake ,46,13,100, 2012-12-01
46, 2Pac ,44,13,2, 2012-12-01
47, Ed Sheeran ,45,1,3, 2012-12-01
48, The Wanted ,50,43,5, 2012-12-01
49, Swedish House Mafia ,120,44,1, 2012-12-01
50, Ne-Yo ,49,39,7, 2012-12-01
1, Justin Bieber ,4,1,103, 2012-11-24
2, One Direction ,1,13,53, 2012-11-24
3, Rihanna ,7,1,103, 2012-11-24
4, Taylor Swift ,3,1,103, 2012-11-24
5, Selena Gomez ,11,13,101, 2012-11-24
6, PSY ,2,1,14, 2012-11-24
7, Katy Perry ,6,1,103, 2012-11-24
8, Lady Gaga ,8,1,103, 2012-11-24
9, Adele ,9,1,93, 2012-11-24
10, Bruno Mars ,12,1,92, 2012-11-24
11, Alicia Keys ,18,1,49, 2012-11-24
12, Jennifer Lopez ,10,13,89, 2012-11-24
13, Shakira ,15,13,103, 2012-11-24
14, Eminem ,16,13,102, 2012-11-24
15, Pitbull ,19,13,101, 2012-11-24
16, Britney Spears ,20,1,100, 2012-11-24
17, Nicki Minaj ,17,13,103, 2012-11-24
18, Beyonce ,30,1,102, 2012-11-24
19, Lil Wayne ,26,13,102, 2012-11-24
20, Miley Cyrus ,22,1,32, 2012-11-24
21, David Guetta ,24,13,103, 2012-11-24
22, Carly Rae Jepsen ,14,13,21, 2012-11-24
23, Linkin Park ,25,1,103, 2012-11-24
24, Avril Lavigne ,13,1,100, 2012-11-24
25, Michael Jackson ,28,13,93, 2012-11-24
26, Maroon 5 ,23,1,42, 2012-11-24
27, Chris Brown ,27,13,101, 2012-11-24
28, Demi Lovato ,21,13,93, 2012-11-24
29, Lana Del Rey ,47,13,18, 2012-11-24
30, Christina Aguilera ,36,13,6, 2012-11-24
31, Usher ,45,13,91, 2012-11-24
32, Wiz Khalifa ,42,13,99, 2012-11-24
33, P!nk ,38,1,67, 2012-11-24
34, LMFAO ,33,2,79, 2012-11-24
35, Snoop Dogg ,46,13,91, 2012-11-24
36, Skrillex ,35,13,71, 2012-11-24
37, Coldplay ,40,1,99, 2012-11-24
38, Bob Marley ,120,13,53, 2012-11-24
39, Flo Rida ,39,13,37, 2012-11-24
40, 50 Cent ,41,13,92, 2012-11-24
41, Rita Ora ,37,13,2, 2012-11-24
42, The Black Eyed Peas ,120,1,95, 2012-11-24
43, The Beatles ,49,13,21, 2012-11-24
44, 2Pac ,120,13,1, 2012-11-24
45, Ed Sheeran ,44,1,2, 2012-11-24
46, Drake ,43,13,99, 2012-11-24
47, Green Day ,50,13,60, 2012-11-24
48, Justin Timberlake ,120,1,78, 2012-11-24
49, Ne-Yo ,120,39,6, 2012-11-24
50, The Wanted ,120,43,4, 2012-11-24
1, One Direction ,10,13,52, 2012-11-17
2, PSY ,1,1,13, 2012-11-17
3, Taylor Swift ,3,1,102, 2012-11-17
4, Justin Bieber ,2,1,102, 2012-11-17
5, Suicide Silence ,120,13,1, 2012-11-17
6, Katy Perry ,6,1,102, 2012-11-17
7, Rihanna ,7,1,102, 2012-11-17
8, Lady Gaga ,13,1,102, 2012-11-17
9, Adele ,4,1,92, 2012-11-17
10, Jennifer Lopez ,8,13,88, 2012-11-17
11, Selena Gomez ,120,13,100, 2012-11-17
12, Bruno Mars ,12,1,91, 2012-11-17
13, Avril Lavigne ,19,1,99, 2012-11-17
14, Carly Rae Jepsen ,17,13,20, 2012-11-17
15, Shakira ,9,13,102, 2012-11-17
16, Eminem ,14,13,101, 2012-11-17
17, Nicki Minaj ,15,13,102, 2012-11-17
18, Alicia Keys ,11,1,48, 2012-11-17
19, Pitbull ,5,13,100, 2012-11-17
20, Britney Spears ,22,1,99, 2012-11-17
21, Demi Lovato ,26,13,92, 2012-11-17
22, Miley Cyrus ,25,1,31, 2012-11-17
23, Maroon 5 ,21,1,41, 2012-11-17
24, David Guetta ,16,13,102, 2012-11-17
25, Linkin Park ,20,1,102, 2012-11-17
26, Lil Wayne ,18,13,101, 2012-11-17
27, Chris Brown ,23,13,100, 2012-11-17
28, Michael Jackson ,31,13,92, 2012-11-17
29, Luke Bryan ,120,13,1, 2012-11-17
30, Beyonce ,28,1,101, 2012-11-17
31, Bon Jovi ,120,1,11, 2012-11-17
32, Blake Shelton ,120,13,1, 2012-11-17
33, LMFAO ,24,2,78, 2012-11-17
34, Miranda Lambert ,120,13,1, 2012-11-17
35, Skrillex ,43,13,70, 2012-11-17
36, Christina Aguilera ,40,13,5, 2012-11-17
37, Rita Ora ,120,13,1, 2012-11-17
38, P!nk ,27,1,66, 2012-11-17
39, Flo Rida ,29,13,36, 2012-11-17
40, Coldplay ,34,1,98, 2012-11-17
41, 50 Cent ,42,13,91, 2012-11-17
42, Wiz Khalifa ,41,13,98, 2012-11-17
43, Drake ,33,13,98, 2012-11-17
44, Ed Sheeran ,120,1,1, 2012-11-17
45, Usher ,32,13,90, 2012-11-17
46, Snoop Dogg ,46,13,90, 2012-11-17
47, Lana Del Rey ,120,13,17, 2012-11-17
48, Jenni Rivera ,120,1,1, 2012-11-17
49, The Beatles ,120,13,20, 2012-11-17
50, Green Day ,48,13,59, 2012-11-17
1, PSY ,1,1,12, 2012-11-10
2, Justin Bieber ,2,1,101, 2012-11-10
3, Taylor Swift ,4,1,101, 2012-11-10
4, Adele ,3,1,91, 2012-11-10
5, Pitbull ,10,13,99, 2012-11-10
6, Katy Perry ,6,1,101, 2012-11-10
7, Rihanna ,7,1,101, 2012-11-10
8, Jennifer Lopez ,13,13,87, 2012-11-10
9, Shakira ,12,13,101, 2012-11-10
10, One Direction ,8,13,51, 2012-11-10
11, Alicia Keys ,18,1,47, 2012-11-10
12, Bruno Mars ,14,1,90, 2012-11-10
13, Lady Gaga ,11,1,101, 2012-11-10
14, Eminem ,9,13,100, 2012-11-10
15, Nicki Minaj ,5,13,101, 2012-11-10
16, David Guetta ,17,13,101, 2012-11-10
17, Carly Rae Jepsen ,26,13,19, 2012-11-10
18, Lil Wayne ,16,13,100, 2012-11-10
19, Avril Lavigne ,21,1,98, 2012-11-10
20, Linkin Park ,20,1,101, 2012-11-10
21, Maroon 5 ,27,1,40, 2012-11-10
22, Britney Spears ,19,1,98, 2012-11-10
23, Chris Brown ,22,13,99, 2012-11-10
24, LMFAO ,30,2,77, 2012-11-10
25, Miley Cyrus ,24,1,30, 2012-11-10
26, Demi Lovato ,25,13,91, 2012-11-10
27, P!nk ,23,1,65, 2012-11-10
28, Beyonce ,15,1,100, 2012-11-10
29, Flo Rida ,33,13,35, 2012-11-10
30, The xx ,120,13,7, 2012-11-10
31, Michael Jackson ,29,13,91, 2012-11-10
32, Usher ,28,13,89, 2012-11-10
33, Drake ,32,13,97, 2012-11-10
34, Coldplay ,31,1,97, 2012-11-10
35, The Black Eyed Peas ,38,1,94, 2012-11-10
36, Justin Timberlake ,35,1,77, 2012-11-10
37, Jessie J ,34,21,24, 2012-11-10
38, Don Omar ,49,2,91, 2012-11-10
39, Ne-Yo ,42,39,5, 2012-11-10
40, Christina Aguilera ,40,13,4, 2012-11-10
41, Wiz Khalifa ,36,13,97, 2012-11-10
42, 50 Cent ,47,13,90, 2012-11-10
43, Skrillex ,39,13,69, 2012-11-10
44, Enrique Iglesias ,44,13,72, 2012-11-10
45, Jesse & Joy ,48,13,3, 2012-11-10
46, Snoop Dogg ,46,13,89, 2012-11-10
47, Kendrick Lamar ,120,13,1, 2012-11-10
48, Green Day ,120,13,58, 2012-11-10
49, Evanescence ,120,13,7, 2012-11-10
50, The Wanted ,43,43,3, 2012-11-10
1, PSY ,1,1,11, 2012-11-03
2, Justin Bieber ,3,1,100, 2012-11-03
3, Adele ,2,1,90, 2012-11-03
4, Taylor Swift ,4,1,100, 2012-11-03
5, Nicki Minaj ,19,13,100, 2012-11-03
6, Katy Perry ,7,1,100, 2012-11-03
7, Rihanna ,10,1,100, 2012-11-03
8, One Direction ,14,13,50, 2012-11-03
9, Eminem ,13,13,99, 2012-11-03
10, Pitbull ,9,13,98, 2012-11-03
11, Lady Gaga ,12,1,100, 2012-11-03
12, Shakira ,11,13,100, 2012-11-03
13, Jennifer Lopez ,15,13,86, 2012-11-03
14, Bruno Mars ,6,1,89, 2012-11-03
15, Beyonce ,20,1,99, 2012-11-03
16, Lil Wayne ,8,13,99, 2012-11-03
17, David Guetta ,17,13,100, 2012-11-03
18, Alicia Keys ,18,1,46, 2012-11-03
19, Britney Spears ,23,1,97, 2012-11-03
20, Linkin Park ,5,1,100, 2012-11-03
21, Avril Lavigne ,21,1,97, 2012-11-03
22, Chris Brown ,26,13,98, 2012-11-03
23, P!nk ,25,1,64, 2012-11-03
24, Miley Cyrus ,24,1,29, 2012-11-03
25, Demi Lovato ,28,13,90, 2012-11-03
26, Carly Rae Jepsen ,32,13,18, 2012-11-03
27, Maroon 5 ,34,1,39, 2012-11-03
28, Usher ,41,13,88, 2012-11-03
29, Michael Jackson ,37,13,90, 2012-11-03
30, LMFAO ,35,2,76, 2012-11-03
31, Coldplay ,30,1,96, 2012-11-03
32, Drake ,31,13,96, 2012-11-03
33, Flo Rida ,27,13,34, 2012-11-03
34, Jessie J ,42,21,23, 2012-11-03
35, Justin Timberlake ,47,1,76, 2012-11-03
36, Wiz Khalifa ,120,13,96, 2012-11-03
37, Lana Del Rey ,33,13,16, 2012-11-03
38, The Black Eyed Peas ,29,1,93, 2012-11-03
39, Skrillex ,22,13,68, 2012-11-03
40, Christina Aguilera ,120,13,3, 2012-11-03
41, Mariah Carey ,120,1,8, 2012-11-03
42, Ne-Yo ,120,39,4, 2012-11-03
43, The Wanted ,120,43,2, 2012-11-03
44, Enrique Iglesias ,16,13,71, 2012-11-03
45, Nero ,120,45,2, 2012-11-03
46, Snoop Dogg ,43,13,88, 2012-11-03
47, 50 Cent ,120,13,89, 2012-11-03
48, Jesse & Joy ,40,13,2, 2012-11-03
49, Don Omar ,120,2,90, 2012-11-03
50, Wisin & Yandel ,120,41,7, 2012-11-03
1, PSY ,1,1,10, 2012-10-27
2, Adele ,7,1,89, 2012-10-27
3, Justin Bieber ,6,1,99, 2012-10-27
4, Taylor Swift ,4,1,99, 2012-10-27
5, Linkin Park ,14,1,99, 2012-10-27
6, Bruno Mars ,22,1,88, 2012-10-27
7, Katy Perry ,2,1,99, 2012-10-27
8, Lil Wayne ,28,13,98, 2012-10-27
9, Pitbull ,10,13,97, 2012-10-27
10, Rihanna ,3,1,99, 2012-10-27
11, Shakira ,43,13,99, 2012-10-27
12, Lady Gaga ,12,1,99, 2012-10-27
13, Eminem ,41,13,98, 2012-10-27
14, One Direction ,5,13,49, 2012-10-27
15, Jennifer Lopez ,13,13,85, 2012-10-27
16, Enrique Iglesias ,120,13,70, 2012-10-27
17, David Guetta ,11,13,99, 2012-10-27
18, Alicia Keys ,27,1,45, 2012-10-27
19, Nicki Minaj ,15,13,99, 2012-10-27
20, Beyonce ,40,1,98, 2012-10-27
21, Avril Lavigne ,33,1,96, 2012-10-27
22, Skrillex ,8,13,67, 2012-10-27
23, Britney Spears ,30,1,96, 2012-10-27
24, Miley Cyrus ,35,1,28, 2012-10-27
25, P!nk ,38,1,63, 2012-10-27
26, Chris Brown ,18,13,97, 2012-10-27
27, Flo Rida ,37,13,33, 2012-10-27
28, Demi Lovato ,34,13,89, 2012-10-27
29, The Black Eyed Peas ,50,1,92, 2012-10-27
30, Coldplay ,48,1,95, 2012-10-27
31, Drake ,120,13,95, 2012-10-27
32, Carly Rae Jepsen ,23,13,17, 2012-10-27
33, Lana Del Rey ,120,13,15, 2012-10-27
34, Maroon 5 ,29,1,38, 2012-10-27
35, LMFAO ,46,2,75, 2012-10-27
36, Green Day ,45,13,57, 2012-10-27
37, Michael Jackson ,120,13,89, 2012-10-27
38, Selena Gomez ,26,13,99, 2012-10-27
39, Sungha Jung ,44,33,19, 2012-10-27
40, Jesse & Joy ,120,13,1, 2012-10-27
41, Usher ,49,13,87, 2012-10-27
42, Jessie J ,47,21,22, 2012-10-27
43, Snoop Dogg ,120,13,87, 2012-10-27
44, Michel Telo ,42,20,23, 2012-10-27
45, The xx ,120,13,6, 2012-10-27
46, MattyB ,39,13,28, 2012-10-27
47, Justin Timberlake ,120,1,75, 2012-10-27
48, Boyce Avenue ,19,8,71, 2012-10-27
49, Cimorelli ,9,3,47, 2012-10-27
50, Owl City ,120,13,1, 2012-10-27
1, PSY ,1,1,9, 2012-10-20
2, Katy Perry ,5,1,98, 2012-10-20
3, Rihanna ,23,1,98, 2012-10-20
4, Taylor Swift ,3,1,98, 2012-10-20
5, One Direction ,2,13,48, 2012-10-20
6, Justin Bieber ,6,1,98, 2012-10-20
7, Adele ,8,1,88, 2012-10-20
8, Skrillex ,4,13,66, 2012-10-20
9, Cimorelli ,10,3,46, 2012-10-20
10, Pitbull ,11,13,96, 2012-10-20
11, David Guetta ,17,13,98, 2012-10-20
12, Lady Gaga ,9,1,98, 2012-10-20
13, Jennifer Lopez ,7,13,84, 2012-10-20
14, Linkin Park ,27,1,98, 2012-10-20
15, Nicki Minaj ,14,13,98, 2012-10-20
16, Muse ,18,4,13, 2012-10-20
17, Wiz Khalifa ,15,13,95, 2012-10-20
18, Chris Brown ,30,13,96, 2012-10-20
19, Boyce Avenue ,19,8,70, 2012-10-20
20, Mumford & Sons ,16,13,8, 2012-10-20
21, Your Favorite Martian ,24,19,25, 2012-10-20
22, Bruno Mars ,38,1,87, 2012-10-20
23, Carly Rae Jepsen ,13,13,16, 2012-10-20
24, Gotye ,26,2,16, 2012-10-20
25, Kurt Hugo Schneider ,28,9,10, 2012-10-20
26, Selena Gomez ,50,13,98, 2012-10-20
27, Alicia Keys ,20,1,44, 2012-10-20
28, Lil Wayne ,34,13,97, 2012-10-20
29, Maroon 5 ,21,1,37, 2012-10-20
30, Britney Spears ,25,1,95, 2012-10-20
31, Lindsey Stirling ,29,13,23, 2012-10-20
32, Megan Nicole ,31,29,8, 2012-10-20
33, Avril Lavigne ,120,1,95, 2012-10-20
34, Demi Lovato ,22,13,88, 2012-10-20
35, Miley Cyrus ,32,1,27, 2012-10-20
36, The Piano Guys ,42,13,19, 2012-10-20
37, Flo Rida ,33,13,32, 2012-10-20
38, P!nk ,35,1,62, 2012-10-20
39, MattyB ,37,13,27, 2012-10-20
40, Beyonce ,44,1,97, 2012-10-20
41, Eminem ,120,13,97, 2012-10-20
42, Michel Telo ,39,20,22, 2012-10-20
43, Shakira ,43,13,98, 2012-10-20
44, Sungha Jung ,45,33,18, 2012-10-20
45, Green Day ,49,13,56, 2012-10-20
46, LMFAO ,40,2,74, 2012-10-20
47, Jessie J ,36,21,21, 2012-10-20
48, Coldplay ,48,1,94, 2012-10-20
49, Usher ,120,13,86, 2012-10-20
50, The Black Eyed Peas ,120,1,91, 2012-10-20
1, PSY ,1,1,8, 2012-10-13
2, One Direction ,3,13,47, 2012-10-13
3, Taylor Swift ,2,1,97, 2012-10-13
4, Skrillex ,5,13,65, 2012-10-13
5, Katy Perry ,4,1,97, 2012-10-13
6, Justin Bieber ,6,1,97, 2012-10-13
7, Jennifer Lopez ,8,13,83, 2012-10-13
8, Adele ,12,1,87, 2012-10-13
9, Lady Gaga ,10,1,97, 2012-10-13
10, Cimorelli ,9,3,45, 2012-10-13
11, Pitbull ,14,13,95, 2012-10-13
12, 50 Cent ,29,13,88, 2012-10-13
13, Carly Rae Jepsen ,13,13,15, 2012-10-13
14, Nicki Minaj ,23,13,97, 2012-10-13
15, Wiz Khalifa ,15,13,94, 2012-10-13
16, Mumford & Sons ,24,13,7, 2012-10-13
17, David Guetta ,16,13,97, 2012-10-13
18, Muse ,17,4,12, 2012-10-13
19, Boyce Avenue ,21,8,69, 2012-10-13
20, Alicia Keys ,22,1,43, 2012-10-13
21, Maroon 5 ,31,1,36, 2012-10-13
22, Demi Lovato ,18,13,87, 2012-10-13
23, Rihanna ,7,1,97, 2012-10-13
24, Your Favorite Martian ,30,19,24, 2012-10-13
25, Britney Spears ,20,1,94, 2012-10-13
26, Gotye ,26,2,15, 2012-10-13
27, Linkin Park ,19,1,97, 2012-10-13
28, Kurt Hugo Schneider ,28,9,9, 2012-10-13
29, Lindsey Stirling ,27,13,22, 2012-10-13
30, Chris Brown ,32,13,95, 2012-10-13
31, Megan Nicole ,34,29,7, 2012-10-13
32, Miley Cyrus ,35,1,26, 2012-10-13
33, Flo Rida ,38,13,31, 2012-10-13
34, Lil Wayne ,33,13,96, 2012-10-13
35, P!nk ,25,1,61, 2012-10-13
36, Jessie J ,120,21,20, 2012-10-13
37, MattyB ,40,13,26, 2012-10-13
38, Bruno Mars ,49,1,86, 2012-10-13
39, Michel Telo ,120,20,21, 2012-10-13
40, LMFAO ,50,2,73, 2012-10-13
41, Lana Del Rey ,120,13,14, 2012-10-13
42, The Piano Guys ,41,13,18, 2012-10-13
43, Shakira ,11,13,97, 2012-10-13
44, Beyonce ,39,1,96, 2012-10-13
45, Sungha Jung ,44,33,17, 2012-10-13
46, Austin Mahone ,120,13,13, 2012-10-13
47, Ariana Grande ,47,13,12, 2012-10-13
48, Coldplay ,43,1,93, 2012-10-13
49, Green Day ,42,13,55, 2012-10-13
50, Selena Gomez ,37,13,97, 2012-10-13
1, PSY ,1,1,7, 2012-10-06
2, Taylor Swift ,2,1,96, 2012-10-06
3, One Direction ,4,13,46, 2012-10-06
4, Katy Perry ,6,1,96, 2012-10-06
5, Skrillex ,5,13,64, 2012-10-06
6, Justin Bieber ,7,1,96, 2012-10-06
7, Rihanna ,3,1,96, 2012-10-06
8, Jennifer Lopez ,8,13,82, 2012-10-06
9, Cimorelli ,11,3,44, 2012-10-06
10, Lady Gaga ,10,1,96, 2012-10-06
11, Shakira ,16,13,96, 2012-10-06
12, Adele ,13,1,86, 2012-10-06
13, Carly Rae Jepsen ,21,13,14, 2012-10-06
14, Pitbull ,12,13,94, 2012-10-06
15, Wiz Khalifa ,20,13,93, 2012-10-06
16, David Guetta ,17,13,96, 2012-10-06
17, Muse ,22,4,11, 2012-10-06
18, Demi Lovato ,15,13,86, 2012-10-06
19, Linkin Park ,18,1,96, 2012-10-06
20, Britney Spears ,9,1,93, 2012-10-06
21, Boyce Avenue ,26,8,68, 2012-10-06
22, Alicia Keys ,27,1,42, 2012-10-06
23, Nicki Minaj ,23,13,96, 2012-10-06
24, Mumford & Sons ,32,13,6, 2012-10-06
25, P!nk ,35,1,60, 2012-10-06
26, Gotye ,34,2,14, 2012-10-06
27, Lindsey Stirling ,42,13,21, 2012-10-06
28, Kurt Hugo Schneider ,38,9,8, 2012-10-06
29, 50 Cent ,14,13,87, 2012-10-06
30, Your Favorite Martian ,37,19,23, 2012-10-06
31, Maroon 5 ,31,1,35, 2012-10-06
32, Chris Brown ,36,13,94, 2012-10-06
33, Lil Wayne ,30,13,95, 2012-10-06
34, Megan Nicole ,39,29,6, 2012-10-06
35, Miley Cyrus ,28,1,25, 2012-10-06
36, Eminem ,25,13,96, 2012-10-06
37, Selena Gomez ,29,13,96, 2012-10-06
38, Flo Rida ,40,13,30, 2012-10-06
39, Beyonce ,33,1,95, 2012-10-06
40, MattyB ,45,13,25, 2012-10-06
41, The Piano Guys ,49,13,17, 2012-10-06
42, Green Day ,48,13,54, 2012-10-06
43, Coldplay ,41,1,92, 2012-10-06
44, Sungha Jung ,120,33,16, 2012-10-06
45, Drake ,44,13,94, 2012-10-06
46, Avril Lavigne ,43,1,94, 2012-10-06
47, Ariana Grande ,120,13,11, 2012-10-06
48, Big Sean ,120,13,3, 2012-10-06
49, Bruno Mars ,46,1,85, 2012-10-06
50, LMFAO ,120,2,72, 2012-10-06
1, Psy ,1,1,6, 2012-09-29
2, Taylor Swift ,2,1,95, 2012-09-29
3, Rihanna ,3,1,95, 2012-09-29
4, One Direction ,6,13,45, 2012-09-29
5, Skrillex ,7,13,63, 2012-09-29
6, Katy Perry ,4,1,95, 2012-09-29
7, Justin Bieber ,5,1,95, 2012-09-29
8, Jennifer Lopez ,8,13,81, 2012-09-29
9, Britney Spears ,21,1,92, 2012-09-29
10, Lady Gaga ,9,1,95, 2012-09-29
11, Cimorelli ,10,3,43, 2012-09-29
12, Pitbull ,11,13,93, 2012-09-29
13, Adele ,12,1,85, 2012-09-29
14, 50 Cent ,13,13,86, 2012-09-29
15, Demi Lovato ,34,13,85, 2012-09-29
16, Shakira ,17,13,95, 2012-09-29
17, David Guetta ,18,13,95, 2012-09-29
18, Linkin Park ,20,1,95, 2012-09-29
19, Austin Mahone ,120,13,12, 2012-09-29
20, Wiz Khalifa ,16,13,92, 2012-09-29
21, Carly Rae Jepsen ,22,13,13, 2012-09-29
22, Muse ,15,4,10, 2012-09-29
23, Nicki Minaj ,14,13,95, 2012-09-29
24, Timati ,120,13,1, 2012-09-29
25, Eminem ,25,13,95, 2012-09-29
26, Boyce Avenue ,28,8,67, 2012-09-29
27, Alicia Keys ,120,1,41, 2012-09-29
28, Miley Cyrus ,19,1,24, 2012-09-29
29, Selena Gomez ,27,13,95, 2012-09-29
30, Lil Wayne ,24,13,94, 2012-09-29
31, Maroon 5 ,32,1,34, 2012-09-29
32, Mumford & Sons ,44,13,5, 2012-09-29
33, Beyonce ,23,1,94, 2012-09-29
34, Gotye ,30,2,13, 2012-09-29
35, P!nk ,43,1,59, 2012-09-29
36, Chris Brown ,26,13,93, 2012-09-29
37, Your Favorite Martian ,120,19,22, 2012-09-29
38, Kurt Hugo Schneider ,31,9,7, 2012-09-29
39, Megan Nicole ,29,29,5, 2012-09-29
40, Flo Rida ,33,13,29, 2012-09-29
41, Coldplay ,35,1,91, 2012-09-29
42, Lindsey Stirling ,36,13,20, 2012-09-29
43, Avril Lavigne ,37,1,93, 2012-09-29
44, Drake ,39,13,93, 2012-09-29
45, MattyB ,40,13,24, 2012-09-29
46, Bruno Mars ,46,1,84, 2012-09-29
47, Jessie J ,120,21,19, 2012-09-29
48, Green Day ,47,13,53, 2012-09-29
49, The Piano Guys ,38,13,16, 2012-09-29
50, Michel Telo ,42,20,20, 2012-09-29
1, Psy ,1,1,5, 2012-09-22
2, Taylor Swift ,2,1,94, 2012-09-22
3, Rihanna ,4,1,94, 2012-09-22
4, Katy Perry ,5,1,94, 2012-09-22
5, Justin Bieber ,6,1,94, 2012-09-22
6, One Direction ,3,13,44, 2012-09-22
7, Skrillex ,7,13,62, 2012-09-22
8, Jennifer Lopez ,8,13,80, 2012-09-22
9, Lady Gaga ,11,1,94, 2012-09-22
10, Cimorelli ,19,3,42, 2012-09-22
11, Pitbull ,10,13,92, 2012-09-22
12, Adele ,9,1,84, 2012-09-22
13, 50 Cent ,120,13,85, 2012-09-22
14, Nicki Minaj ,16,13,94, 2012-09-22
15, Muse ,20,4,9, 2012-09-22
16, Wiz Khalifa ,17,13,91, 2012-09-22
17, Shakira ,12,13,94, 2012-09-22
18, David Guetta ,18,13,94, 2012-09-22
19, Miley Cyrus ,13,1,23, 2012-09-22
20, Linkin Park ,15,1,94, 2012-09-22
21, Britney Spears ,21,1,91, 2012-09-22
22, Carly Rae Jepsen ,14,13,12, 2012-09-22
23, Beyonce ,25,1,93, 2012-09-22
24, Lil Wayne ,28,13,93, 2012-09-22
25, Eminem ,22,13,94, 2012-09-22
26, Chris Brown ,24,13,92, 2012-09-22
27, Selena Gomez ,23,13,94, 2012-09-22
28, Boyce Avenue ,33,8,66, 2012-09-22
29, Megan Nicole ,32,29,4, 2012-09-22
30, Gotye ,29,2,12, 2012-09-22
31, Kurt Hugo Schneider ,26,9,6, 2012-09-22
32, Maroon 5 ,27,1,33, 2012-09-22
33, Flo Rida ,30,13,28, 2012-09-22
34, Demi Lovato ,37,13,84, 2012-09-22
35, Coldplay ,35,1,90, 2012-09-22
36, Lindsey Stirling ,50,13,19, 2012-09-22
37, Avril Lavigne ,31,1,92, 2012-09-22
38, The Piano Guys ,120,13,15, 2012-09-22
39, Drake ,47,13,92, 2012-09-22
40, MattyB ,43,13,23, 2012-09-22
41, Ariana Grande ,45,13,10, 2012-09-22
42, Michel Telo ,49,20,19, 2012-09-22
43, P!nk ,42,1,58, 2012-09-22
44, Mumford & Sons ,120,13,4, 2012-09-22
45, Big Sean ,120,13,2, 2012-09-22
46, Bruno Mars ,38,1,83, 2012-09-22
47, Green Day ,120,13,52, 2012-09-22
48, Usher ,36,13,85, 2012-09-22
49, LMFAO ,39,2,71, 2012-09-22
50, Justin Timberlake ,48,1,74, 2012-09-22
1, PSY ,1,1,4, 2012-09-15
2, Taylor Swift ,3,1,93, 2012-09-15
3, One Direction ,2,13,43, 2012-09-15
4, Rihanna ,6,1,93, 2012-09-15
5, Katy Perry ,7,1,93, 2012-09-15
6, Justin Bieber ,5,1,93, 2012-09-15
7, Skrillex ,8,13,61, 2012-09-15
8, Jennifer Lopez ,11,13,79, 2012-09-15
9, Adele ,12,1,83, 2012-09-15
10, Pitbull ,10,13,91, 2012-09-15
11, Lady Gaga ,13,1,93, 2012-09-15
12, Shakira ,14,13,93, 2012-09-15
13, Miley Cyrus ,15,1,22, 2012-09-15
14, Carly Rae Jepsen ,17,13,11, 2012-09-15
15, Linkin Park ,23,1,93, 2012-09-15
16, Nicki Minaj ,16,13,93, 2012-09-15
17, Wiz Khalifa ,18,13,90, 2012-09-15
18, David Guetta ,24,13,93, 2012-09-15
19, Cimorelli ,19,3,41, 2012-09-15
20, Muse ,4,4,8, 2012-09-15
21, Britney Spears ,21,1,90, 2012-09-15
22, Eminem ,22,13,93, 2012-09-15
23, Selena Gomez ,27,13,93, 2012-09-15
24, Chris Brown ,20,13,91, 2012-09-15
25, Beyonce ,26,1,92, 2012-09-15
26, Kurt Hugo Schneider ,9,9,5, 2012-09-15
27, Maroon 5 ,29,1,32, 2012-09-15
28, Lil Wayne ,31,13,92, 2012-09-15
29, Gotye ,28,2,11, 2012-09-15
30, Flo Rida ,33,13,27, 2012-09-15
31, Avril Lavigne ,34,1,91, 2012-09-15
32, Megan Nicole ,35,29,3, 2012-09-15
33, Boyce Avenue ,37,8,65, 2012-09-15
34, Alicia Keys ,36,1,40, 2012-09-15
35, Coldplay ,38,1,89, 2012-09-15
36, Usher ,42,13,84, 2012-09-15
37, Demi Lovato ,25,13,83, 2012-09-15
38, Bruno Mars ,39,1,82, 2012-09-15
39, LMFAO ,44,2,70, 2012-09-15
40, Michael Jackson ,120,13,88, 2012-09-15
41, Christina Grimmie ,120,13,74, 2012-09-15
42, P!nk ,43,1,57, 2012-09-15
43, MattyB ,40,13,22, 2012-09-15
44, Your Favorite Martian ,49,19,21, 2012-09-15
45, Ariana Grande ,30,13,9, 2012-09-15
46, Meek Mill ,32,13,2, 2012-09-15
47, Drake ,41,13,91, 2012-09-15
48, Justin Timberlake ,46,1,73, 2012-09-15
49, Michel Telo ,47,20,18, 2012-09-15
50, Lindsey Stirling ,120,13,18, 2012-09-15
1, PSY ,9,1,3, 2012-09-08
2, One Direction ,8,13,42, 2012-09-08
3, Taylor Swift ,1,1,92, 2012-09-08
4, Muse ,120,4,7, 2012-09-08
5, Justin Bieber ,5,1,92, 2012-09-08
6, Rihanna ,4,1,92, 2012-09-08
7, Katy Perry ,6,1,92, 2012-09-08
8, Skrillex ,11,13,60, 2012-09-08
9, Kurt Hugo Schneider ,120,9,4, 2012-09-08
10, Pitbull ,15,13,90, 2012-09-08
11, Jennifer Lopez ,12,13,78, 2012-09-08
12, Adele ,10,1,82, 2012-09-08
13, Lady Gaga ,14,1,92, 2012-09-08
14, Shakira ,16,13,92, 2012-09-08
15, Miley Cyrus ,7,1,21, 2012-09-08
16, Nicki Minaj ,13,13,92, 2012-09-08
17, Carly Rae Jepsen ,20,13,10, 2012-09-08
18, Wiz Khalifa ,3,13,89, 2012-09-08
19, Cimorelli ,25,3,40, 2012-09-08
20, Chris Brown ,17,13,90, 2012-09-08
21, Britney Spears ,28,1,89, 2012-09-08
22, Eminem ,18,13,92, 2012-09-08
23, Linkin Park ,24,1,92, 2012-09-08
24, David Guetta ,21,13,92, 2012-09-08
25, Demi Lovato ,45,13,82, 2012-09-08
26, Beyonce ,23,1,91, 2012-09-08
27, Selena Gomez ,19,13,92, 2012-09-08
28, Gotye ,2,2,10, 2012-09-08
29, Maroon 5 ,30,1,31, 2012-09-08
30, Ariana Grande ,27,13,8, 2012-09-08
31, Lil Wayne ,22,13,91, 2012-09-08
32, Meek Mill ,120,13,1, 2012-09-08
33, Flo Rida ,38,13,26, 2012-09-08
34, Avril Lavigne ,36,1,90, 2012-09-08
35, Megan Nicole ,120,29,2, 2012-09-08
36, Alicia Keys ,37,1,39, 2012-09-08
37, Boyce Avenue ,26,8,64, 2012-09-08
38, Coldplay ,31,1,88, 2012-09-08
39, Bruno Mars ,39,1,81, 2012-09-08
40, MattyB ,41,13,21, 2012-09-08
41, Drake ,32,13,90, 2012-09-08
42, Usher ,33,13,83, 2012-09-08
43, P!nk ,40,1,56, 2012-09-08
44, LMFAO ,34,2,69, 2012-09-08
45, Mumford & Sons ,29,13,3, 2012-09-08
46, Justin Timberlake ,42,1,72, 2012-09-08
47, Michel Telo ,120,20,17, 2012-09-08
48, Don Omar ,43,2,89, 2012-09-08
49, Your Favorite Martian ,35,19,20, 2012-09-08
50, Green Day ,49,13,51, 2012-09-08
1, Taylor Swift ,6,1,91, 2012-09-01
2, Gotye ,120,2,9, 2012-09-01
3, Wiz Khalifa ,25,13,88, 2012-09-01
4, Rihanna ,1,1,91, 2012-09-01
5, Justin Bieber ,2,1,91, 2012-09-01
6, Katy Perry ,3,1,91, 2012-09-01
7, Miley Cyrus ,11,1,20, 2012-09-01
8, One Direction ,5,13,41, 2012-09-01
9, Psy ,120,1,2, 2012-09-01
10, Adele ,4,1,81, 2012-09-01
11, Skrillex ,17,13,59, 2012-09-01
12, Jennifer Lopez ,12,13,77, 2012-09-01
13, Nicki Minaj ,9,13,91, 2012-09-01
14, Lady Gaga ,8,1,91, 2012-09-01
15, Pitbull ,10,13,89, 2012-09-01
16, Shakira ,7,13,91, 2012-09-01
17, Chris Brown ,16,13,89, 2012-09-01
18, Eminem ,14,13,91, 2012-09-01
19, Selena Gomez ,15,13,91, 2012-09-01
20, Carly Rae Jepsen ,29,13,9, 2012-09-01
21, David Guetta ,18,13,91, 2012-09-01
22, Lil Wayne ,22,13,90, 2012-09-01
23, Beyonce ,23,1,90, 2012-09-01
24, Linkin Park ,19,1,91, 2012-09-01
25, Cimorelli ,24,3,39, 2012-09-01
26, Boyce Avenue ,27,8,63, 2012-09-01
27, Ariana Grande ,26,13,7, 2012-09-01
28, Britney Spears ,21,1,88, 2012-09-01
29, Mumford & Sons ,13,13,2, 2012-09-01
30, Maroon 5 ,36,1,30, 2012-09-01
31, Coldplay ,34,1,87, 2012-09-01
32, Drake ,30,13,89, 2012-09-01
33, Usher ,35,13,82, 2012-09-01
34, LMFAO ,37,2,68, 2012-09-01
35, Your Favorite Martian ,28,19,19, 2012-09-01
36, Avril Lavigne ,44,1,89, 2012-09-01
37, Alicia Keys ,43,1,38, 2012-09-01
38, Flo Rida ,42,13,25, 2012-09-01
39, Bruno Mars ,41,1,80, 2012-09-01
40, P!nk ,46,1,55, 2012-09-01
41, MattyB ,31,13,20, 2012-09-01
42, Justin Timberlake ,47,1,71, 2012-09-01
43, Don Omar ,20,2,88, 2012-09-01
44, Lindsey Stirling ,32,13,17, 2012-09-01
45, Demi Lovato ,49,13,81, 2012-09-01
46, Snoop Dogg ,38,13,86, 2012-09-01
47, The Black Eyed Peas ,50,1,90, 2012-09-01
48, Waka Flocka Flame ,120,13,1, 2012-09-01
49, Green Day ,120,13,50, 2012-09-01
50, Michael Jackson ,120,13,87, 2012-09-01
1, Rihanna ,3,1,90, 2012-08-25
2, Justin Bieber ,1,1,90, 2012-08-25
3, Katy Perry ,4,1,90, 2012-08-25
4, Adele ,5,1,80, 2012-08-25
5, One Direction ,16,13,40, 2012-08-25
6, Taylor Swift ,7,1,90, 2012-08-25
7, Shakira ,12,13,90, 2012-08-25
8, Lady Gaga ,8,1,90, 2012-08-25
9, Nicki Minaj ,6,13,90, 2012-08-25
10, Pitbull ,9,13,88, 2012-08-25
11, Miley Cyrus ,13,1,19, 2012-08-25
12, Jennifer Lopez ,11,13,76, 2012-08-25
13, Mumford & Sons ,120,13,1, 2012-08-25
14, Eminem ,10,13,90, 2012-08-25
15, Selena Gomez ,22,13,90, 2012-08-25
16, Chris Brown ,15,13,88, 2012-08-25
17, Skrillex ,31,13,58, 2012-08-25
18, David Guetta ,17,13,90, 2012-08-25
19, Linkin Park ,18,1,90, 2012-08-25
20, Don Omar ,2,2,87, 2012-08-25
21, Britney Spears ,19,1,87, 2012-08-25
22, Lil Wayne ,14,13,89, 2012-08-25
23, Beyonce ,33,1,89, 2012-08-25
24, Cimorelli ,120,3,38, 2012-08-25
25, Wiz Khalifa ,36,13,87, 2012-08-25
26, Ariana Grande ,35,13,6, 2012-08-25
27, Boyce Avenue ,120,8,62, 2012-08-25
28, Your Favorite Martian ,120,19,18, 2012-08-25
29, Carly Rae Jepsen ,20,13,8, 2012-08-25
30, Drake ,23,13,88, 2012-08-25
31, MattyB ,120,13,19, 2012-08-25
32, Lindsey Stirling ,120,13,16, 2012-08-25
33, The Piano Guys ,120,13,14, 2012-08-25
34, Coldplay ,21,1,86, 2012-08-25
35, Usher ,28,13,81, 2012-08-25
36, Maroon 5 ,40,1,29, 2012-08-25
37, LMFAO ,24,2,67, 2012-08-25
38, Snoop Dogg ,39,13,85, 2012-08-25
39, Megan Nicole ,120,29,1, 2012-08-25
40, Kurt Hugo Schneider ,120,9,3, 2012-08-25
41, Bruno Mars ,29,1,79, 2012-08-25
42, Flo Rida ,38,13,24, 2012-08-25
43, Alicia Keys ,27,1,37, 2012-08-25
44, Avril Lavigne ,26,1,88, 2012-08-25
45, Hopsin ,120,13,2, 2012-08-25
46, P!nk ,30,1,54, 2012-08-25
47, Justin Timberlake ,41,1,70, 2012-08-25
48, Sungha Jung ,120,33,15, 2012-08-25
49, Demi Lovato ,32,13,80, 2012-08-25
50, The Black Eyed Peas ,43,1,89, 2012-08-25
1, Justin Bieber ,1,1,89, 2012-08-18
2, Don Omar ,3,2,86, 2012-08-18
3, Rihanna ,2,1,89, 2012-08-18
4, Katy Perry ,6,1,89, 2012-08-18
5, Adele ,4,1,79, 2012-08-18
6, Nicki Minaj ,8,13,89, 2012-08-18
7, Taylor Swift ,7,1,89, 2012-08-18
8, Lady Gaga ,5,1,89, 2012-08-18
9, Pitbull ,12,13,87, 2012-08-18
10, Eminem ,9,13,89, 2012-08-18
11, Jennifer Lopez ,11,13,75, 2012-08-18
12, Shakira ,10,13,89, 2012-08-18
13, Miley Cyrus ,17,1,18, 2012-08-18
14, Lil Wayne ,13,13,88, 2012-08-18
15, Chris Brown ,15,13,87, 2012-08-18
16, One Direction ,16,13,39, 2012-08-18
17, David Guetta ,18,13,89, 2012-08-18
18, Linkin Park ,14,1,89, 2012-08-18
19, Britney Spears ,22,1,86, 2012-08-18
20, Carly Rae Jepsen ,31,13,7, 2012-08-18
21, Coldplay ,21,1,85, 2012-08-18
22, Selena Gomez ,28,13,89, 2012-08-18
23, Drake ,20,13,87, 2012-08-18
24, LMFAO ,19,2,66, 2012-08-18
25, Psy ,120,1,1, 2012-08-18
26, Avril Lavigne ,23,1,87, 2012-08-18
27, Alicia Keys ,34,1,36, 2012-08-18
28, Usher ,26,13,80, 2012-08-18
29, Bruno Mars ,30,1,78, 2012-08-18
30, P!nk ,25,1,53, 2012-08-18
31, Skrillex ,32,13,57, 2012-08-18
32, Demi Lovato ,24,13,79, 2012-08-18
33, Beyonce ,33,1,88, 2012-08-18
34, The xx ,27,13,5, 2012-08-18
35, Ariana Grande ,45,13,5, 2012-08-18
36, Wiz Khalifa ,41,13,86, 2012-08-18
37, Michael Jackson ,29,13,86, 2012-08-18
38, Flo Rida ,35,13,23, 2012-08-18
39, Snoop Dogg ,40,13,84, 2012-08-18
40, Maroon 5 ,44,1,28, 2012-08-18
41, Justin Timberlake ,38,1,69, 2012-08-18
42, Big Sean ,120,13,1, 2012-08-18
43, The Black Eyed Peas ,36,1,88, 2012-08-18
44, Enrique Iglesias ,39,13,69, 2012-08-18
45, 50 Cent ,43,13,84, 2012-08-18
46, Lana Del Rey ,42,13,13, 2012-08-18
47, Rick Ross ,120,47,1, 2012-08-18
48, Ne-Yo ,50,39,3, 2012-08-18
49, Avenged Sevenfold ,47,13,31, 2012-08-18
50, Cher Lloyd ,120,49,1, 2012-08-18
1, Justin Bieber ,3,1,88, 2012-08-11
2, Rihanna ,1,1,88, 2012-08-11
3, Don Omar ,47,2,85, 2012-08-11
4, Adele ,7,1,78, 2012-08-11
5, Lady Gaga ,13,1,88, 2012-08-11
6, Katy Perry ,2,1,88, 2012-08-11
7, Taylor Swift ,8,1,88, 2012-08-11
8, Nicki Minaj ,9,13,88, 2012-08-11
9, Eminem ,20,13,88, 2012-08-11
10, Shakira ,11,13,88, 2012-08-11
11, Jennifer Lopez ,10,13,74, 2012-08-11
12, Pitbull ,4,13,86, 2012-08-11
13, Lil Wayne ,16,13,87, 2012-08-11
14, Linkin Park ,14,1,88, 2012-08-11
15, Chris Brown ,12,13,86, 2012-08-11
16, One Direction ,5,13,38, 2012-08-11
17, Miley Cyrus ,43,1,17, 2012-08-11
18, David Guetta ,15,13,88, 2012-08-11
19, LMFAO ,23,2,65, 2012-08-11
20, Drake ,22,13,86, 2012-08-11
21, Coldplay ,28,1,84, 2012-08-11
22, Britney Spears ,26,1,85, 2012-08-11
23, Avril Lavigne ,36,1,86, 2012-08-11
24, Demi Lovato ,41,13,78, 2012-08-11
25, P!nk ,46,1,52, 2012-08-11
26, Usher ,24,13,79, 2012-08-11
27, The xx ,120,13,4, 2012-08-11
28, Selena Gomez ,18,13,88, 2012-08-11
29, Michael Jackson ,42,13,85, 2012-08-11
30, Bruno Mars ,27,1,77, 2012-08-11
31, Carly Rae Jepsen ,25,13,6, 2012-08-11
32, Skrillex ,6,13,56, 2012-08-11
33, Beyonce ,29,1,87, 2012-08-11
34, Alicia Keys ,37,1,35, 2012-08-11
35, Flo Rida ,33,13,22, 2012-08-11
36, The Black Eyed Peas ,38,1,87, 2012-08-11
37, The Tallest Man On Earth ,120,37,1, 2012-08-11
38, Justin Timberlake ,44,1,68, 2012-08-11
39, Enrique Iglesias ,120,13,68, 2012-08-11
40, Snoop Dogg ,35,13,83, 2012-08-11
41, Wiz Khalifa ,19,13,85, 2012-08-11
42, Lana Del Rey ,120,13,12, 2012-08-11
43, 50 Cent ,48,13,83, 2012-08-11
44, Maroon 5 ,34,1,27, 2012-08-11
45, Ariana Grande ,45,13,4, 2012-08-11
46, Green Day ,30,13,49, 2012-08-11
47, Avenged Sevenfold ,120,13,30, 2012-08-11
48, Madonna ,120,13,19, 2012-08-11
49, Red Hot Chili Peppers ,120,13,26, 2012-08-11
50, Ne-Yo ,120,39,2, 2012-08-11
1, Rihanna ,3,1,87, 2012-08-04
2, Katy Perry ,5,1,87, 2012-08-04
3, Justin Bieber ,2,1,87, 2012-08-04
4, Pitbull ,7,13,85, 2012-08-04
5, One Direction ,4,13,37, 2012-08-04
6, Skrillex ,1,13,55, 2012-08-04
7, Adele ,6,1,77, 2012-08-04
8, Taylor Swift ,28,1,87, 2012-08-04
9, Nicki Minaj ,8,13,87, 2012-08-04
10, Jennifer Lopez ,10,13,73, 2012-08-04
11, Shakira ,12,13,87, 2012-08-04
12, Chris Brown ,9,13,85, 2012-08-04
13, Lady Gaga ,17,1,87, 2012-08-04
14, Linkin Park ,25,1,87, 2012-08-04
15, David Guetta ,11,13,87, 2012-08-04
16, Lil Wayne ,30,13,86, 2012-08-04
17, Hopsin ,120,13,1, 2012-08-04
18, Selena Gomez ,15,13,87, 2012-08-04
19, Wiz Khalifa ,14,13,84, 2012-08-04
20, Eminem ,31,13,87, 2012-08-04
21, Cimorelli ,13,3,37, 2012-08-04
22, Drake ,16,13,85, 2012-08-04
23, LMFAO ,20,2,64, 2012-08-04
24, Usher ,19,13,78, 2012-08-04
25, Carly Rae Jepsen ,22,13,5, 2012-08-04
26, Britney Spears ,23,1,84, 2012-08-04
27, Bruno Mars ,27,1,76, 2012-08-04
28, Coldplay ,41,1,83, 2012-08-04
29, Beyonce ,40,1,86, 2012-08-04
30, Green Day ,120,13,48, 2012-08-04
31, The Piano Guys ,120,13,13, 2012-08-04
32, Your Favorite Martian ,36,19,17, 2012-08-04
33, Flo Rida ,24,13,21, 2012-08-04
34, Maroon 5 ,42,1,26, 2012-08-04
35, Snoop Dogg ,18,13,82, 2012-08-04
36, Avril Lavigne ,120,1,85, 2012-08-04
37, Alicia Keys ,29,1,34, 2012-08-04
38, The Black Eyed Peas ,50,1,86, 2012-08-04
39, Boyce Avenue ,21,8,61, 2012-08-04
40, MattyB ,26,13,18, 2012-08-04
41, Demi Lovato ,120,13,77, 2012-08-04
42, Michael Jackson ,120,13,84, 2012-08-04
43, Miley Cyrus ,120,1,16, 2012-08-04
44, Justin Timberlake ,120,1,67, 2012-08-04
45, Ariana Grande ,35,13,3, 2012-08-04
46, P!nk ,38,1,51, 2012-08-04
47, Don Omar ,49,2,84, 2012-08-04
48, 50 Cent ,34,13,82, 2012-08-04
49, Jay-Z ,120,49,1, 2012-08-04
50, Michel Telo ,39,20,16, 2012-08-04
1, Skrillex ,4,13,54, 2012-07-28
2, Justin Bieber ,3,1,86, 2012-07-28
3, Rihanna ,1,1,86, 2012-07-28
4, One Direction ,7,13,36, 2012-07-28
5, Katy Perry ,2,1,86, 2012-07-28
6, Adele ,6,1,76, 2012-07-28
7, Pitbull ,16,13,84, 2012-07-28
8, Nicki Minaj ,8,13,86, 2012-07-28
9, Chris Brown ,15,13,84, 2012-07-28
10, Jennifer Lopez ,17,13,72, 2012-07-28
11, David Guetta ,14,13,86, 2012-07-28
12, Shakira ,11,13,86, 2012-07-28
13, Cimorelli ,9,3,36, 2012-07-28
14, Wiz Khalifa ,23,13,83, 2012-07-28
15, Selena Gomez ,19,13,86, 2012-07-28
16, Drake ,25,13,84, 2012-07-28
17, Lady Gaga ,10,1,86, 2012-07-28
18, Snoop Dogg ,18,13,81, 2012-07-28
19, Usher ,29,13,77, 2012-07-28
20, LMFAO ,20,2,63, 2012-07-28
21, Boyce Avenue ,21,8,60, 2012-07-28
22, Carly Rae Jepsen ,45,13,4, 2012-07-28
23, Britney Spears ,27,1,83, 2012-07-28
24, Flo Rida ,32,13,20, 2012-07-28
25, Linkin Park ,5,1,86, 2012-07-28
26, MattyB ,30,13,17, 2012-07-28
27, Bruno Mars ,35,1,75, 2012-07-28
28, Taylor Swift ,13,1,86, 2012-07-28
29, Alicia Keys ,31,1,33, 2012-07-28
30, Lil Wayne ,22,13,85, 2012-07-28
31, Eminem ,12,13,86, 2012-07-28
32, Lindsey Stirling ,37,13,15, 2012-07-28
33, Sungha Jung ,38,33,14, 2012-07-28
34, 50 Cent ,34,13,81, 2012-07-28
35, Ariana Grande ,48,13,2, 2012-07-28
36, Your Favorite Martian ,24,19,16, 2012-07-28
37, Christina Grimmie ,42,13,73, 2012-07-28
38, P!nk ,49,1,50, 2012-07-28
39, Michel Telo ,120,20,15, 2012-07-28
40, Beyonce ,26,1,85, 2012-07-28
41, Coldplay ,28,1,82, 2012-07-28
42, Maroon 5 ,36,1,25, 2012-07-28
43, Mac Miller ,120,13,9, 2012-07-28
44, The Wanted ,120,43,1, 2012-07-28
45, Walk Off The Earth ,120,13,24, 2012-07-28
46, Kurt Hugo Schneider ,120,9,2, 2012-07-28
47, Gotye ,120,2,8, 2012-07-28
48, Tiesto ,120,13,67, 2012-07-28
49, Don Omar ,40,2,83, 2012-07-28
50, The Black Eyed Peas ,39,1,85, 2012-07-28
1, Rihanna ,1,1,85, 2012-07-21
2, Katy Perry ,3,1,85, 2012-07-21
3, Justin Bieber ,2,1,85, 2012-07-21
4, Skrillex ,13,13,53, 2012-07-21
5, Linkin Park ,8,1,85, 2012-07-21
6, Adele ,4,1,75, 2012-07-21
7, One Direction ,6,13,35, 2012-07-21
8, Nicki Minaj ,11,13,85, 2012-07-21
9, Cimorelli ,24,3,35, 2012-07-21
10, Lady Gaga ,5,1,85, 2012-07-21
11, Shakira ,7,13,85, 2012-07-21
12, Eminem ,12,13,85, 2012-07-21
13, Taylor Swift ,9,1,85, 2012-07-21
14, David Guetta ,18,13,85, 2012-07-21
15, Chris Brown ,15,13,83, 2012-07-21
16, Pitbull ,10,13,83, 2012-07-21
17, Jennifer Lopez ,14,13,71, 2012-07-21
18, Snoop Dogg ,16,13,80, 2012-07-21
19, Selena Gomez ,20,13,85, 2012-07-21
20, LMFAO ,19,2,62, 2012-07-21
21, Boyce Avenue ,37,8,59, 2012-07-21
22, Lil Wayne ,21,13,84, 2012-07-21
23, Wiz Khalifa ,30,13,82, 2012-07-21
24, Your Favorite Martian ,48,19,15, 2012-07-21
25, Drake ,22,13,83, 2012-07-21
26, Beyonce ,25,1,84, 2012-07-21
27, Britney Spears ,26,1,82, 2012-07-21
28, Coldplay ,29,1,81, 2012-07-21
29, Usher ,23,13,76, 2012-07-21
30, MattyB ,43,13,16, 2012-07-21
31, Alicia Keys ,31,1,32, 2012-07-21
32, Flo Rida ,42,13,19, 2012-07-21
33, Demi Lovato ,34,13,76, 2012-07-21
34, 50 Cent ,40,13,80, 2012-07-21
35, Bruno Mars ,27,1,74, 2012-07-21
36, Maroon 5 ,33,1,24, 2012-07-21
37, Lindsey Stirling ,50,13,14, 2012-07-21
38, Sungha Jung ,120,33,13, 2012-07-21
39, The Black Eyed Peas ,35,1,84, 2012-07-21
40, Don Omar ,17,2,82, 2012-07-21
41, Avril Lavigne ,32,1,84, 2012-07-21
42, Christina Grimmie ,47,13,72, 2012-07-21
43, Justin Timberlake ,41,1,66, 2012-07-21
44, Michael Jackson ,28,13,83, 2012-07-21
45, Carly Rae Jepsen ,36,13,3, 2012-07-21
46, Lana Del Rey ,120,13,11, 2012-07-21
47, Miley Cyrus ,38,1,15, 2012-07-21
48, Ariana Grande ,120,13,1, 2012-07-21
49, P!nk ,44,1,49, 2012-07-21
50, Odd Future ,120,30,6, 2012-07-21
1, Rihanna ,2,1,84, 2012-07-14
2, Justin Bieber ,4,1,84, 2012-07-14
3, Katy Perry ,1,1,84, 2012-07-14
4, Adele ,5,1,74, 2012-07-14
5, Lady Gaga ,10,1,84, 2012-07-14
6, One Direction ,8,13,34, 2012-07-14
7, Shakira ,13,13,84, 2012-07-14
8, Linkin Park ,3,1,84, 2012-07-14
9, Taylor Swift ,11,1,84, 2012-07-14
10, Pitbull ,15,13,82, 2012-07-14
11, Nicki Minaj ,7,13,84, 2012-07-14
12, Eminem ,12,13,84, 2012-07-14
13, Skrillex ,6,13,52, 2012-07-14
14, Jennifer Lopez ,18,13,70, 2012-07-14
15, Chris Brown ,17,13,82, 2012-07-14
16, Snoop Dogg ,20,13,79, 2012-07-14
17, Don Omar ,22,2,81, 2012-07-14
18, David Guetta ,16,13,84, 2012-07-14
19, LMFAO ,23,2,61, 2012-07-14
20, Selena Gomez ,21,13,84, 2012-07-14
21, Lil Wayne ,28,13,83, 2012-07-14
22, Drake ,24,13,82, 2012-07-14
23, Usher ,29,13,75, 2012-07-14
24, Cimorelli ,9,3,34, 2012-07-14
25, Beyonce ,27,1,83, 2012-07-14
26, Britney Spears ,30,1,81, 2012-07-14
27, Bruno Mars ,33,1,73, 2012-07-14
28, Michael Jackson ,42,13,82, 2012-07-14
29, Coldplay ,31,1,80, 2012-07-14
30, Wiz Khalifa ,25,13,81, 2012-07-14
31, Alicia Keys ,38,1,31, 2012-07-14
32, Avril Lavigne ,34,1,83, 2012-07-14
33, Maroon 5 ,41,1,23, 2012-07-14
34, Demi Lovato ,35,13,75, 2012-07-14
35, The Black Eyed Peas ,37,1,83, 2012-07-14
36, Carly Rae Jepsen ,44,13,2, 2012-07-14
37, Boyce Avenue ,14,8,58, 2012-07-14
38, Miley Cyrus ,49,1,14, 2012-07-14
39, Kurt Hugo Schneider ,120,9,1, 2012-07-14
40, 50 Cent ,40,13,79, 2012-07-14
41, Justin Timberlake ,45,1,65, 2012-07-14
42, Flo Rida ,43,13,18, 2012-07-14
43, MattyB ,26,13,15, 2012-07-14
44, P!nk ,120,1,48, 2012-07-14
45, deadmau5 ,120,13,23, 2012-07-14
46, Mac Miller ,50,13,8, 2012-07-14
47, Christina Grimmie ,39,13,71, 2012-07-14
48, Your Favorite Martian ,19,19,14, 2012-07-14
49, Enrique Iglesias ,120,13,67, 2012-07-14
50, Lindsey Stirling ,32,13,13, 2012-07-14
1, Katy Perry ,6,1,83, 2012-07-07
2, Rihanna ,1,1,83, 2012-07-07
3, Linkin Park ,5,1,83, 2012-07-07
4, Justin Bieber ,2,1,83, 2012-07-07
5, Adele ,3,1,73, 2012-07-07
6, Skrillex ,4,13,51, 2012-07-07
7, Nicki Minaj ,7,13,83, 2012-07-07
8, One Direction ,9,13,33, 2012-07-07
9, Cimorelli ,8,3,33, 2012-07-07
10, Lady Gaga ,10,1,83, 2012-07-07
11, Taylor Swift ,11,1,83, 2012-07-07
12, Eminem ,18,13,83, 2012-07-07
13, Shakira ,15,13,83, 2012-07-07
14, Boyce Avenue ,13,8,57, 2012-07-07
15, Pitbull ,19,13,81, 2012-07-07
16, David Guetta ,14,13,83, 2012-07-07
17, Chris Brown ,12,13,81, 2012-07-07
18, Jennifer Lopez ,17,13,69, 2012-07-07
19, Your Favorite Martian ,34,19,13, 2012-07-07
20, Snoop Dogg ,22,13,78, 2012-07-07
21, Selena Gomez ,21,13,83, 2012-07-07
22, Don Omar ,25,2,80, 2012-07-07
23, LMFAO ,27,2,60, 2012-07-07
24, Drake ,20,13,81, 2012-07-07
25, Wiz Khalifa ,23,13,80, 2012-07-07
26, MattyB ,26,13,14, 2012-07-07
27, Beyonce ,29,1,82, 2012-07-07
28, Lil Wayne ,24,13,82, 2012-07-07
29, Usher ,30,13,74, 2012-07-07
30, Britney Spears ,33,1,80, 2012-07-07
31, Coldplay ,32,1,79, 2012-07-07
32, Lindsey Stirling ,16,13,12, 2012-07-07
33, Bruno Mars ,35,1,72, 2012-07-07
34, Avril Lavigne ,39,1,82, 2012-07-07
35, Demi Lovato ,42,13,74, 2012-07-07
36, Sungha Jung ,43,33,12, 2012-07-07
37, The Black Eyed Peas ,36,1,82, 2012-07-07
38, Alicia Keys ,47,1,30, 2012-07-07
39, Christina Grimmie ,38,13,70, 2012-07-07
40, 50 Cent ,41,13,78, 2012-07-07
41, Maroon 5 ,48,1,22, 2012-07-07
42, Michael Jackson ,50,13,81, 2012-07-07
43, Flo Rida ,45,13,17, 2012-07-07
44, Carly Rae Jepsen ,120,13,1, 2012-07-07
45, Justin Timberlake ,44,1,64, 2012-07-07
46, The Piano Guys ,37,13,12, 2012-07-07
47, Walk Off The Earth ,46,13,23, 2012-07-07
48, Megan & Liz ,120,36,13, 2012-07-07
49, Miley Cyrus ,120,1,13, 2012-07-07
50, Mac Miller ,120,13,7, 2012-07-07
1, Rihanna ,1,1,82, 2012-06-30
2, Justin Bieber ,4,1,82, 2012-06-30
3, Adele ,2,1,72, 2012-06-30
4, Skrillex ,5,13,50, 2012-06-30
5, Linkin Park ,8,1,82, 2012-06-30
6, Katy Perry ,6,1,82, 2012-06-30
7, Nicki Minaj ,7,13,82, 2012-06-30
8, Cimorelli ,3,3,32, 2012-06-30
9, One Direction ,10,13,32, 2012-06-30
10, Lady Gaga ,9,1,82, 2012-06-30
11, Taylor Swift ,12,1,82, 2012-06-30
12, Chris Brown ,18,13,80, 2012-06-30
13, Boyce Avenue ,19,8,56, 2012-06-30
14, David Guetta ,15,13,82, 2012-06-30
15, Shakira ,14,13,82, 2012-06-30
16, Lindsey Stirling ,45,13,11, 2012-06-30
17, Jennifer Lopez ,17,13,68, 2012-06-30
18, Eminem ,13,13,82, 2012-06-30
19, Pitbull ,16,13,80, 2012-06-30
20, Drake ,28,13,80, 2012-06-30
21, Selena Gomez ,21,13,82, 2012-06-30
22, Snoop Dogg ,25,13,77, 2012-06-30
23, Wiz Khalifa ,29,13,79, 2012-06-30
24, Lil Wayne ,27,13,81, 2012-06-30
25, Don Omar ,31,2,79, 2012-06-30
26, MattyB ,30,13,13, 2012-06-30
27, LMFAO ,20,2,59, 2012-06-30
28, BIGBANG ,11,11,11, 2012-06-30
29, Beyonce ,26,1,81, 2012-06-30
30, Usher ,40,13,73, 2012-06-30
31, Tay Zonday ,120,31,1, 2012-06-30
32, Coldplay ,22,1,78, 2012-06-30
33, Britney Spears ,32,1,79, 2012-06-30
34, Your Favorite Martian ,23,19,12, 2012-06-30
35, Bruno Mars ,33,1,71, 2012-06-30
36, The Black Eyed Peas ,34,1,81, 2012-06-30
37, The Piano Guys ,47,13,11, 2012-06-30
38, Christina Grimmie ,37,13,69, 2012-06-30
39, Avril Lavigne ,36,1,81, 2012-06-30
40, Michel Telo ,24,20,14, 2012-06-30
41, 50 Cent ,38,13,77, 2012-06-30
42, Demi Lovato ,39,13,73, 2012-06-30
43, Sungha Jung ,41,33,11, 2012-06-30
44, Justin Timberlake ,42,1,63, 2012-06-30
45, Flo Rida ,44,13,16, 2012-06-30
46, Walk Off The Earth ,46,13,22, 2012-06-30
47, Alicia Keys ,120,1,29, 2012-06-30
48, Maroon 5 ,48,1,21, 2012-06-30
49, Madonna ,120,13,18, 2012-06-30
50, Michael Jackson ,43,13,80, 2012-06-30
1, Rihanna ,1,1,81, 2012-06-23
2, Adele ,2,1,71, 2012-06-23
3, Cimorelli ,16,3,31, 2012-06-23
4, Justin Bieber ,3,1,81, 2012-06-23
5, Skrillex ,6,13,49, 2012-06-23
6, Katy Perry ,5,1,81, 2012-06-23
7, Nicki Minaj ,7,13,81, 2012-06-23
8, Linkin Park ,9,1,81, 2012-06-23
9, Lady Gaga ,4,1,81, 2012-06-23
10, One Direction ,8,13,31, 2012-06-23
11, BIGBANG ,12,11,10, 2012-06-23
12, Taylor Swift ,10,1,81, 2012-06-23
13, Eminem ,19,13,81, 2012-06-23
14, Shakira ,11,13,81, 2012-06-23
15, David Guetta ,13,13,81, 2012-06-23
16, Pitbull ,18,13,79, 2012-06-23
17, Jennifer Lopez ,14,13,67, 2012-06-23
18, Chris Brown ,17,13,79, 2012-06-23
19, Boyce Avenue ,15,8,55, 2012-06-23
20, LMFAO ,20,2,58, 2012-06-23
21, Selena Gomez ,24,13,81, 2012-06-23
22, Coldplay ,30,1,77, 2012-06-23
23, Your Favorite Martian ,25,19,11, 2012-06-23
24, Michel Telo ,21,20,13, 2012-06-23
25, Snoop Dogg ,26,13,76, 2012-06-23
26, Beyonce ,22,1,80, 2012-06-23
27, Lil Wayne ,23,13,80, 2012-06-23
28, Drake ,28,13,79, 2012-06-23
29, Wiz Khalifa ,31,13,78, 2012-06-23
30, MattyB ,32,13,12, 2012-06-23
31, Don Omar ,40,2,78, 2012-06-23
32, Britney Spears ,29,1,78, 2012-06-23
33, Bruno Mars ,27,1,70, 2012-06-23
34, The Black Eyed Peas ,33,1,80, 2012-06-23
35, Miley Cyrus ,120,1,12, 2012-06-23
36, Avril Lavigne ,35,1,80, 2012-06-23
37, Christina Grimmie ,39,13,68, 2012-06-23
38, 50 Cent ,41,13,76, 2012-06-23
39, Demi Lovato ,38,13,72, 2012-06-23
40, Usher ,36,13,72, 2012-06-23
41, Sungha Jung ,45,33,10, 2012-06-23
42, Justin Timberlake ,43,1,62, 2012-06-23
43, Michael Jackson ,37,13,79, 2012-06-23
44, Flo Rida ,47,13,15, 2012-06-23
45, Lindsey Stirling ,42,13,10, 2012-06-23
46, Walk Off The Earth ,44,13,21, 2012-06-23
47, The Piano Guys ,34,13,10, 2012-06-23
48, Maroon 5 ,46,1,20, 2012-06-23
49, Green Day ,49,13,47, 2012-06-23
50, P!nk ,48,1,47, 2012-06-23
1, Rihanna ,1,1,80, 2012-06-16
2, Adele ,3,1,70, 2012-06-16
3, Justin Bieber ,6,1,80, 2012-06-16
4, Lady Gaga ,2,1,80, 2012-06-16
5, Katy Perry ,5,1,80, 2012-06-16
6, Skrillex ,4,13,48, 2012-06-16
7, Nicki Minaj ,7,13,80, 2012-06-16
8, One Direction ,9,13,30, 2012-06-16
9, Linkin Park ,8,1,80, 2012-06-16
10, Taylor Swift ,13,1,80, 2012-06-16
11, Shakira ,12,13,80, 2012-06-16
12, BIGBANG ,36,11,9, 2012-06-16
13, David Guetta ,11,13,80, 2012-06-16
14, Jennifer Lopez ,10,13,66, 2012-06-16
15, Boyce Avenue ,18,8,54, 2012-06-16
16, Cimorelli ,16,3,30, 2012-06-16
17, Chris Brown ,14,13,78, 2012-06-16
18, Pitbull ,15,13,78, 2012-06-16
19, Eminem ,17,13,80, 2012-06-16
20, LMFAO ,20,2,57, 2012-06-16
21, Michel Telo ,42,20,12, 2012-06-16
22, Beyonce ,19,1,79, 2012-06-16
23, Lil Wayne ,22,13,79, 2012-06-16
24, Selena Gomez ,24,13,80, 2012-06-16
25, Your Favorite Martian ,21,19,10, 2012-06-16
26, Snoop Dogg ,26,13,75, 2012-06-16
27, Bruno Mars ,23,1,69, 2012-06-16
28, Drake ,25,13,78, 2012-06-16
29, Britney Spears ,27,1,77, 2012-06-16
30, Coldplay ,29,1,76, 2012-06-16
31, Wiz Khalifa ,30,13,77, 2012-06-16
32, MattyB ,32,13,11, 2012-06-16
33, The Black Eyed Peas ,31,1,79, 2012-06-16
34, The Piano Guys ,50,13,9, 2012-06-16
35, Avril Lavigne ,34,1,79, 2012-06-16
36, Usher ,33,13,71, 2012-06-16
37, Michael Jackson ,28,13,78, 2012-06-16
38, Demi Lovato ,46,13,71, 2012-06-16
39, Christina Grimmie ,35,13,67, 2012-06-16
40, Don Omar ,43,2,77, 2012-06-16
41, 50 Cent ,38,13,75, 2012-06-16
42, Lindsey Stirling ,39,13,9, 2012-06-16
43, Justin Timberlake ,40,1,61, 2012-06-16
44, Walk Off The Earth ,37,13,20, 2012-06-16
45, Sungha Jung ,41,33,9, 2012-06-16
46, Maroon 5 ,120,1,19, 2012-06-16
47, Flo Rida ,48,13,14, 2012-06-16
48, P!nk ,45,1,46, 2012-06-16
49, Green Day ,44,13,46, 2012-06-16
50, Alicia Keys ,49,1,28, 2012-06-16
1, Rihanna ,1,1,79, 2012-06-09
2, Lady Gaga ,5,1,79, 2012-06-09
3, Adele ,2,1,69, 2012-06-09
4, Skrillex ,3,13,47, 2012-06-09
5, Katy Perry ,7,1,79, 2012-06-09
6, Justin Bieber ,4,1,79, 2012-06-09
7, Nicki Minaj ,6,13,79, 2012-06-09
8, Linkin Park ,15,1,79, 2012-06-09
9, One Direction ,8,13,29, 2012-06-09
10, Jennifer Lopez ,10,13,65, 2012-06-09
11, David Guetta ,9,13,79, 2012-06-09
12, Shakira ,11,13,79, 2012-06-09
13, Taylor Swift ,13,1,79, 2012-06-09
14, Chris Brown ,14,13,77, 2012-06-09
15, Pitbull ,17,13,77, 2012-06-09
16, Cimorelli ,12,3,29, 2012-06-09
17, Eminem ,16,13,79, 2012-06-09
18, Boyce Avenue ,20,8,53, 2012-06-09
19, Beyonce ,19,1,78, 2012-06-09
20, LMFAO ,18,2,56, 2012-06-09
21, Your Favorite Martian ,36,19,9, 2012-06-09
22, Lil Wayne ,22,13,78, 2012-06-09
23, Bruno Mars ,21,1,68, 2012-06-09
24, Selena Gomez ,24,13,79, 2012-06-09
25, Drake ,23,13,77, 2012-06-09
26, Snoop Dogg ,28,13,74, 2012-06-09
27, Britney Spears ,27,1,76, 2012-06-09
28, Michael Jackson ,26,13,77, 2012-06-09
29, Coldplay ,30,1,75, 2012-06-09
30, Wiz Khalifa ,25,13,76, 2012-06-09
31, The Black Eyed Peas ,31,1,78, 2012-06-09
32, MattyB ,33,13,10, 2012-06-09
33, Usher ,32,13,70, 2012-06-09
34, Avril Lavigne ,37,1,78, 2012-06-09
35, Christina Grimmie ,29,13,66, 2012-06-09
36, BIGBANG ,35,11,8, 2012-06-09
37, Walk Off The Earth ,34,13,19, 2012-06-09
38, 50 Cent ,39,13,74, 2012-06-09
39, Lindsey Stirling ,38,13,8, 2012-06-09
40, Justin Timberlake ,42,1,60, 2012-06-09
41, Sungha Jung ,44,33,8, 2012-06-09
42, Michel Telo ,120,20,11, 2012-06-09
43, Don Omar ,43,2,76, 2012-06-09
44, Green Day ,41,13,45, 2012-06-09
45, P!nk ,47,1,45, 2012-06-09
46, Demi Lovato ,46,13,70, 2012-06-09
47, deadmau5 ,120,13,22, 2012-06-09
48, Flo Rida ,49,13,13, 2012-06-09
49, Alicia Keys ,50,1,27, 2012-06-09
50, The Piano Guys ,40,13,8, 2012-06-09
1, Rihanna ,4,1,78, 2012-06-02
2, Adele ,2,1,68, 2012-06-02
3, Skrillex ,3,13,46, 2012-06-02
4, Justin Bieber ,1,1,78, 2012-06-02
5, Lady Gaga ,14,1,78, 2012-06-02
6, Nicki Minaj ,6,13,78, 2012-06-02
7, Katy Perry ,7,1,78, 2012-06-02
8, One Direction ,5,13,28, 2012-06-02
9, David Guetta ,12,13,78, 2012-06-02
10, Jennifer Lopez ,8,13,64, 2012-06-02
11, Shakira ,10,13,78, 2012-06-02
12, Cimorelli ,9,3,28, 2012-06-02
13, Taylor Swift ,18,1,78, 2012-06-02
14, Chris Brown ,21,13,76, 2012-06-02
15, Linkin Park ,13,1,78, 2012-06-02
16, Eminem ,20,13,78, 2012-06-02
17, Pitbull ,17,13,76, 2012-06-02
18, LMFAO ,11,2,55, 2012-06-02
19, Beyonce ,39,1,77, 2012-06-02
20, Boyce Avenue ,15,8,52, 2012-06-02
21, Bruno Mars ,16,1,67, 2012-06-02
22, Lil Wayne ,24,13,77, 2012-06-02
23, Drake ,33,13,76, 2012-06-02
24, Selena Gomez ,29,13,78, 2012-06-02
25, Wiz Khalifa ,23,13,75, 2012-06-02
26, Michael Jackson ,32,13,76, 2012-06-02
27, Britney Spears ,28,1,75, 2012-06-02
28, Snoop Dogg ,26,13,73, 2012-06-02
29, Christina Grimmie ,34,13,65, 2012-06-02
30, Coldplay ,27,1,74, 2012-06-02
31, The Black Eyed Peas ,37,1,77, 2012-06-02
32, Usher ,43,13,69, 2012-06-02
33, MattyB ,31,13,9, 2012-06-02
34, Walk Off The Earth ,25,13,18, 2012-06-02
35, BIGBANG ,35,11,7, 2012-06-02
36, Your Favorite Martian ,19,19,8, 2012-06-02
37, Avril Lavigne ,30,1,77, 2012-06-02
38, Lindsey Stirling ,22,13,7, 2012-06-02
39, 50 Cent ,41,13,73, 2012-06-02
40, The Piano Guys ,36,13,7, 2012-06-02
41, Green Day ,45,13,44, 2012-06-02
42, Justin Timberlake ,44,1,59, 2012-06-02
43, Don Omar ,40,2,75, 2012-06-02
44, Sungha Jung ,38,33,7, 2012-06-02
45, Maroon 5 ,42,1,18, 2012-06-02
46, Demi Lovato ,120,13,69, 2012-06-02
47, P!nk ,120,1,44, 2012-06-02
48, Tiesto ,49,13,66, 2012-06-02
49, Flo Rida ,46,13,12, 2012-06-02
50, Alicia Keys ,120,1,26, 2012-06-02
1, Justin Bieber ,1,1,77, 2012-05-26
2, Adele ,2,1,67, 2012-05-26
3, Skrillex ,4,13,45, 2012-05-26
4, Rihanna ,3,1,77, 2012-05-26
5, One Direction ,5,13,27, 2012-05-26
6, Nicki Minaj ,7,13,77, 2012-05-26
7, Katy Perry ,8,1,77, 2012-05-26
8, Jennifer Lopez ,10,13,63, 2012-05-26
9, Cimorelli ,20,3,27, 2012-05-26
10, Shakira ,6,13,77, 2012-05-26
11, LMFAO ,9,2,54, 2012-05-26
12, David Guetta ,11,13,77, 2012-05-26
13, Linkin Park ,12,1,77, 2012-05-26
14, Lady Gaga ,15,1,77, 2012-05-26
15, Boyce Avenue ,19,8,51, 2012-05-26
16, Bruno Mars ,13,1,66, 2012-05-26
17, Pitbull ,14,13,75, 2012-05-26
18, Taylor Swift ,16,1,77, 2012-05-26
19, Your Favorite Martian ,33,19,7, 2012-05-26
20, Eminem ,18,13,77, 2012-05-26
21, Chris Brown ,17,13,75, 2012-05-26
22, Lindsey Stirling ,41,13,6, 2012-05-26
23, Wiz Khalifa ,25,13,74, 2012-05-26
24, Lil Wayne ,24,13,76, 2012-05-26
25, Walk Off The Earth ,23,13,17, 2012-05-26
26, Snoop Dogg ,21,13,72, 2012-05-26
27, Coldplay ,29,1,73, 2012-05-26
28, Britney Spears ,28,1,74, 2012-05-26
29, Selena Gomez ,34,13,77, 2012-05-26
30, Avril Lavigne ,26,1,76, 2012-05-26
31, MattyB ,37,13,8, 2012-05-26
32, Michael Jackson ,30,13,75, 2012-05-26
33, Drake ,32,13,75, 2012-05-26
34, Christina Grimmie ,39,13,64, 2012-05-26
35, BIGBANG ,27,11,6, 2012-05-26
36, The Piano Guys ,49,13,6, 2012-05-26
37, The Black Eyed Peas ,31,1,76, 2012-05-26
38, Sungha Jung ,44,33,6, 2012-05-26
39, Beyonce ,36,1,76, 2012-05-26
40, Don Omar ,35,2,74, 2012-05-26
41, 50 Cent ,38,13,72, 2012-05-26
42, Maroon 5 ,46,1,17, 2012-05-26
43, Usher ,42,13,68, 2012-05-26
44, Justin Timberlake ,40,1,58, 2012-05-26
45, Green Day ,43,13,43, 2012-05-26
46, Flo Rida ,45,13,11, 2012-05-26
47, Michel Telo ,22,20,10, 2012-05-26
48, Gotye ,120,2,7, 2012-05-26
49, Tiesto ,120,13,65, 2012-05-26
50, Madonna ,47,13,17, 2012-05-26
1, Justin Bieber ,1,1,76, 2012-05-19
2, Adele ,2,1,66, 2012-05-19
3, Rihanna ,5,1,76, 2012-05-19
4, Skrillex ,4,13,44, 2012-05-19
5, One Direction ,3,13,26, 2012-05-19
6, Shakira ,15,13,76, 2012-05-19
7, Nicki Minaj ,9,13,76, 2012-05-19
8, Katy Perry ,8,1,76, 2012-05-19
9, LMFAO ,6,2,53, 2012-05-19
10, Jennifer Lopez ,21,13,62, 2012-05-19
11, David Guetta ,11,13,76, 2012-05-19
12, Linkin Park ,10,1,76, 2012-05-19
13, Bruno Mars ,12,1,65, 2012-05-19
14, Pitbull ,7,13,74, 2012-05-19
15, Lady Gaga ,13,1,76, 2012-05-19
16, Taylor Swift ,18,1,76, 2012-05-19
17, Chris Brown ,22,13,74, 2012-05-19
18, Eminem ,19,13,76, 2012-05-19
19, Boyce Avenue ,27,8,50, 2012-05-19
20, Cimorelli ,23,3,26, 2012-05-19
21, Snoop Dogg ,14,13,71, 2012-05-19
22, Michel Telo ,20,20,9, 2012-05-19
23, Walk Off The Earth ,16,13,16, 2012-05-19
24, Lil Wayne ,17,13,75, 2012-05-19
25, Wiz Khalifa ,26,13,73, 2012-05-19
26, Avril Lavigne ,35,1,75, 2012-05-19
27, BIGBANG ,31,11,5, 2012-05-19
28, Britney Spears ,34,1,73, 2012-05-19
29, Coldplay ,30,1,72, 2012-05-19
30, Michael Jackson ,28,13,74, 2012-05-19
31, The Black Eyed Peas ,29,1,75, 2012-05-19
32, Drake ,25,13,74, 2012-05-19
33, Your Favorite Martian ,24,19,6, 2012-05-19
34, Selena Gomez ,33,13,76, 2012-05-19
35, Don Omar ,48,2,73, 2012-05-19
36, Beyonce ,36,1,75, 2012-05-19
37, MattyB ,49,13,7, 2012-05-19
38, 50 Cent ,32,13,71, 2012-05-19
39, Christina Grimmie ,39,13,63, 2012-05-19
40, Justin Timberlake ,46,1,57, 2012-05-19
41, Lindsey Stirling ,43,13,5, 2012-05-19
42, Usher ,37,13,67, 2012-05-19
43, Green Day ,40,13,42, 2012-05-19
44, Sungha Jung ,120,33,5, 2012-05-19
45, Flo Rida ,45,13,10, 2012-05-19
46, Maroon 5 ,41,1,16, 2012-05-19
47, Madonna ,44,13,16, 2012-05-19
48, Demi Lovato ,38,13,68, 2012-05-19
49, The Piano Guys ,42,13,5, 2012-05-19
50, P!nk ,47,1,43, 2012-05-19
1, Justin Bieber ,1,1,75, 2012-05-12
2, Adele ,2,1,65, 2012-05-12
3, One Direction ,4,13,25, 2012-05-12
4, Skrillex ,5,13,43, 2012-05-12
5, Rihanna ,3,1,75, 2012-05-12
6, LMFAO ,17,2,52, 2012-05-12
7, Pitbull ,10,13,73, 2012-05-12
8, Katy Perry ,6,1,75, 2012-05-12
9, Nicki Minaj ,8,13,75, 2012-05-12
10, Linkin Park ,24,1,75, 2012-05-12
11, David Guetta ,11,13,75, 2012-05-12
12, Bruno Mars ,12,1,64, 2012-05-12
13, Lady Gaga ,7,1,75, 2012-05-12
14, Snoop Dogg ,20,13,70, 2012-05-12
15, Shakira ,15,13,75, 2012-05-12
16, Walk Off The Earth ,30,13,15, 2012-05-12
17, Lil Wayne ,19,13,74, 2012-05-12
18, Taylor Swift ,9,1,75, 2012-05-12
19, Eminem ,22,13,75, 2012-05-12
20, Michel Telo ,25,20,8, 2012-05-12
21, Jennifer Lopez ,13,13,61, 2012-05-12
22, Chris Brown ,16,13,73, 2012-05-12
23, Cimorelli ,32,3,25, 2012-05-12
24, Your Favorite Martian ,36,19,5, 2012-05-12
25, Drake ,23,13,73, 2012-05-12
26, Wiz Khalifa ,21,13,72, 2012-05-12
27, Boyce Avenue ,27,8,49, 2012-05-12
28, Michael Jackson ,39,13,73, 2012-05-12
29, The Black Eyed Peas ,38,1,74, 2012-05-12
30, Coldplay ,28,1,71, 2012-05-12
31, BIGBANG ,35,11,4, 2012-05-12
32, 50 Cent ,47,13,70, 2012-05-12
33, Selena Gomez ,18,13,75, 2012-05-12
34, Britney Spears ,14,1,72, 2012-05-12
35, Avril Lavigne ,34,1,74, 2012-05-12
36, Beyonce ,29,1,74, 2012-05-12
37, Usher ,46,13,66, 2012-05-12
38, Demi Lovato ,33,13,67, 2012-05-12
39, Christina Grimmie ,43,13,62, 2012-05-12
40, Green Day ,40,13,41, 2012-05-12
41, Maroon 5 ,120,1,15, 2012-05-12
42, The Piano Guys ,120,13,4, 2012-05-12
43, Lindsey Stirling ,44,13,4, 2012-05-12
44, Madonna ,42,13,15, 2012-05-12
45, Flo Rida ,45,13,9, 2012-05-12
46, Justin Timberlake ,31,1,56, 2012-05-12
47, P!nk ,37,1,42, 2012-05-12
48, Don Omar ,120,2,72, 2012-05-12
49, MattyB ,48,13,6, 2012-05-12
50, Gotye ,41,2,6, 2012-05-12
1, Justin Bieber ,1,1,74, 2012-05-05
2, Adele ,4,1,64, 2012-05-05
3, Rihanna ,3,1,74, 2012-05-05
4, One Direction ,2,13,24, 2012-05-05
5, Skrillex ,7,13,42, 2012-05-05
6, Katy Perry ,6,1,74, 2012-05-05
7, Lady Gaga ,9,1,74, 2012-05-05
8, Nicki Minaj ,8,13,74, 2012-05-05
9, Taylor Swift ,10,1,74, 2012-05-05
10, Pitbull ,14,13,72, 2012-05-05
11, David Guetta ,11,13,74, 2012-05-05
12, Bruno Mars ,18,1,63, 2012-05-05
13, Jennifer Lopez ,13,13,60, 2012-05-05
14, Britney Spears ,16,1,71, 2012-05-05
15, Shakira ,20,13,74, 2012-05-05
16, Chris Brown ,19,13,72, 2012-05-05
17, LMFAO ,5,2,51, 2012-05-05
18, Selena Gomez ,12,13,74, 2012-05-05
19, Lil Wayne ,31,13,73, 2012-05-05
20, Snoop Dogg ,29,13,69, 2012-05-05
21, Wiz Khalifa ,32,13,71, 2012-05-05
22, Eminem ,25,13,74, 2012-05-05
23, Drake ,23,13,72, 2012-05-05
24, Linkin Park ,28,1,74, 2012-05-05
25, Michel Telo ,39,20,7, 2012-05-05
26, Jessie J ,35,21,18, 2012-05-05
27, Boyce Avenue ,15,8,48, 2012-05-05
28, Coldplay ,38,1,70, 2012-05-05
29, Beyonce ,46,1,73, 2012-05-05
30, Walk Off The Earth ,21,13,14, 2012-05-05
31, Justin Timberlake ,33,1,55, 2012-05-05
32, Cimorelli ,17,3,24, 2012-05-05
33, Demi Lovato ,30,13,66, 2012-05-05
34, Avril Lavigne ,40,1,73, 2012-05-05
35, BIGBANG ,22,11,3, 2012-05-05
36, Your Favorite Martian ,24,19,4, 2012-05-05
37, P!nk ,49,1,41, 2012-05-05
38, The Black Eyed Peas ,42,1,73, 2012-05-05
39, Michael Jackson ,45,13,72, 2012-05-05
40, Green Day ,120,13,40, 2012-05-05
41, Gotye ,47,2,5, 2012-05-05
42, Madonna ,34,13,14, 2012-05-05
43, Christina Grimmie ,27,13,61, 2012-05-05
44, Lindsey Stirling ,26,13,3, 2012-05-05
45, Flo Rida ,120,13,8, 2012-05-05
46, Usher ,120,13,65, 2012-05-05
47, 50 Cent ,50,13,69, 2012-05-05
48, MattyB ,37,13,5, 2012-05-05
49, Alicia Keys ,120,1,25, 2012-05-05
50, Tiesto ,44,13,64, 2012-05-05
1, Justin Bieber ,1,1,73, 2012-04-28
2, One Direction ,4,13,23, 2012-04-28
3, Rihanna ,3,1,73, 2012-04-28
4, Adele ,8,1,63, 2012-04-28
5, LMFAO ,2,2,50, 2012-04-28
6, Katy Perry ,5,1,73, 2012-04-28
7, Skrillex ,10,13,41, 2012-04-28
8, Nicki Minaj ,7,13,73, 2012-04-28
9, Lady Gaga ,6,1,73, 2012-04-28
10, Taylor Swift ,9,1,73, 2012-04-28
11, David Guetta ,13,13,73, 2012-04-28
12, Selena Gomez ,18,13,73, 2012-04-28
13, Jennifer Lopez ,11,13,59, 2012-04-28
14, Pitbull ,15,13,71, 2012-04-28
15, Boyce Avenue ,21,8,47, 2012-04-28
16, Britney Spears ,12,1,70, 2012-04-28
17, Cimorelli ,23,3,23, 2012-04-28
18, Bruno Mars ,22,1,62, 2012-04-28
19, Chris Brown ,16,13,71, 2012-04-28
20, Shakira ,19,13,73, 2012-04-28
21, Walk Off The Earth ,30,13,13, 2012-04-28
22, BIGBANG ,24,11,2, 2012-04-28
23, Drake ,26,13,71, 2012-04-28
24, Your Favorite Martian ,41,19,3, 2012-04-28
25, Eminem ,20,13,73, 2012-04-28
26, Lindsey Stirling ,29,13,2, 2012-04-28
27, Christina Grimmie ,25,13,60, 2012-04-28
28, Linkin Park ,32,1,73, 2012-04-28
29, Snoop Dogg ,33,13,68, 2012-04-28
30, Demi Lovato ,14,13,65, 2012-04-28
31, Lil Wayne ,28,13,72, 2012-04-28
32, Wiz Khalifa ,36,13,70, 2012-04-28
33, Justin Timberlake ,27,1,54, 2012-04-28
34, Madonna ,47,13,13, 2012-04-28
35, Jessie J ,43,21,17, 2012-04-28
36, Odd Future ,38,30,5, 2012-04-28
37, MattyB ,120,13,4, 2012-04-28
38, Coldplay ,37,1,69, 2012-04-28
39, Michel Telo ,34,20,6, 2012-04-28
40, Avril Lavigne ,44,1,72, 2012-04-28
41, Sungha Jung ,40,33,4, 2012-04-28
42, The Black Eyed Peas ,48,1,72, 2012-04-28
43, The Piano Guys ,45,13,3, 2012-04-28
44, Tiesto ,120,13,63, 2012-04-28
45, Michael Jackson ,49,13,71, 2012-04-28
46, Beyonce ,17,1,72, 2012-04-28
47, Gotye ,46,2,4, 2012-04-28
48, Don Omar ,42,2,71, 2012-04-28
49, P!nk ,120,1,40, 2012-04-28
50, 50 Cent ,50,13,68, 2012-04-28
1, Justin Bieber ,1,1,72, 2012-04-21
2, LMFAO ,2,2,49, 2012-04-21
3, Rihanna ,3,1,72, 2012-04-21
4, One Direction ,6,13,22, 2012-04-21
5, Katy Perry ,4,1,72, 2012-04-21
6, Lady Gaga ,7,1,72, 2012-04-21
7, Nicki Minaj ,10,13,72, 2012-04-21
8, Adele ,5,1,62, 2012-04-21
9, Taylor Swift ,9,1,72, 2012-04-21
10, Skrillex ,8,13,40, 2012-04-21
11, Jennifer Lopez ,20,13,58, 2012-04-21
12, Britney Spears ,13,1,69, 2012-04-21
13, David Guetta ,12,13,72, 2012-04-21
14, Demi Lovato ,35,13,64, 2012-04-21
15, Pitbull ,18,13,70, 2012-04-21
16, Chris Brown ,11,13,70, 2012-04-21
17, Beyonce ,49,1,71, 2012-04-21
18, Selena Gomez ,17,13,72, 2012-04-21
19, Shakira ,15,13,72, 2012-04-21
20, Eminem ,16,13,72, 2012-04-21
21, Boyce Avenue ,29,8,46, 2012-04-21
22, Bruno Mars ,21,1,61, 2012-04-21
23, Cimorelli ,38,3,22, 2012-04-21
24, BIGBANG ,120,11,1, 2012-04-21
25, Christina Grimmie ,120,13,59, 2012-04-21
26, Drake ,25,13,70, 2012-04-21
27, Justin Timberlake ,23,1,53, 2012-04-21
28, Lil Wayne ,19,13,71, 2012-04-21
29, Lindsey Stirling ,120,13,1, 2012-04-21
30, Walk Off The Earth ,28,13,12, 2012-04-21
31, Frank Ocean ,120,13,1, 2012-04-21
32, Linkin Park ,24,1,72, 2012-04-21
33, Snoop Dogg ,26,13,67, 2012-04-21
34, Michel Telo ,33,20,5, 2012-04-21
35, Flo Rida ,45,13,7, 2012-04-21
36, Wiz Khalifa ,27,13,69, 2012-04-21
37, Coldplay ,32,1,68, 2012-04-21
38, Odd Future ,36,30,4, 2012-04-21
39, Avenged Sevenfold ,120,13,29, 2012-04-21
40, Sungha Jung ,37,33,3, 2012-04-21
41, Your Favorite Martian ,39,19,2, 2012-04-21
42, Don Omar ,31,2,70, 2012-04-21
43, Jessie J ,30,21,16, 2012-04-21
44, Avril Lavigne ,41,1,71, 2012-04-21
45, The Piano Guys ,34,13,2, 2012-04-21
46, Gotye ,50,2,3, 2012-04-21
47, Madonna ,14,13,12, 2012-04-21
48, The Black Eyed Peas ,43,1,71, 2012-04-21
49, Michael Jackson ,42,13,70, 2012-04-21
50, 50 Cent ,46,13,67, 2012-04-21
1, Justin Bieber ,4,1,71, 2012-04-14
2, LMFAO ,5,2,48, 2012-04-14
3, Rihanna ,1,1,71, 2012-04-14
4, Katy Perry ,8,1,71, 2012-04-14
5, Adele ,2,1,61, 2012-04-14
6, One Direction ,20,13,21, 2012-04-14
7, Lady Gaga ,3,1,71, 2012-04-14
8, Skrillex ,27,13,39, 2012-04-14
9, Taylor Swift ,11,1,71, 2012-04-14
10, Nicki Minaj ,7,13,71, 2012-04-14
11, Chris Brown ,12,13,69, 2012-04-14
12, David Guetta ,14,13,71, 2012-04-14
13, Britney Spears ,9,1,68, 2012-04-14
14, Madonna ,37,13,11, 2012-04-14
15, Shakira ,13,13,71, 2012-04-14
16, Eminem ,16,13,71, 2012-04-14
17, Selena Gomez ,23,13,71, 2012-04-14
18, Pitbull ,6,13,69, 2012-04-14
19, Lil Wayne ,10,13,70, 2012-04-14
20, Jennifer Lopez ,25,13,57, 2012-04-14
21, Bruno Mars ,15,1,60, 2012-04-14
22, MattyB ,120,13,3, 2012-04-14
23, Justin Timberlake ,18,1,52, 2012-04-14
24, Linkin Park ,21,1,71, 2012-04-14
25, Drake ,17,13,69, 2012-04-14
26, Snoop Dogg ,24,13,66, 2012-04-14
27, Wiz Khalifa ,45,13,68, 2012-04-14
28, Walk Off The Earth ,120,13,11, 2012-04-14
29, Boyce Avenue ,120,8,45, 2012-04-14
30, Jessie J ,33,21,15, 2012-04-14
31, Don Omar ,22,2,69, 2012-04-14
32, Coldplay ,26,1,67, 2012-04-14
33, Michel Telo ,120,20,4, 2012-04-14
34, The Piano Guys ,120,13,1, 2012-04-14
35, Demi Lovato ,120,13,63, 2012-04-14
36, Odd Future ,120,30,3, 2012-04-14
37, Sungha Jung ,120,33,2, 2012-04-14
38, Cimorelli ,120,3,21, 2012-04-14
39, Your Favorite Martian ,120,19,1, 2012-04-14
40, Tiesto ,120,13,62, 2012-04-14
41, Avril Lavigne ,19,1,70, 2012-04-14
42, Michael Jackson ,29,13,69, 2012-04-14
43, The Black Eyed Peas ,31,1,70, 2012-04-14
44, Red Hot Chili Peppers ,120,13,25, 2012-04-14
45, Flo Rida ,120,13,6, 2012-04-14
46, 50 Cent ,28,13,66, 2012-04-14
47, P!nk ,39,1,39, 2012-04-14
48, Enrique Iglesias ,38,13,66, 2012-04-14
49, Beyonce ,35,1,70, 2012-04-14
50, Gotye ,46,2,2, 2012-04-14
1, Rihanna ,3,1,70, 2012-04-07
2, Adele ,1,1,60, 2012-04-07
3, Lady Gaga ,2,1,70, 2012-04-07
4, Justin Bieber ,6,1,70, 2012-04-07
5, LMFAO ,8,2,47, 2012-04-07
6, Pitbull ,12,13,68, 2012-04-07
7, Nicki Minaj ,4,13,70, 2012-04-07
8, Katy Perry ,11,1,70, 2012-04-07
9, Britney Spears ,16,1,67, 2012-04-07
10, Lil Wayne ,15,13,69, 2012-04-07
11, Taylor Swift ,18,1,70, 2012-04-07
12, Chris Brown ,10,13,68, 2012-04-07
13, Shakira ,13,13,70, 2012-04-07
14, David Guetta ,14,13,70, 2012-04-07
15, Bruno Mars ,20,1,59, 2012-04-07
16, Eminem ,7,13,70, 2012-04-07
17, Drake ,21,13,68, 2012-04-07
18, Justin Timberlake ,22,1,51, 2012-04-07
19, Avril Lavigne ,24,1,69, 2012-04-07
20, One Direction ,5,13,20, 2012-04-07
21, Linkin Park ,23,1,70, 2012-04-07
22, Don Omar ,47,2,68, 2012-04-07
23, Selena Gomez ,17,13,70, 2012-04-07
24, Snoop Dogg ,25,13,65, 2012-04-07
25, Jennifer Lopez ,29,13,56, 2012-04-07
26, Coldplay ,38,1,66, 2012-04-07
27, Skrillex ,9,13,38, 2012-04-07
28, 50 Cent ,36,13,65, 2012-04-07
29, Michael Jackson ,34,13,68, 2012-04-07
30, Lana Del Rey ,49,13,10, 2012-04-07
31, The Black Eyed Peas ,33,1,69, 2012-04-07
32, Usher ,31,13,64, 2012-04-07
33, Jessie J ,26,21,14, 2012-04-07
34, Alicia Keys ,45,1,24, 2012-04-07
35, Beyonce ,30,1,69, 2012-04-07
36, Miley Cyrus ,42,1,11, 2012-04-07
37, Madonna ,35,13,10, 2012-04-07
38, Enrique Iglesias ,120,13,65, 2012-04-07
39, P!nk ,50,1,38, 2012-04-07
40, Tyga ,120,13,1, 2012-04-07
41, AC/DC ,120,13,9, 2012-04-07
42, Daft Punk ,120,13,21, 2012-04-07
43, Cartel De Santa ,120,43,1, 2012-04-07
44, Guns N' Roses ,120,13,17, 2012-04-07
45, Wiz Khalifa ,28,13,67, 2012-04-07
46, Gotye ,120,2,1, 2012-04-07
47, The Black Keys ,120,13,5, 2012-04-07
48, Evanescence ,120,13,6, 2012-04-07
49, Of Monsters And Men ,120,13,1, 2012-04-07
50, Kanye West ,120,1,39, 2012-04-07
1, Adele ,1,1,59, 2012-03-31
2, Lady Gaga ,4,1,69, 2012-03-31
3, Rihanna ,3,1,69, 2012-03-31
4, Nicki Minaj ,17,13,69, 2012-03-31
5, One Direction ,9,13,19, 2012-03-31
6, Justin Bieber ,2,1,69, 2012-03-31
7, Eminem ,6,13,69, 2012-03-31
8, LMFAO ,14,2,46, 2012-03-31
9, Skrillex ,16,13,37, 2012-03-31
10, Chris Brown ,5,13,67, 2012-03-31
11, Katy Perry ,8,1,69, 2012-03-31
12, Pitbull ,13,13,67, 2012-03-31
13, Shakira ,12,13,69, 2012-03-31
14, David Guetta ,7,13,69, 2012-03-31
15, Lil Wayne ,18,13,68, 2012-03-31
16, Britney Spears ,19,1,66, 2012-03-31
17, Selena Gomez ,15,13,69, 2012-03-31
18, Taylor Swift ,10,1,69, 2012-03-31
19, MattyB ,11,13,2, 2012-03-31
20, Bruno Mars ,25,1,58, 2012-03-31
21, Drake ,26,13,67, 2012-03-31
22, Justin Timberlake ,23,1,50, 2012-03-31
23, Linkin Park ,24,1,69, 2012-03-31
24, Avril Lavigne ,22,1,68, 2012-03-31
25, Snoop Dogg ,32,13,64, 2012-03-31
26, Jessie J ,30,21,13, 2012-03-31
27, Demi Lovato ,34,13,62, 2012-03-31
28, Wiz Khalifa ,28,13,66, 2012-03-31
29, Jennifer Lopez ,31,13,55, 2012-03-31
30, Beyonce ,29,1,68, 2012-03-31
31, Usher ,37,13,63, 2012-03-31
32, Boyce Avenue ,35,8,44, 2012-03-31
33, The Black Eyed Peas ,27,1,68, 2012-03-31
34, Michael Jackson ,21,13,67, 2012-03-31
35, Madonna ,33,13,9, 2012-03-31
36, 50 Cent ,36,13,64, 2012-03-31
37, Christina Grimmie ,44,13,58, 2012-03-31
38, Coldplay ,48,1,65, 2012-03-31
39, Walk Off The Earth ,41,13,10, 2012-03-31
40, Michel Telo ,39,20,3, 2012-03-31
41, Avenged Sevenfold ,120,13,28, 2012-03-31
42, Miley Cyrus ,45,1,10, 2012-03-31
43, Tiesto ,40,13,61, 2012-03-31
44, Whitney Houston ,47,1,5, 2012-03-31
45, Alicia Keys ,49,1,23, 2012-03-31
46, Sungha Jung ,120,33,1, 2012-03-31
47, Don Omar ,120,2,67, 2012-03-31
48, Sorriso Maroto ,120,48,1, 2012-03-31
49, Lana Del Rey ,120,13,9, 2012-03-31
50, P!nk ,42,1,37, 2012-03-31
1, Adele ,1,1,58, 2012-03-24
2, Justin Bieber ,3,1,68, 2012-03-24
3, Rihanna ,2,1,68, 2012-03-24
4, Lady Gaga ,4,1,68, 2012-03-24
5, Chris Brown ,7,13,66, 2012-03-24
6, Eminem ,15,13,68, 2012-03-24
7, David Guetta ,12,13,68, 2012-03-24
8, Katy Perry ,5,1,68, 2012-03-24
9, One Direction ,16,13,18, 2012-03-24
10, Taylor Swift ,13,1,68, 2012-03-24
11, MattyB ,120,13,1, 2012-03-24
12, Shakira ,9,13,68, 2012-03-24
13, Pitbull ,14,13,66, 2012-03-24
14, LMFAO ,11,2,45, 2012-03-24
15, Selena Gomez ,10,13,68, 2012-03-24
16, Skrillex ,17,13,36, 2012-03-24
17, Nicki Minaj ,8,13,68, 2012-03-24
18, Lil Wayne ,18,13,67, 2012-03-24
19, Britney Spears ,29,1,65, 2012-03-24
20, The White Stripes ,120,20,8, 2012-03-24
21, Michael Jackson ,6,13,66, 2012-03-24
22, Avril Lavigne ,36,1,67, 2012-03-24
23, Justin Timberlake ,38,1,49, 2012-03-24
24, Linkin Park ,24,1,68, 2012-03-24
25, Bruno Mars ,19,1,57, 2012-03-24
26, Drake ,33,13,66, 2012-03-24
27, The Black Eyed Peas ,31,1,67, 2012-03-24
28, Wiz Khalifa ,21,13,65, 2012-03-24
29, Beyonce ,20,1,67, 2012-03-24
30, Jessie J ,22,21,12, 2012-03-24
31, Jennifer Lopez ,47,13,54, 2012-03-24
32, Snoop Dogg ,25,13,63, 2012-03-24
33, Madonna ,28,13,8, 2012-03-24
34, Demi Lovato ,41,13,61, 2012-03-24
35, Boyce Avenue ,27,8,43, 2012-03-24
36, 50 Cent ,37,13,63, 2012-03-24
37, Usher ,23,13,62, 2012-03-24
38, Enrique Iglesias ,46,13,64, 2012-03-24
39, Michel Telo ,120,20,2, 2012-03-24
40, Tiesto ,32,13,60, 2012-03-24
41, Walk Off The Earth ,35,13,9, 2012-03-24
42, P!nk ,120,1,36, 2012-03-24
43, Odd Future ,30,30,2, 2012-03-24
44, Christina Grimmie ,43,13,57, 2012-03-24
45, Miley Cyrus ,120,1,9, 2012-03-24
46, Green Day ,48,13,39, 2012-03-24
47, Whitney Houston ,120,1,4, 2012-03-24
48, Coldplay ,120,1,64, 2012-03-24
49, Alicia Keys ,120,1,22, 2012-03-24
50, Red Hot Chili Peppers ,120,13,24, 2012-03-24
1, Adele ,1,1,57, 2012-03-17
2, Rihanna ,3,1,67, 2012-03-17
3, Justin Bieber ,2,1,67, 2012-03-17
4, Lady Gaga ,12,1,67, 2012-03-17
5, Katy Perry ,9,1,67, 2012-03-17
6, Michael Jackson ,6,13,65, 2012-03-17
7, Chris Brown ,5,13,65, 2012-03-17
8, Nicki Minaj ,4,13,67, 2012-03-17
9, Shakira ,11,13,67, 2012-03-17
10, Selena Gomez ,16,13,67, 2012-03-17
11, LMFAO ,8,2,44, 2012-03-17
12, David Guetta ,7,13,67, 2012-03-17
13, Taylor Swift ,17,1,67, 2012-03-17
14, Pitbull ,15,13,65, 2012-03-17
15, Eminem ,10,13,67, 2012-03-17
16, One Direction ,14,13,17, 2012-03-17
17, Skrillex ,20,13,35, 2012-03-17
18, Lil Wayne ,18,13,66, 2012-03-17
19, Bruno Mars ,19,1,56, 2012-03-17
20, Beyonce ,26,1,66, 2012-03-17
21, Wiz Khalifa ,28,13,64, 2012-03-17
22, Jessie J ,30,21,11, 2012-03-17
23, Usher ,21,13,61, 2012-03-17
24, Linkin Park ,32,1,67, 2012-03-17
25, Snoop Dogg ,23,13,62, 2012-03-17
26, Bon Iver ,120,13,2, 2012-03-17
27, Boyce Avenue ,37,8,42, 2012-03-17
28, Madonna ,39,13,7, 2012-03-17
29, Britney Spears ,31,1,64, 2012-03-17
30, Odd Future ,120,30,1, 2012-03-17
31, The Black Eyed Peas ,25,1,66, 2012-03-17
32, Tiesto ,41,13,59, 2012-03-17
33, Drake ,24,13,65, 2012-03-17
34, AC/DC ,120,13,8, 2012-03-17
35, Walk Off The Earth ,38,13,8, 2012-03-17
36, Avril Lavigne ,29,1,66, 2012-03-17
37, 50 Cent ,34,13,62, 2012-03-17
38, Justin Timberlake ,40,1,48, 2012-03-17
39, Susan Boyle ,120,13,1, 2012-03-17
40, Don Omar ,120,2,66, 2012-03-17
41, Demi Lovato ,42,13,60, 2012-03-17
42, deadmau5 ,35,13,21, 2012-03-17
43, Christina Grimmie ,48,13,56, 2012-03-17
44, Austin Mahone ,120,13,11, 2012-03-17
45, Mariah Carey ,120,1,7, 2012-03-17
46, Enrique Iglesias ,45,13,63, 2012-03-17
47, Jennifer Lopez ,27,13,53, 2012-03-17
48, Green Day ,47,13,38, 2012-03-17
49, Metallica ,120,1,10, 2012-03-17
50, Camila ,120,42,2, 2012-03-17
1, Adele ,1,1,56, 2012-03-10
2, Justin Bieber ,6,1,66, 2012-03-10
3, Rihanna ,4,1,66, 2012-03-10
4, Nicki Minaj ,3,13,66, 2012-03-10
5, Chris Brown ,10,13,64, 2012-03-10
6, Michael Jackson ,5,13,64, 2012-03-10
7, David Guetta ,7,13,66, 2012-03-10
8, LMFAO ,13,2,43, 2012-03-10
9, Katy Perry ,9,1,66, 2012-03-10
10, Eminem ,11,13,66, 2012-03-10
11, Shakira ,8,13,66, 2012-03-10
12, Lady Gaga ,12,1,66, 2012-03-10
13, Whitney Houston ,2,1,3, 2012-03-10
14, One Direction ,20,13,16, 2012-03-10
15, Pitbull ,17,13,64, 2012-03-10
16, Selena Gomez ,21,13,66, 2012-03-10
17, Taylor Swift ,16,1,66, 2012-03-10
18, Lil Wayne ,14,13,65, 2012-03-10
19, Bruno Mars ,15,1,55, 2012-03-10
20, Skrillex ,22,13,34, 2012-03-10
21, Usher ,34,13,60, 2012-03-10
22, Lana Del Rey ,19,13,8, 2012-03-10
23, Snoop Dogg ,18,13,61, 2012-03-10
24, Drake ,32,13,64, 2012-03-10
25, The Black Eyed Peas ,24,1,65, 2012-03-10
26, Beyonce ,23,1,65, 2012-03-10
27, Jennifer Lopez ,26,13,52, 2012-03-10
28, Wiz Khalifa ,43,13,63, 2012-03-10
29, Avril Lavigne ,25,1,65, 2012-03-10
30, Jessie J ,28,21,10, 2012-03-10
31, Britney Spears ,30,1,63, 2012-03-10
32, Linkin Park ,27,1,66, 2012-03-10
33, Bow Wow ,120,33,2, 2012-03-10
34, 50 Cent ,29,13,61, 2012-03-10
35, deadmau5 ,40,13,20, 2012-03-10
36, Bob Marley ,37,13,52, 2012-03-10
37, Boyce Avenue ,39,8,41, 2012-03-10
38, Walk Off The Earth ,41,13,7, 2012-03-10
39, Madonna ,31,13,6, 2012-03-10
40, Justin Timberlake ,38,1,47, 2012-03-10
41, Tiesto ,50,13,58, 2012-03-10
42, Demi Lovato ,35,13,59, 2012-03-10
43, P!nk ,42,1,35, 2012-03-10
44, Flo Rida ,44,13,5, 2012-03-10
45, Enrique Iglesias ,36,13,62, 2012-03-10
46, Ke$ha ,120,13,46, 2012-03-10
47, Green Day ,120,13,37, 2012-03-10
48, Christina Grimmie ,120,13,55, 2012-03-10
49, Michel Telo ,120,20,1, 2012-03-10
50, Red Hot Chili Peppers ,120,13,23, 2012-03-10
1, Adele ,1,1,55, 2012-03-03
2, Whitney Houston ,12,1,2, 2012-03-03
3, Nicki Minaj ,2,13,65, 2012-03-03
4, Rihanna ,3,1,65, 2012-03-03
5, Michael Jackson ,8,13,63, 2012-03-03
6, Justin Bieber ,4,1,65, 2012-03-03
7, David Guetta ,7,13,65, 2012-03-03
8, Shakira ,6,13,65, 2012-03-03
9, Katy Perry ,13,1,65, 2012-03-03
10, Chris Brown ,9,13,63, 2012-03-03
11, Eminem ,10,13,65, 2012-03-03
12, Lady Gaga ,15,1,65, 2012-03-03
13, LMFAO ,11,2,42, 2012-03-03
14, Lil Wayne ,22,13,64, 2012-03-03
15, Bruno Mars ,24,1,54, 2012-03-03
16, Taylor Swift ,23,1,65, 2012-03-03
17, Pitbull ,19,13,63, 2012-03-03
18, Snoop Dogg ,20,13,60, 2012-03-03
19, Lana Del Rey ,14,13,7, 2012-03-03
20, One Direction ,25,13,15, 2012-03-03
21, Selena Gomez ,16,13,65, 2012-03-03
22, Skrillex ,17,13,33, 2012-03-03
23, Beyonce ,34,1,64, 2012-03-03
24, The Black Eyed Peas ,28,1,64, 2012-03-03
25, Avril Lavigne ,33,1,64, 2012-03-03
26, Jennifer Lopez ,31,13,51, 2012-03-03
27, Linkin Park ,26,1,65, 2012-03-03
28, Jessie J ,44,21,9, 2012-03-03
29, 50 Cent ,36,13,60, 2012-03-03
30, Britney Spears ,40,1,62, 2012-03-03
31, Madonna ,5,13,5, 2012-03-03
32, Drake ,39,13,63, 2012-03-03
33, Coldplay ,120,1,63, 2012-03-03
34, Usher ,48,13,59, 2012-03-03
35, Demi Lovato ,42,13,58, 2012-03-03
36, Enrique Iglesias ,43,13,61, 2012-03-03
37, Bob Marley ,35,13,51, 2012-03-03
38, Justin Timberlake ,21,1,46, 2012-03-03
39, Boyce Avenue ,29,8,40, 2012-03-03
40, deadmau5 ,120,13,19, 2012-03-03
41, Walk Off The Earth ,30,13,6, 2012-03-03
42, P!nk ,120,1,34, 2012-03-03
43, Wiz Khalifa ,27,13,62, 2012-03-03
44, Flo Rida ,47,13,4, 2012-03-03
45, The White Stripes ,120,20,7, 2012-03-03
46, Don Omar ,32,2,65, 2012-03-03
47, Bon Iver ,120,13,1, 2012-03-03
48, Soulja Boy ,120,13,23, 2012-03-03
49, Maroon 5 ,50,1,14, 2012-03-03
50, Tiesto ,37,13,57, 2012-03-03
1, Adele ,1,1,54, 2012-02-25
2, Nicki Minaj ,3,13,64, 2012-02-25
3, Rihanna ,7,1,64, 2012-02-25
4, Justin Bieber ,5,1,64, 2012-02-25
5, Madonna ,8,13,4, 2012-02-25
6, Shakira ,6,13,64, 2012-02-25
7, David Guetta ,4,13,64, 2012-02-25
8, Michael Jackson ,9,13,62, 2012-02-25
9, Chris Brown ,13,13,62, 2012-02-25
10, Eminem ,11,13,64, 2012-02-25
11, LMFAO ,10,2,41, 2012-02-25
12, Whitney Houston ,120,1,1, 2012-02-25
13, Katy Perry ,2,1,64, 2012-02-25
14, Lana Del Rey ,40,13,6, 2012-02-25
15, Lady Gaga ,12,1,64, 2012-02-25
16, Selena Gomez ,14,13,64, 2012-02-25
17, Skrillex ,20,13,32, 2012-02-25
18, OK Go ,120,18,1, 2012-02-25
19, Pitbull ,25,13,62, 2012-02-25
20, Snoop Dogg ,16,13,59, 2012-02-25
21, Justin Timberlake ,22,1,45, 2012-02-25
22, Lil Wayne ,17,13,63, 2012-02-25
23, Taylor Swift ,18,1,64, 2012-02-25
24, Bruno Mars ,15,1,53, 2012-02-25
25, One Direction ,23,13,14, 2012-02-25
26, Linkin Park ,21,1,64, 2012-02-25
27, Wiz Khalifa ,33,13,61, 2012-02-25
28, The Black Eyed Peas ,19,1,63, 2012-02-25
29, Boyce Avenue ,35,8,39, 2012-02-25
30, Walk Off The Earth ,27,13,5, 2012-02-25
31, Jennifer Lopez ,29,13,50, 2012-02-25
32, Don Omar ,34,2,64, 2012-02-25
33, Avril Lavigne ,36,1,63, 2012-02-25
34, Beyonce ,32,1,63, 2012-02-25
35, Bob Marley ,26,13,50, 2012-02-25
36, 50 Cent ,24,13,59, 2012-02-25
37, Tiesto ,38,13,56, 2012-02-25
38, AC/DC ,39,13,7, 2012-02-25
39, Drake ,31,13,62, 2012-02-25
40, Britney Spears ,42,1,61, 2012-02-25
41, Christina Grimmie ,120,13,54, 2012-02-25
42, Demi Lovato ,30,13,57, 2012-02-25
43, Enrique Iglesias ,28,13,60, 2012-02-25
44, Jessie J ,41,21,8, 2012-02-25
45, Kelly Clarkson ,49,1,5, 2012-02-25
46, Inna ,45,45,2, 2012-02-25
47, Flo Rida ,120,13,3, 2012-02-25
48, Usher ,44,13,58, 2012-02-25
49, Slash ,120,44,2, 2012-02-25
50, Maroon 5 ,43,1,13, 2012-02-25
1, Adele ,1,1,53, 2012-02-18
2, Katy Perry ,3,1,63, 2012-02-18
3, Nicki Minaj ,10,13,63, 2012-02-18
4, David Guetta ,8,13,63, 2012-02-18
5, Justin Bieber ,4,1,63, 2012-02-18
6, Shakira ,2,13,63, 2012-02-18
7, Rihanna ,5,1,63, 2012-02-18
8, Madonna ,120,13,3, 2012-02-18
9, Michael Jackson ,9,13,61, 2012-02-18
10, LMFAO ,6,2,40, 2012-02-18
11, Eminem ,12,13,63, 2012-02-18
12, Lady Gaga ,11,1,63, 2012-02-18
13, Chris Brown ,13,13,61, 2012-02-18
14, Selena Gomez ,14,13,63, 2012-02-18
15, Bruno Mars ,15,1,52, 2012-02-18
16, Snoop Dogg ,22,13,58, 2012-02-18
17, Lil Wayne ,23,13,62, 2012-02-18
18, Taylor Swift ,19,1,63, 2012-02-18
19, The Black Eyed Peas ,20,1,62, 2012-02-18
20, Skrillex ,17,13,31, 2012-02-18
21, Linkin Park ,21,1,63, 2012-02-18
22, Justin Timberlake ,16,1,44, 2012-02-18
23, One Direction ,27,13,13, 2012-02-18
24, 50 Cent ,30,13,58, 2012-02-18
25, Pitbull ,7,13,61, 2012-02-18
26, Bob Marley ,26,13,49, 2012-02-18
27, Walk Off The Earth ,18,13,4, 2012-02-18
28, Enrique Iglesias ,40,13,59, 2012-02-18
29, Jennifer Lopez ,31,13,49, 2012-02-18
30, Demi Lovato ,39,13,56, 2012-02-18
31, Drake ,33,13,61, 2012-02-18
32, Beyonce ,29,1,62, 2012-02-18
33, Wiz Khalifa ,25,13,60, 2012-02-18
34, Don Omar ,28,2,63, 2012-02-18
35, Boyce Avenue ,24,8,38, 2012-02-18
36, Avril Lavigne ,35,1,62, 2012-02-18
37, DeStorm ,120,27,13, 2012-02-18
38, Tiesto ,34,13,55, 2012-02-18
39, AC/DC ,32,13,6, 2012-02-18
40, Lana Del Rey ,49,13,5, 2012-02-18
41, Jessie J ,36,21,7, 2012-02-18
42, Britney Spears ,42,1,60, 2012-02-18
43, Maroon 5 ,38,1,12, 2012-02-18
44, Usher ,41,13,57, 2012-02-18
45, Inna ,120,45,1, 2012-02-18
46, Coldplay ,120,1,62, 2012-02-18
47, Aventura ,47,32,9, 2012-02-18
48, Alex Day ,120,28,4, 2012-02-18
49, Kelly Clarkson ,120,1,4, 2012-02-18
50, P!nk ,43,1,33, 2012-02-18
1, Adele ,1,1,52, 2012-02-11
2, Shakira ,4,13,62, 2012-02-11
3, Katy Perry ,12,1,62, 2012-02-11
4, Justin Bieber ,2,1,62, 2012-02-11
5, Rihanna ,6,1,62, 2012-02-11
6, LMFAO ,21,2,39, 2012-02-11
7, Pitbull ,5,13,60, 2012-02-11
8, David Guetta ,7,13,62, 2012-02-11
9, Michael Jackson ,31,13,60, 2012-02-11
10, Nicki Minaj ,16,13,62, 2012-02-11
11, Lady Gaga ,9,1,62, 2012-02-11
12, Eminem ,8,13,62, 2012-02-11
13, Chris Brown ,10,13,60, 2012-02-11
14, Selena Gomez ,15,13,62, 2012-02-11
15, Bruno Mars ,11,1,51, 2012-02-11
16, Justin Timberlake ,14,1,43, 2012-02-11
17, Skrillex ,13,13,30, 2012-02-11
18, Walk Off The Earth ,3,13,3, 2012-02-11
19, Taylor Swift ,22,1,62, 2012-02-11
20, The Black Eyed Peas ,25,1,61, 2012-02-11
21, Linkin Park ,20,1,62, 2012-02-11
22, Snoop Dogg ,29,13,57, 2012-02-11
23, Lil Wayne ,37,13,61, 2012-02-11
24, Boyce Avenue ,24,8,37, 2012-02-11
25, Wiz Khalifa ,27,13,59, 2012-02-11
26, Bob Marley ,43,13,48, 2012-02-11
27, One Direction ,17,13,12, 2012-02-11
28, Don Omar ,19,2,62, 2012-02-11
29, Beyonce ,26,1,61, 2012-02-11
30, 50 Cent ,33,13,57, 2012-02-11
31, Jennifer Lopez ,46,13,48, 2012-02-11
32, AC/DC ,120,13,5, 2012-02-11
33, Drake ,35,13,60, 2012-02-11
34, Tiesto ,40,13,54, 2012-02-11
35, Avril Lavigne ,34,1,61, 2012-02-11
36, Jessie J ,47,21,6, 2012-02-11
37, Red Hot Chili Peppers ,120,13,22, 2012-02-11
38, Maroon 5 ,49,1,11, 2012-02-11
39, Demi Lovato ,28,13,55, 2012-02-11
40, Enrique Iglesias ,48,13,58, 2012-02-11
41, Usher ,50,13,56, 2012-02-11
42, Britney Spears ,45,1,59, 2012-02-11
43, P!nk ,120,1,32, 2012-02-11
44, Slash ,120,44,1, 2012-02-11
45, Vazquez Sounds ,23,14,4, 2012-02-11
46, Evanescence ,120,13,5, 2012-02-11
47, Aventura ,32,32,8, 2012-02-11
48, Megan & Liz ,120,36,12, 2012-02-11
49, Lana Del Rey ,42,13,4, 2012-02-11
50, Christina Grimmie ,30,13,53, 2012-02-11
1, Adele ,1,1,51, 2012-02-04
2, Justin Bieber ,2,1,61, 2012-02-04
3, Walk Off The Earth ,14,13,2, 2012-02-04
4, Shakira ,4,13,61, 2012-02-04
5, Pitbull ,6,13,59, 2012-02-04
6, Rihanna ,3,1,61, 2012-02-04
7, David Guetta ,5,13,61, 2012-02-04
8, Eminem ,8,13,61, 2012-02-04
9, Lady Gaga ,7,1,61, 2012-02-04
10, Chris Brown ,13,13,59, 2012-02-04
11, Bruno Mars ,9,1,50, 2012-02-04
12, Katy Perry ,11,1,61, 2012-02-04
13, Skrillex ,12,13,29, 2012-02-04
14, Justin Timberlake ,17,1,42, 2012-02-04
15, Selena Gomez ,15,13,61, 2012-02-04
16, Nicki Minaj ,18,13,61, 2012-02-04
17, One Direction ,10,13,11, 2012-02-04
18, Coldplay ,22,1,61, 2012-02-04
19, Don Omar ,34,2,61, 2012-02-04
20, Linkin Park ,30,1,61, 2012-02-04
21, LMFAO ,19,2,38, 2012-02-04
22, Taylor Swift ,21,1,61, 2012-02-04
23, Vazquez Sounds ,120,14,3, 2012-02-04
24, Boyce Avenue ,27,8,36, 2012-02-04
25, The Black Eyed Peas ,28,1,60, 2012-02-04
26, Beyonce ,26,1,60, 2012-02-04
27, Wiz Khalifa ,16,13,58, 2012-02-04
28, Demi Lovato ,40,13,54, 2012-02-04
29, Snoop Dogg ,24,13,56, 2012-02-04
30, Christina Grimmie ,32,13,52, 2012-02-04
31, Michael Jackson ,36,13,59, 2012-02-04
32, Aventura ,44,32,7, 2012-02-04
33, 50 Cent ,33,13,56, 2012-02-04
34, Avril Lavigne ,37,1,60, 2012-02-04
35, Drake ,35,13,59, 2012-02-04
36, Cody Simpson ,38,13,22, 2012-02-04
37, Lil Wayne ,23,13,60, 2012-02-04
38, Kelly Clarkson ,120,1,3, 2012-02-04
39, Austin Mahone ,25,13,10, 2012-02-04
40, Tiesto ,47,13,53, 2012-02-04
41, The Pussycat Dolls ,120,41,2, 2012-02-04
42, Lana Del Rey ,45,13,3, 2012-02-04
43, Bob Marley ,42,13,47, 2012-02-04
44, Daft Punk ,120,13,20, 2012-02-04
45, Britney Spears ,31,1,58, 2012-02-04
46, Jennifer Lopez ,41,13,47, 2012-02-04
47, Jessie J ,49,21,5, 2012-02-04
48, Enrique Iglesias ,43,13,57, 2012-02-04
49, Maroon 5 ,48,1,10, 2012-02-04
50, Usher ,46,13,55, 2012-02-04
1, Adele ,1,1,50, 2012-01-28
2, Justin Bieber ,2,1,60, 2012-01-28
3, Rihanna ,3,1,60, 2012-01-28
4, Shakira ,4,13,60, 2012-01-28
5, David Guetta ,10,13,60, 2012-01-28
6, Pitbull ,7,13,58, 2012-01-28
7, Lady Gaga ,5,1,60, 2012-01-28
8, Eminem ,8,13,60, 2012-01-28
9, Bruno Mars ,16,1,49, 2012-01-28
10, One Direction ,35,13,10, 2012-01-28
11, Katy Perry ,6,1,60, 2012-01-28
12, Skrillex ,14,13,28, 2012-01-28
13, Chris Brown ,12,13,58, 2012-01-28
14, Walk Off The Earth ,120,13,1, 2012-01-28
15, Selena Gomez ,13,13,60, 2012-01-28
16, Wiz Khalifa ,27,13,57, 2012-01-28
17, Justin Timberlake ,18,1,41, 2012-01-28
18, Nicki Minaj ,11,13,60, 2012-01-28
19, LMFAO ,9,2,37, 2012-01-28
20, Zooey Deschanel ,25,20,2, 2012-01-28
21, Taylor Swift ,17,1,60, 2012-01-28
22, Coldplay ,22,1,60, 2012-01-28
23, Lil Wayne ,21,13,59, 2012-01-28
24, Snoop Dogg ,23,13,55, 2012-01-28
25, Austin Mahone ,32,13,9, 2012-01-28
26, Beyonce ,20,1,59, 2012-01-28
27, Boyce Avenue ,26,8,35, 2012-01-28
28, The Black Eyed Peas ,31,1,59, 2012-01-28
29, Big Time Rush ,120,29,3, 2012-01-28
30, Linkin Park ,28,1,60, 2012-01-28
31, Britney Spears ,33,1,57, 2012-01-28
32, Christina Grimmie ,42,13,51, 2012-01-28
33, 50 Cent ,30,13,55, 2012-01-28
34, Don Omar ,24,2,60, 2012-01-28
35, Drake ,19,13,58, 2012-01-28
36, Michael Jackson ,15,13,58, 2012-01-28
37, Avril Lavigne ,34,1,59, 2012-01-28
38, Cody Simpson ,38,13,21, 2012-01-28
39, AC/DC ,48,13,4, 2012-01-28
40, Demi Lovato ,29,13,53, 2012-01-28
41, Jennifer Lopez ,44,13,46, 2012-01-28
42, Bob Marley ,120,13,46, 2012-01-28
43, Enrique Iglesias ,120,13,56, 2012-01-28
44, Aventura ,50,32,6, 2012-01-28
45, Lana Del Rey ,45,13,2, 2012-01-28
46, Usher ,120,13,54, 2012-01-28
47, Tiesto ,120,13,52, 2012-01-28
48, Maroon 5 ,120,1,9, 2012-01-28
49, Jessie J ,120,21,4, 2012-01-28
50, The Black Keys ,120,13,4, 2012-01-28
1, Adele ,3,1,49, 2012-01-21
2, Justin Bieber ,1,1,59, 2012-01-21
3, Rihanna ,2,1,59, 2012-01-21
4, Shakira ,5,13,59, 2012-01-21
5, Lady Gaga ,6,1,59, 2012-01-21
6, Katy Perry ,9,1,59, 2012-01-21
7, Pitbull ,8,13,57, 2012-01-21
8, Eminem ,4,13,59, 2012-01-21
9, LMFAO ,7,2,36, 2012-01-21
10, David Guetta ,14,13,59, 2012-01-21
11, Nicki Minaj ,11,13,59, 2012-01-21
12, Chris Brown ,10,13,57, 2012-01-21
13, Selena Gomez ,12,13,59, 2012-01-21
14, Skrillex ,26,13,27, 2012-01-21
15, Michael Jackson ,29,13,57, 2012-01-21
16, Bruno Mars ,24,1,48, 2012-01-21
17, Taylor Swift ,16,1,59, 2012-01-21
18, Justin Timberlake ,28,1,40, 2012-01-21
19, Drake ,20,13,57, 2012-01-21
20, Beyonce ,15,1,58, 2012-01-21
21, Lil Wayne ,13,13,58, 2012-01-21
22, Coldplay ,18,1,59, 2012-01-21
23, Snoop Dogg ,21,13,54, 2012-01-21
24, Don Omar ,31,2,59, 2012-01-21
25, Zooey Deschanel ,120,20,1, 2012-01-21
26, Boyce Avenue ,120,8,34, 2012-01-21
27, Wiz Khalifa ,37,13,56, 2012-01-21
28, Linkin Park ,41,1,59, 2012-01-21
29, Demi Lovato ,36,13,52, 2012-01-21
30, 50 Cent ,17,13,54, 2012-01-21
31, The Black Eyed Peas ,22,1,58, 2012-01-21
32, Austin Mahone ,44,13,8, 2012-01-21
33, Britney Spears ,23,1,56, 2012-01-21
34, Avril Lavigne ,25,1,58, 2012-01-21
35, One Direction ,38,13,9, 2012-01-21
36, Megan & Liz ,120,36,11, 2012-01-21
37, Soulja Boy ,120,13,22, 2012-01-21
38, Cody Simpson ,120,13,20, 2012-01-21
39, David Choi ,120,39,1, 2012-01-21
40, Guns N' Roses ,48,13,16, 2012-01-21
41, DeStorm ,120,27,12, 2012-01-21
42, Christina Grimmie ,120,13,50, 2012-01-21
43, Daft Punk ,120,13,19, 2012-01-21
44, Jennifer Lopez ,19,13,45, 2012-01-21
45, Lana Del Ray ,120,45,1, 2012-01-21
46, Alex Day ,120,28,3, 2012-01-21
47, Red Hot Chili Peppers ,43,13,21, 2012-01-21
48, AC/DC ,120,13,3, 2012-01-21
49, Kanye West ,32,1,38, 2012-01-21
50, Aventura ,120,32,5, 2012-01-21
1, Justin Bieber ,1,1,58, 2012-01-14
2, Rihanna ,4,1,58, 2012-01-14
3, Adele ,2,1,48, 2012-01-14
4, Eminem ,3,13,58, 2012-01-14
5, Shakira ,5,13,58, 2012-01-14
6, Lady Gaga ,10,1,58, 2012-01-14
7, LMFAO ,6,2,35, 2012-01-14
8, Pitbull ,7,13,56, 2012-01-14
9, Katy Perry ,8,1,58, 2012-01-14
10, Chris Brown ,9,13,56, 2012-01-14
11, Nicki Minaj ,11,13,58, 2012-01-14
12, Selena Gomez ,13,13,58, 2012-01-14
13, Lil Wayne ,15,13,57, 2012-01-14
14, David Guetta ,12,13,58, 2012-01-14
15, Beyonce ,35,1,57, 2012-01-14
16, Taylor Swift ,18,1,58, 2012-01-14
17, 50 Cent ,27,13,53, 2012-01-14
18, Coldplay ,17,1,58, 2012-01-14
19, Jennifer Lopez ,25,13,44, 2012-01-14
20, Drake ,20,13,56, 2012-01-14
21, Snoop Dogg ,21,13,53, 2012-01-14
22, The Black Eyed Peas ,43,1,57, 2012-01-14
23, Britney Spears ,22,1,55, 2012-01-14
24, Bruno Mars ,23,1,47, 2012-01-14
25, Avril Lavigne ,36,1,57, 2012-01-14
26, Skrillex ,16,13,26, 2012-01-14
27, Akon ,33,2,58, 2012-01-14
28, Justin Timberlake ,24,1,39, 2012-01-14
29, Michael Jackson ,120,13,56, 2012-01-14
30, Mariah Carey ,47,1,6, 2012-01-14
31, Don Omar ,44,2,58, 2012-01-14
32, Kanye West ,48,1,37, 2012-01-14
33, Usher ,120,13,53, 2012-01-14
34, Enrique Iglesias ,120,13,55, 2012-01-14
35, Jessie J ,120,21,3, 2012-01-14
36, Demi Lovato ,41,13,51, 2012-01-14
37, Wiz Khalifa ,26,13,55, 2012-01-14
38, One Direction ,30,13,8, 2012-01-14
39, P!nk ,120,1,31, 2012-01-14
40, Maroon 5 ,120,1,8, 2012-01-14
41, Linkin Park ,29,1,58, 2012-01-14
42, Ne-Yo ,120,39,1, 2012-01-14
43, Red Hot Chili Peppers ,40,13,20, 2012-01-14
44, Austin Mahone ,31,13,7, 2012-01-14
45, Ludacris ,120,13,30, 2012-01-14
46, Michael Buble ,19,13,6, 2012-01-14
47, Christina Aguilera ,39,13,2, 2012-01-14
48, Guns N' Roses ,120,13,15, 2012-01-14
49, Alicia Keys ,120,1,21, 2012-01-14
50, Trey Songz ,120,13,9, 2012-01-14
1, Justin Bieber ,1,1,57, 2012-01-07
2, Adele ,2,1,47, 2012-01-07
3, Eminem ,4,13,57, 2012-01-07
4, Rihanna ,5,1,57, 2012-01-07
5, Shakira ,3,13,57, 2012-01-07
6, LMFAO ,9,2,34, 2012-01-07
7, Pitbull ,8,13,55, 2012-01-07
8, Katy Perry ,7,1,57, 2012-01-07
9, Chris Brown ,11,13,55, 2012-01-07
10, Lady Gaga ,6,1,57, 2012-01-07
11, Nicki Minaj ,12,13,57, 2012-01-07
12, David Guetta ,14,13,57, 2012-01-07
13, Selena Gomez ,13,13,57, 2012-01-07
14, Vazquez Sounds ,17,14,2, 2012-01-07
15, Lil Wayne ,20,13,56, 2012-01-07
16, Skrillex ,24,13,25, 2012-01-07
17, Coldplay ,15,1,57, 2012-01-07
18, Taylor Swift ,10,1,57, 2012-01-07
19, Michael Buble ,32,13,5, 2012-01-07
20, Drake ,21,13,55, 2012-01-07
21, Snoop Dogg ,19,13,52, 2012-01-07
22, Britney Spears ,18,1,54, 2012-01-07
23, Bruno Mars ,16,1,46, 2012-01-07
24, Justin Timberlake ,25,1,38, 2012-01-07
25, Jennifer Lopez ,31,13,43, 2012-01-07
26, Wiz Khalifa ,28,13,54, 2012-01-07
27, 50 Cent ,22,13,52, 2012-01-07
28, Alex Day ,47,28,2, 2012-01-07
29, Linkin Park ,23,1,57, 2012-01-07
30, One Direction ,35,13,7, 2012-01-07
31, Austin Mahone ,39,13,6, 2012-01-07
32, Christina Grimmie ,34,13,49, 2012-01-07
33, Akon ,26,2,57, 2012-01-07
34, Boyce Avenue ,27,8,33, 2012-01-07
35, Beyonce ,29,1,56, 2012-01-07
36, Avril Lavigne ,120,1,56, 2012-01-07
37, Cody Simpson ,120,13,19, 2012-01-07
38, Soulja Boy ,120,13,21, 2012-01-07
39, Christina Aguilera ,120,13,1, 2012-01-07
40, Red Hot Chili Peppers ,50,13,19, 2012-01-07
41, Demi Lovato ,37,13,50, 2012-01-07
42, The Black Keys ,48,13,3, 2012-01-07
43, The Black Eyed Peas ,30,1,56, 2012-01-07
44, Don Omar ,36,2,57, 2012-01-07
45, DeStorm ,120,27,11, 2012-01-07
46, Tiesto ,49,13,51, 2012-01-07
47, Mariah Carey ,43,1,5, 2012-01-07
48, Kanye West ,33,1,36, 2012-01-07
49, Cimorelli ,45,3,20, 2012-01-07
50, AC/DC ,120,13,2, 2012-01-07
1, Justin Bieber ,1,1,56, 2011-12-31
2, Adele ,2,1,46, 2011-12-31
3, Shakira ,3,13,56, 2011-12-31
4, Eminem ,5,13,56, 2011-12-31
5, Rihanna ,4,1,56, 2011-12-31
6, Lady Gaga ,6,1,56, 2011-12-31
7, Katy Perry ,9,1,56, 2011-12-31
8, Pitbull ,10,13,54, 2011-12-31
9, LMFAO ,7,2,33, 2011-12-31
10, Taylor Swift ,12,1,56, 2011-12-31
11, Chris Brown ,11,13,54, 2011-12-31
12, Nicki Minaj ,8,13,56, 2011-12-31
13, Selena Gomez ,13,13,56, 2011-12-31
14, David Guetta ,14,13,56, 2011-12-31
15, Coldplay ,17,1,56, 2011-12-31
16, Bruno Mars ,15,1,45, 2011-12-31
17, Vazquez Sounds ,120,14,1, 2011-12-31
18, Britney Spears ,19,1,53, 2011-12-31
19, Snoop Dogg ,27,13,51, 2011-12-31
20, Lil Wayne ,16,13,55, 2011-12-31
21, Drake ,23,13,54, 2011-12-31
22, 50 Cent ,29,13,51, 2011-12-31
23, Linkin Park ,24,1,56, 2011-12-31
24, Skrillex ,20,13,24, 2011-12-31
25, Justin Timberlake ,30,1,37, 2011-12-31
26, Akon ,28,2,56, 2011-12-31
27, Boyce Avenue ,18,8,32, 2011-12-31
28, Wiz Khalifa ,21,13,53, 2011-12-31
29, Beyonce ,33,1,55, 2011-12-31
30, The Black Eyed Peas ,40,1,55, 2011-12-31
31, Jennifer Lopez ,35,13,42, 2011-12-31
32, Michael Buble ,31,13,4, 2011-12-31
33, Kanye West ,41,1,35, 2011-12-31
34, Christina Grimmie ,25,13,48, 2011-12-31
35, One Direction ,32,13,6, 2011-12-31
36, Don Omar ,38,2,56, 2011-12-31
37, Demi Lovato ,26,13,49, 2011-12-31
38, Trey Songz ,120,13,8, 2011-12-31
39, Austin Mahone ,120,13,5, 2011-12-31
40, Greyson Chance ,120,39,2, 2011-12-31
41, The Pussycat Dolls ,120,41,1, 2011-12-31
42, P!nk ,49,1,30, 2011-12-31
43, Mariah Carey ,120,1,4, 2011-12-31
44, Bow Wow ,120,33,1, 2011-12-31
45, Cimorelli ,34,3,19, 2011-12-31
46, Enrique Iglesias ,39,13,54, 2011-12-31
47, Alex Day ,120,28,1, 2011-12-31
48, The Black Keys ,46,13,2, 2011-12-31
49, Tiesto ,120,13,50, 2011-12-31
50, Red Hot Chili Peppers ,37,13,18, 2011-12-31
1, Justin Bieber ,1,1,55, 2011-12-24
2, Adele ,2,1,45, 2011-12-24
3, Shakira ,5,13,55, 2011-12-24
4, Rihanna ,4,1,55, 2011-12-24
5, Eminem ,7,13,55, 2011-12-24
6, Lady Gaga ,3,1,55, 2011-12-24
7, LMFAO ,6,2,32, 2011-12-24
8, Nicki Minaj ,12,13,55, 2011-12-24
9, Katy Perry ,10,1,55, 2011-12-24
10, Pitbull ,9,13,53, 2011-12-24
11, Chris Brown ,14,13,53, 2011-12-24
12, Taylor Swift ,13,1,55, 2011-12-24
13, Selena Gomez ,11,13,55, 2011-12-24
14, David Guetta ,15,13,55, 2011-12-24
15, Bruno Mars ,16,1,44, 2011-12-24
16, Lil Wayne ,19,13,54, 2011-12-24
17, Coldplay ,20,1,55, 2011-12-24
18, Boyce Avenue ,8,8,31, 2011-12-24
19, Britney Spears ,17,1,52, 2011-12-24
20, Skrillex ,22,13,23, 2011-12-24
21, Wiz Khalifa ,26,13,52, 2011-12-24
22, Avril Lavigne ,23,1,55, 2011-12-24
23, Drake ,18,13,53, 2011-12-24
24, Linkin Park ,21,1,55, 2011-12-24
25, Christina Grimmie ,25,13,47, 2011-12-24
26, Demi Lovato ,34,13,48, 2011-12-24
27, Snoop Dogg ,29,13,50, 2011-12-24
28, Akon ,30,2,55, 2011-12-24
29, 50 Cent ,36,13,50, 2011-12-24
30, Justin Timberlake ,35,1,36, 2011-12-24
31, Michael Buble ,45,13,3, 2011-12-24
32, One Direction ,43,13,5, 2011-12-24
33, Beyonce ,32,1,54, 2011-12-24
34, Cimorelli ,27,3,18, 2011-12-24
35, Jennifer Lopez ,37,13,41, 2011-12-24
36, Big Time Rush ,49,29,2, 2011-12-24
37, Red Hot Chili Peppers ,120,13,17, 2011-12-24
38, Don Omar ,24,2,55, 2011-12-24
39, Enrique Iglesias ,48,13,53, 2011-12-24
40, The Black Eyed Peas ,33,1,54, 2011-12-24
41, Kanye West ,44,1,34, 2011-12-24
42, Outasight ,120,42,1, 2011-12-24
43, Michael Jackson ,28,13,55, 2011-12-24
44, Nickelback ,120,1,17, 2011-12-24
45, The White Stripes ,120,20,6, 2011-12-24
46, The Black Keys ,120,13,1, 2011-12-24
47, Aventura ,120,32,4, 2011-12-24
48, Cody Simpson ,120,13,18, 2011-12-24
49, P!nk ,120,1,29, 2011-12-24
50, Mac Miller ,120,13,6, 2011-12-24
1, Justin Bieber ,1,1,54, 2011-12-17
2, Adele ,2,1,44, 2011-12-17
3, Lady Gaga ,3,1,54, 2011-12-17
4, Rihanna ,5,1,54, 2011-12-17
5, Shakira ,4,13,54, 2011-12-17
6, LMFAO ,9,2,31, 2011-12-17
7, Eminem ,11,13,54, 2011-12-17
8, Boyce Avenue ,29,8,30, 2011-12-17
9, Pitbull ,17,13,52, 2011-12-17
10, Katy Perry ,6,1,54, 2011-12-17
11, Selena Gomez ,8,13,54, 2011-12-17
12, Nicki Minaj ,13,13,54, 2011-12-17
13, Taylor Swift ,7,1,54, 2011-12-17
14, Chris Brown ,16,13,52, 2011-12-17
15, David Guetta ,12,13,54, 2011-12-17
16, Bruno Mars ,10,1,43, 2011-12-17
17, Britney Spears ,20,1,51, 2011-12-17
18, Drake ,15,13,52, 2011-12-17
19, Lil Wayne ,25,13,53, 2011-12-17
20, Coldplay ,14,1,54, 2011-12-17
21, Linkin Park ,23,1,54, 2011-12-17
22, Skrillex ,18,13,22, 2011-12-17
23, Avril Lavigne ,22,1,54, 2011-12-17
24, Don Omar ,33,2,54, 2011-12-17
25, Christina Grimmie ,24,13,46, 2011-12-17
26, Wiz Khalifa ,19,13,51, 2011-12-17
27, Cimorelli ,27,3,17, 2011-12-17
28, Michael Jackson ,26,13,54, 2011-12-17
29, Snoop Dogg ,40,13,49, 2011-12-17
30, Akon ,36,2,54, 2011-12-17
31, Mac Lethal ,120,31,1, 2011-12-17
32, Beyonce ,120,1,53, 2011-12-17
33, The Black Eyed Peas ,34,1,53, 2011-12-17
34, Demi Lovato ,35,13,47, 2011-12-17
35, Justin Timberlake ,21,1,35, 2011-12-17
36, 50 Cent ,120,13,49, 2011-12-17
37, Jennifer Lopez ,46,13,40, 2011-12-17
38, Austin Mahone ,28,13,4, 2011-12-17
39, Greyson Chance ,120,39,1, 2011-12-17
40, Radiohead ,120,13,10, 2011-12-17
41, Guns N' Roses ,120,13,14, 2011-12-17
42, Avenged Sevenfold ,50,13,27, 2011-12-17
43, One Direction ,38,13,4, 2011-12-17
44, Kanye West ,120,1,33, 2011-12-17
45, Michael Buble ,48,13,2, 2011-12-17
46, Hollywood Undead ,120,13,1, 2011-12-17
47, Tiffany Alvord ,45,24,10, 2011-12-17
48, Enrique Iglesias ,43,13,52, 2011-12-17
49, Big Time Rush ,120,29,1, 2011-12-17
50, Celine Dion ,120,31,1, 2011-12-17
1, Justin Bieber ,1,1,53, 2011-12-10
2, Adele ,2,1,43, 2011-12-10
3, Lady Gaga ,3,1,53, 2011-12-10
4, Shakira ,5,13,53, 2011-12-10
5, Rihanna ,4,1,53, 2011-12-10
6, Katy Perry ,6,1,53, 2011-12-10
7, Taylor Swift ,13,1,53, 2011-12-10
8, Selena Gomez ,7,13,53, 2011-12-10
9, LMFAO ,9,2,30, 2011-12-10
10, Bruno Mars ,15,1,42, 2011-12-10
11, Eminem ,8,13,53, 2011-12-10
12, David Guetta ,10,13,53, 2011-12-10
13, Nicki Minaj ,11,13,53, 2011-12-10
14, Coldplay ,18,1,53, 2011-12-10
15, Drake ,12,13,51, 2011-12-10
16, Chris Brown ,19,13,51, 2011-12-10
17, Pitbull ,14,13,51, 2011-12-10
18, Skrillex ,22,13,21, 2011-12-10
19, Wiz Khalifa ,24,13,50, 2011-12-10
20, Britney Spears ,23,1,50, 2011-12-10
21, Justin Timberlake ,21,1,34, 2011-12-10
22, Avril Lavigne ,16,1,53, 2011-12-10
23, Linkin Park ,26,1,53, 2011-12-10
24, Christina Grimmie ,27,13,45, 2011-12-10
25, Lil Wayne ,20,13,52, 2011-12-10
26, Michael Jackson ,25,13,53, 2011-12-10
27, Cimorelli ,35,3,16, 2011-12-10
28, Austin Mahone ,37,13,3, 2011-12-10
29, Boyce Avenue ,28,8,29, 2011-12-10
30, Nickelback ,120,1,16, 2011-12-10
31, Tiesto ,34,13,49, 2011-12-10
32, Soulja Boy ,44,13,20, 2011-12-10
33, Don Omar ,17,2,53, 2011-12-10
34, The Black Eyed Peas ,31,1,52, 2011-12-10
35, Demi Lovato ,36,13,46, 2011-12-10
36, Akon ,29,2,53, 2011-12-10
37, Tyler Ward ,30,14,38, 2011-12-10
38, One Direction ,38,13,3, 2011-12-10
39, Megan & Liz ,41,36,10, 2011-12-10
40, Snoop Dogg ,33,13,48, 2011-12-10
41, Maddi Jane ,42,34,11, 2011-12-10
42, DeStorm ,120,27,10, 2011-12-10
43, Enrique Iglesias ,39,13,51, 2011-12-10
44, Queen ,120,15,2, 2011-12-10
45, Tiffany Alvord ,120,24,9, 2011-12-10
46, Jennifer Lopez ,46,13,39, 2011-12-10
47, deadmau5 ,120,13,18, 2011-12-10
48, Michael Buble ,120,13,1, 2011-12-10
49, The White Stripes ,48,20,5, 2011-12-10
50, Avenged Sevenfold ,45,13,26, 2011-12-10
1, Justin Bieber ,1,1,52, 2011-12-03
2, Adele ,2,1,42, 2011-12-03
3, Lady Gaga ,4,1,52, 2011-12-03
4, Rihanna ,6,1,52, 2011-12-03
5, Shakira ,3,13,52, 2011-12-03
6, Katy Perry ,5,1,52, 2011-12-03
7, Selena Gomez ,9,13,52, 2011-12-03
8, Eminem ,8,13,52, 2011-12-03
9, LMFAO ,7,2,29, 2011-12-03
10, David Guetta ,11,13,52, 2011-12-03
11, Nicki Minaj ,10,13,52, 2011-12-03
12, Drake ,15,13,50, 2011-12-03
13, Taylor Swift ,14,1,52, 2011-12-03
14, Pitbull ,12,13,50, 2011-12-03
15, Bruno Mars ,19,1,41, 2011-12-03
16, Avril Lavigne ,13,1,52, 2011-12-03
17, Don Omar ,22,2,52, 2011-12-03
18, Coldplay ,18,1,52, 2011-12-03
19, Chris Brown ,16,13,50, 2011-12-03
20, Lil Wayne ,17,13,51, 2011-12-03
21, Justin Timberlake ,24,1,33, 2011-12-03
22, Skrillex ,23,13,20, 2011-12-03
23, Britney Spears ,20,1,49, 2011-12-03
24, Wiz Khalifa ,30,13,49, 2011-12-03
25, Michael Jackson ,26,13,52, 2011-12-03
26, Linkin Park ,27,1,52, 2011-12-03
27, Christina Grimmie ,21,13,44, 2011-12-03
28, Boyce Avenue ,25,8,28, 2011-12-03
29, Akon ,29,2,52, 2011-12-03
30, Tyler Ward ,45,14,37, 2011-12-03
31, The Black Eyed Peas ,31,1,51, 2011-12-03
32, Usher ,42,13,52, 2011-12-03
33, Snoop Dogg ,32,13,47, 2011-12-03
34, Tiesto ,37,13,48, 2011-12-03
35, Cimorelli ,28,3,15, 2011-12-03
36, Demi Lovato ,40,13,45, 2011-12-03
37, Austin Mahone ,38,13,2, 2011-12-03
38, One Direction ,34,13,2, 2011-12-03
39, Enrique Iglesias ,41,13,50, 2011-12-03
40, Daft Punk ,120,13,18, 2011-12-03
41, Megan & Liz ,46,36,9, 2011-12-03
42, Maddi Jane ,35,34,10, 2011-12-03
43, Beyonce ,36,1,52, 2011-12-03
44, Soulja Boy ,47,13,19, 2011-12-03
45, Avenged Sevenfold ,120,13,25, 2011-12-03
46, Jennifer Lopez ,39,13,38, 2011-12-03
47, Red Hot Chili Peppers ,120,13,16, 2011-12-03
48, The White Stripes ,120,20,4, 2011-12-03
49, Mac Miller ,48,13,5, 2011-12-03
50, Wonder Girls ,33,33,2, 2011-12-03
1, Justin Bieber ,1,1,51, 2011-11-26
2, Adele ,2,1,41, 2011-11-26
3, Shakira ,4,13,51, 2011-11-26
4, Lady Gaga ,5,1,51, 2011-11-26
5, Katy Perry ,7,1,51, 2011-11-26
6, Rihanna ,3,1,51, 2011-11-26
7, LMFAO ,6,2,28, 2011-11-26
8, Eminem ,8,13,51, 2011-11-26
9, Selena Gomez ,9,13,51, 2011-11-26
10, Nicki Minaj ,12,13,51, 2011-11-26
11, David Guetta ,11,13,51, 2011-11-26
12, Pitbull ,10,13,49, 2011-11-26
13, Avril Lavigne ,19,1,51, 2011-11-26
14, Taylor Swift ,18,1,51, 2011-11-26
15, Drake ,27,13,49, 2011-11-26
16, Chris Brown ,14,13,49, 2011-11-26
17, Lil Wayne ,23,13,50, 2011-11-26
18, Coldplay ,15,1,51, 2011-11-26
19, Bruno Mars ,16,1,40, 2011-11-26
20, Britney Spears ,20,1,48, 2011-11-26
21, Christina Grimmie ,25,13,43, 2011-11-26
22, Don Omar ,31,2,51, 2011-11-26
23, Skrillex ,17,13,19, 2011-11-26
24, Justin Timberlake ,22,1,32, 2011-11-26
25, Boyce Avenue ,13,8,27, 2011-11-26
26, Michael Jackson ,26,13,51, 2011-11-26
27, Linkin Park ,24,1,51, 2011-11-26
28, Cimorelli ,39,3,14, 2011-11-26
29, Akon ,28,2,51, 2011-11-26
30, Wiz Khalifa ,36,13,48, 2011-11-26
31, The Black Eyed Peas ,29,1,50, 2011-11-26
32, Snoop Dogg ,34,13,46, 2011-11-26
33, Wonder Girls ,120,33,1, 2011-11-26
34, One Direction ,120,13,1, 2011-11-26
35, Maddi Jane ,47,34,9, 2011-11-26
36, Beyonce ,30,1,51, 2011-11-26
37, Tiesto ,32,13,47, 2011-11-26
38, Austin Mahone ,120,13,1, 2011-11-26
39, Jennifer Lopez ,33,13,37, 2011-11-26
40, Demi Lovato ,35,13,44, 2011-11-26
41, Enrique Iglesias ,44,13,49, 2011-11-26
42, Usher ,37,13,51, 2011-11-26
43, 50 Cent ,42,13,48, 2011-11-26
44, deadmau5 ,21,13,17, 2011-11-26
45, Tyler Ward ,38,14,36, 2011-11-26
46, Megan & Liz ,40,36,8, 2011-11-26
47, Soulja Boy ,48,13,18, 2011-11-26
48, Mac Miller ,120,13,4, 2011-11-26
49, Bob Marley ,46,13,45, 2011-11-26
50, Veronica Ballestrini ,120,50,1, 2011-11-26
1, Justin Bieber ,1,1,50, 2011-11-19
2, Adele ,2,1,40, 2011-11-19
3, Rihanna ,3,1,50, 2011-11-19
4, Shakira ,4,13,50, 2011-11-19
5, Lady Gaga ,5,1,50, 2011-11-19
6, LMFAO ,6,2,27, 2011-11-19
7, Katy Perry ,8,1,50, 2011-11-19
8, Eminem ,7,13,50, 2011-11-19
9, Selena Gomez ,13,13,50, 2011-11-19
10, Pitbull ,10,13,48, 2011-11-19
11, David Guetta ,11,13,50, 2011-11-19
12, Nicki Minaj ,12,13,50, 2011-11-19
13, Boyce Avenue ,22,8,26, 2011-11-19
14, Chris Brown ,14,13,48, 2011-11-19
15, Coldplay ,9,1,50, 2011-11-19
16, Bruno Mars ,18,1,39, 2011-11-19
17, Skrillex ,15,13,18, 2011-11-19
18, Taylor Swift ,17,1,50, 2011-11-19
19, Avril Lavigne ,19,1,50, 2011-11-19
20, Britney Spears ,16,1,47, 2011-11-19
21, deadmau5 ,120,13,16, 2011-11-19
22, Justin Timberlake ,20,1,31, 2011-11-19
23, Lil Wayne ,21,13,49, 2011-11-19
24, Linkin Park ,23,1,50, 2011-11-19
25, Christina Grimmie ,27,13,42, 2011-11-19
26, Michael Jackson ,26,13,50, 2011-11-19
27, Drake ,25,13,48, 2011-11-19
28, Akon ,29,2,50, 2011-11-19
29, The Black Eyed Peas ,30,1,49, 2011-11-19
30, Beyonce ,28,1,50, 2011-11-19
31, Don Omar ,24,2,50, 2011-11-19
32, Tiesto ,32,13,46, 2011-11-19
33, Jennifer Lopez ,31,13,36, 2011-11-19
34, Snoop Dogg ,33,13,45, 2011-11-19
35, Demi Lovato ,35,13,43, 2011-11-19
36, Wiz Khalifa ,34,13,47, 2011-11-19
37, Usher ,38,13,50, 2011-11-19
38, Tyler Ward ,36,14,35, 2011-11-19
39, Cimorelli ,39,3,13, 2011-11-19
40, Megan & Liz ,37,36,7, 2011-11-19
41, Cody Simpson ,120,13,17, 2011-11-19
42, 50 Cent ,41,13,47, 2011-11-19
43, Kelly Clarkson ,45,1,2, 2011-11-19
44, Enrique Iglesias ,40,13,48, 2011-11-19
45, Tiffany Alvord ,120,24,8, 2011-11-19
46, Bob Marley ,120,13,44, 2011-11-19
47, Maddi Jane ,44,34,8, 2011-11-19
48, Soulja Boy ,42,13,17, 2011-11-19
49, Kina Grannis ,120,49,1, 2011-11-19
50, The Beatles ,50,13,19, 2011-11-19
1, Justin Bieber ,1,1,49, 2011-11-12
2, Adele ,2,1,39, 2011-11-12
3, Rihanna ,4,1,49, 2011-11-12
4, Shakira ,5,13,49, 2011-11-12
5, Lady Gaga ,8,1,49, 2011-11-12
6, LMFAO ,3,2,26, 2011-11-12
7, Eminem ,6,13,49, 2011-11-12
8, Katy Perry ,9,1,49, 2011-11-12
9, Coldplay ,18,1,49, 2011-11-12
10, Pitbull ,13,13,47, 2011-11-12
11, David Guetta ,10,13,49, 2011-11-12
12, Nicki Minaj ,7,13,49, 2011-11-12
13, Selena Gomez ,12,13,49, 2011-11-12
14, Chris Brown ,14,13,47, 2011-11-12
15, Skrillex ,19,13,17, 2011-11-12
16, Britney Spears ,17,1,46, 2011-11-12
17, Taylor Swift ,16,1,49, 2011-11-12
18, Bruno Mars ,11,1,38, 2011-11-12
19, Avril Lavigne ,15,1,49, 2011-11-12
20, Justin Timberlake ,36,1,30, 2011-11-12
21, Lil Wayne ,21,13,48, 2011-11-12
22, Boyce Avenue ,20,8,25, 2011-11-12
23, Linkin Park ,24,1,49, 2011-11-12
24, Don Omar ,29,2,49, 2011-11-12
25, Drake ,23,13,47, 2011-11-12
26, Michael Jackson ,27,13,49, 2011-11-12
27, Christina Grimmie ,26,13,41, 2011-11-12
28, Beyonce ,30,1,49, 2011-11-12
29, Akon ,25,2,49, 2011-11-12
30, The Black Eyed Peas ,40,1,48, 2011-11-12
31, Jennifer Lopez ,22,13,35, 2011-11-12
32, Tiesto ,35,13,45, 2011-11-12
33, Snoop Dogg ,32,13,44, 2011-11-12
34, Wiz Khalifa ,31,13,46, 2011-11-12
35, Demi Lovato ,28,13,42, 2011-11-12
36, Tyler Ward ,37,14,34, 2011-11-12
37, Megan & Liz ,38,36,6, 2011-11-12
38, Usher ,33,13,49, 2011-11-12
39, Cimorelli ,45,3,12, 2011-11-12
40, Enrique Iglesias ,42,13,47, 2011-11-12
41, 50 Cent ,39,13,46, 2011-11-12
42, Soulja Boy ,44,13,16, 2011-11-12
43, Daft Punk ,120,13,17, 2011-11-12
44, Maddi Jane ,34,34,7, 2011-11-12
45, Kelly Clarkson ,120,1,1, 2011-11-12
46, Kanye West ,41,1,32, 2011-11-12
47, AC/DC ,120,13,1, 2011-11-12
48, Nero ,120,45,1, 2011-11-12
49, DJ Bl3nd ,120,13,13, 2011-11-12
50, The Beatles ,120,13,18, 2011-11-12
1, Justin Bieber ,1,1,48, 2011-11-05
2, Adele ,2,1,38, 2011-11-05
3, LMFAO ,3,2,25, 2011-11-05
4, Rihanna ,5,1,48, 2011-11-05
5, Shakira ,4,13,48, 2011-11-05
6, Eminem ,12,13,48, 2011-11-05
7, Nicki Minaj ,6,13,48, 2011-11-05
8, Lady Gaga ,10,1,48, 2011-11-05
9, Katy Perry ,11,1,48, 2011-11-05
10, David Guetta ,8,13,48, 2011-11-05
11, Bruno Mars ,9,1,37, 2011-11-05
12, Selena Gomez ,16,13,48, 2011-11-05
13, Pitbull ,7,13,46, 2011-11-05
14, Chris Brown ,15,13,46, 2011-11-05
15, Avril Lavigne ,14,1,48, 2011-11-05
16, Taylor Swift ,17,1,48, 2011-11-05
17, Britney Spears ,20,1,45, 2011-11-05
18, Coldplay ,28,1,48, 2011-11-05
19, Skrillex ,19,13,16, 2011-11-05
20, Boyce Avenue ,25,8,24, 2011-11-05
21, Lil Wayne ,22,13,47, 2011-11-05
22, Jennifer Lopez ,21,13,34, 2011-11-05
23, Drake ,26,13,46, 2011-11-05
24, Linkin Park ,27,1,48, 2011-11-05
25, Akon ,33,2,48, 2011-11-05
26, Christina Grimmie ,23,13,40, 2011-11-05
27, Michael Jackson ,13,13,48, 2011-11-05
28, Demi Lovato ,29,13,41, 2011-11-05
29, Don Omar ,32,2,48, 2011-11-05
30, Beyonce ,18,1,48, 2011-11-05
31, Wiz Khalifa ,30,13,45, 2011-11-05
32, Snoop Dogg ,34,13,43, 2011-11-05
33, Usher ,24,13,48, 2011-11-05
34, Maddi Jane ,120,34,6, 2011-11-05
35, Tiesto ,37,13,44, 2011-11-05
36, Justin Timberlake ,50,1,29, 2011-11-05
37, Tyler Ward ,35,14,33, 2011-11-05
38, Megan & Liz ,42,36,5, 2011-11-05
39, 50 Cent ,39,13,45, 2011-11-05
40, The Black Eyed Peas ,40,1,47, 2011-11-05
41, Kanye West ,120,1,31, 2011-11-05
42, Enrique Iglesias ,31,13,46, 2011-11-05
43, Bob Marley ,49,13,43, 2011-11-05
44, Soulja Boy ,120,13,15, 2011-11-05
45, Cimorelli ,43,3,11, 2011-11-05
46, Red Hot Chili Peppers ,44,13,15, 2011-11-05
47, Cody Simpson ,38,13,16, 2011-11-05
48, P!nk ,120,1,28, 2011-11-05
49, Green Day ,120,13,36, 2011-11-05
50, Aventura ,48,32,3, 2011-11-05
1, Justin Bieber ,1,1,47, 2011-10-29
2, Adele ,2,1,37, 2011-10-29
3, LMFAO ,5,2,24, 2011-10-29
4, Shakira ,3,13,47, 2011-10-29
5, Rihanna ,10,1,47, 2011-10-29
6, Nicki Minaj ,12,13,47, 2011-10-29
7, Pitbull ,8,13,45, 2011-10-29
8, David Guetta ,13,13,47, 2011-10-29
9, Bruno Mars ,9,1,36, 2011-10-29
10, Lady Gaga ,4,1,47, 2011-10-29
11, Katy Perry ,6,1,47, 2011-10-29
12, Eminem ,7,13,47, 2011-10-29
13, Michael Jackson ,11,13,47, 2011-10-29
14, Avril Lavigne ,20,1,47, 2011-10-29
15, Chris Brown ,17,13,45, 2011-10-29
16, Selena Gomez ,14,13,47, 2011-10-29
17, Taylor Swift ,15,1,47, 2011-10-29
18, Beyonce ,16,1,47, 2011-10-29
19, Skrillex ,19,13,15, 2011-10-29
20, Britney Spears ,23,1,44, 2011-10-29
21, Jennifer Lopez ,31,13,33, 2011-10-29
22, Lil Wayne ,21,13,46, 2011-10-29
23, Christina Grimmie ,28,13,39, 2011-10-29
24, Usher ,32,13,47, 2011-10-29
25, Boyce Avenue ,18,8,23, 2011-10-29
26, Drake ,30,13,45, 2011-10-29
27, Linkin Park ,25,1,47, 2011-10-29
28, Coldplay ,27,1,47, 2011-10-29
29, Demi Lovato ,33,13,40, 2011-10-29
30, Wiz Khalifa ,26,13,44, 2011-10-29
31, Enrique Iglesias ,120,13,45, 2011-10-29
32, Don Omar ,22,2,47, 2011-10-29
33, Akon ,35,2,47, 2011-10-29
34, Snoop Dogg ,36,13,42, 2011-10-29
35, Tyler Ward ,29,14,32, 2011-10-29
36, Karmin ,48,15,8, 2011-10-29
37, Tiesto ,34,13,43, 2011-10-29
38, Cody Simpson ,46,13,15, 2011-10-29
39, 50 Cent ,38,13,44, 2011-10-29
40, The Black Eyed Peas ,39,1,46, 2011-10-29
41, Evanescence ,120,13,4, 2011-10-29
42, Megan & Liz ,42,36,4, 2011-10-29
43, Cimorelli ,37,3,10, 2011-10-29
44, Red Hot Chili Peppers ,40,13,14, 2011-10-29
45, DeStorm ,120,27,9, 2011-10-29
46, The White Stripes ,120,20,3, 2011-10-29
47, Ke$ha ,44,13,45, 2011-10-29
48, Aventura ,50,32,2, 2011-10-29
49, Bob Marley ,45,13,42, 2011-10-29
50, Justin Timberlake ,24,1,28, 2011-10-29
1, Justin Bieber ,1,1,46, 2011-10-22
2, Adele ,2,1,36, 2011-10-22
3, Shakira ,3,13,46, 2011-10-22
4, Lady Gaga ,4,1,46, 2011-10-22
5, LMFAO ,9,2,23, 2011-10-22
6, Katy Perry ,5,1,46, 2011-10-22
7, Eminem ,8,13,46, 2011-10-22
8, Pitbull ,6,13,44, 2011-10-22
9, Bruno Mars ,15,1,35, 2011-10-22
10, Rihanna ,7,1,46, 2011-10-22
11, Michael Jackson ,12,13,46, 2011-10-22
12, Nicki Minaj ,11,13,46, 2011-10-22
13, David Guetta ,10,13,46, 2011-10-22
14, Selena Gomez ,18,13,46, 2011-10-22
15, Taylor Swift ,14,1,46, 2011-10-22
16, Beyonce ,20,1,46, 2011-10-22
17, Chris Brown ,17,13,44, 2011-10-22
18, Boyce Avenue ,32,8,22, 2011-10-22
19, Skrillex ,19,13,14, 2011-10-22
20, Avril Lavigne ,13,1,46, 2011-10-22
21, Lil Wayne ,16,13,45, 2011-10-22
22, Don Omar ,29,2,46, 2011-10-22
23, Britney Spears ,21,1,43, 2011-10-22
24, Justin Timberlake ,25,1,27, 2011-10-22
25, Linkin Park ,24,1,46, 2011-10-22
26, Wiz Khalifa ,23,13,43, 2011-10-22
27, Coldplay ,26,1,46, 2011-10-22
28, Christina Grimmie ,28,13,38, 2011-10-22
29, Tyler Ward ,35,14,31, 2011-10-22
30, Drake ,30,13,44, 2011-10-22
31, Jennifer Lopez ,37,13,32, 2011-10-22
32, Usher ,31,13,46, 2011-10-22
33, Demi Lovato ,27,13,39, 2011-10-22
34, Tiesto ,36,13,42, 2011-10-22
35, Akon ,34,2,46, 2011-10-22
36, Snoop Dogg ,50,13,41, 2011-10-22
37, Cimorelli ,40,3,9, 2011-10-22
38, 50 Cent ,120,13,43, 2011-10-22
39, The Black Eyed Peas ,120,1,45, 2011-10-22
40, Red Hot Chili Peppers ,39,13,13, 2011-10-22
41, Maroon 5 ,47,1,7, 2011-10-22
42, Megan & Liz ,42,36,3, 2011-10-22
43, Maddi Jane ,43,34,5, 2011-10-22
44, Ke$ha ,38,13,44, 2011-10-22
45, Bob Marley ,120,13,41, 2011-10-22
46, Cody Simpson ,48,13,14, 2011-10-22
47, Mindless Behavior ,120,47,1, 2011-10-22
48, Karmin ,49,15,7, 2011-10-22
49, Tiffany Alvord ,120,24,7, 2011-10-22
50, Aventura ,120,32,1, 2011-10-22
1, Justin Bieber ,1,1,45, 2011-10-15
2, Adele ,6,1,35, 2011-10-15
3, Shakira ,7,13,45, 2011-10-15
4, Lady Gaga ,2,1,45, 2011-10-15
5, Katy Perry ,5,1,45, 2011-10-15
6, Pitbull ,4,13,43, 2011-10-15
7, Rihanna ,3,1,45, 2011-10-15
8, Eminem ,8,13,45, 2011-10-15
9, LMFAO ,12,2,22, 2011-10-15
10, David Guetta ,10,13,45, 2011-10-15
11, Nicki Minaj ,15,13,45, 2011-10-15
12, Michael Jackson ,13,13,45, 2011-10-15
13, Avril Lavigne ,11,1,45, 2011-10-15
14, Taylor Swift ,9,1,45, 2011-10-15
15, Bruno Mars ,14,1,34, 2011-10-15
16, Lil Wayne ,19,13,44, 2011-10-15
17, Chris Brown ,16,13,43, 2011-10-15
18, Selena Gomez ,17,13,45, 2011-10-15
19, Skrillex ,23,13,13, 2011-10-15
20, Beyonce ,22,1,45, 2011-10-15
21, Britney Spears ,18,1,42, 2011-10-15
22, Pink Floyd ,120,1,3, 2011-10-15
23, Wiz Khalifa ,30,13,42, 2011-10-15
24, Linkin Park ,20,1,45, 2011-10-15
25, Justin Timberlake ,25,1,26, 2011-10-15
26, Coldplay ,24,1,45, 2011-10-15
27, Demi Lovato ,21,13,38, 2011-10-15
28, Christina Grimmie ,28,13,37, 2011-10-15
29, Don Omar ,26,2,45, 2011-10-15
30, Drake ,48,13,43, 2011-10-15
31, Usher ,33,13,45, 2011-10-15
32, Boyce Avenue ,38,8,21, 2011-10-15
33, Slipknot ,120,13,7, 2011-10-15
34, Akon ,27,2,45, 2011-10-15
35, Tyler Ward ,45,14,30, 2011-10-15
36, Tiesto ,37,13,41, 2011-10-15
37, Jennifer Lopez ,29,13,31, 2011-10-15
38, Ke$ha ,47,13,43, 2011-10-15
39, Red Hot Chili Peppers ,32,13,12, 2011-10-15
40, Cimorelli ,42,3,8, 2011-10-15
41, Enrique Iglesias ,36,13,44, 2011-10-15
42, Megan & Liz ,120,36,2, 2011-10-15
43, Maddi Jane ,50,34,4, 2011-10-15
44, Avenged Sevenfold ,49,13,24, 2011-10-15
45, Daft Punk ,120,13,16, 2011-10-15
46, Kanye West ,35,1,30, 2011-10-15
47, Maroon 5 ,120,1,6, 2011-10-15
48, Cody Simpson ,46,13,13, 2011-10-15
49, Karmin ,120,15,6, 2011-10-15
50, Snoop Dogg ,31,13,40, 2011-10-15
1, Justin Bieber ,1,1,44, 2011-10-08
2, Lady Gaga ,3,1,44, 2011-10-08
3, Rihanna ,2,1,44, 2011-10-08
4, Pitbull ,11,13,42, 2011-10-08
5, Katy Perry ,8,1,44, 2011-10-08
6, Adele ,5,1,34, 2011-10-08
7, Shakira ,4,13,44, 2011-10-08
8, Eminem ,6,13,44, 2011-10-08
9, Taylor Swift ,9,1,44, 2011-10-08
10, David Guetta ,10,13,44, 2011-10-08
11, Avril Lavigne ,15,1,44, 2011-10-08
12, LMFAO ,14,2,21, 2011-10-08
13, Michael Jackson ,7,13,44, 2011-10-08
14, Bruno Mars ,23,1,33, 2011-10-08
15, Nicki Minaj ,13,13,44, 2011-10-08
16, Chris Brown ,16,13,42, 2011-10-08
17, Selena Gomez ,18,13,44, 2011-10-08
18, Britney Spears ,21,1,41, 2011-10-08
19, Lil Wayne ,12,13,43, 2011-10-08
20, Linkin Park ,20,1,44, 2011-10-08
21, Demi Lovato ,29,13,37, 2011-10-08
22, Beyonce ,19,1,44, 2011-10-08
23, Skrillex ,17,13,12, 2011-10-08
24, Coldplay ,27,1,44, 2011-10-08
25, Justin Timberlake ,43,1,25, 2011-10-08
26, Don Omar ,25,2,44, 2011-10-08
27, Akon ,26,2,44, 2011-10-08
28, Christina Grimmie ,24,13,36, 2011-10-08
29, Jennifer Lopez ,38,13,30, 2011-10-08
30, Wiz Khalifa ,33,13,41, 2011-10-08
31, Snoop Dogg ,34,13,39, 2011-10-08
32, Red Hot Chili Peppers ,22,13,11, 2011-10-08
33, Usher ,30,13,44, 2011-10-08
34, deadmau5 ,120,13,15, 2011-10-08
35, Kanye West ,46,1,29, 2011-10-08
36, Enrique Iglesias ,28,13,43, 2011-10-08
37, Tiesto ,39,13,40, 2011-10-08
38, Boyce Avenue ,37,8,20, 2011-10-08
39, Joao Bosco & Vinicius ,120,39,1, 2011-10-08
40, The Beatles ,36,13,17, 2011-10-08
41, The Black Eyed Peas ,35,1,44, 2011-10-08
42, Cimorelli ,49,3,7, 2011-10-08
43, 50 Cent ,48,13,42, 2011-10-08
44, Bob Marley ,40,13,40, 2011-10-08
45, Tyler Ward ,32,14,29, 2011-10-08
46, Cody Simpson ,120,13,12, 2011-10-08
47, Ke$ha ,50,13,42, 2011-10-08
48, Drake ,31,13,42, 2011-10-08
49, Avenged Sevenfold ,44,13,23, 2011-10-08
50, Maddi Jane ,42,34,3, 2011-10-08
1, Justin Bieber ,1,1,43, 2011-10-01
2, Rihanna ,2,1,43, 2011-10-01
3, Lady Gaga ,3,1,43, 2011-10-01
4, Shakira ,4,13,43, 2011-10-01
5, Adele ,5,1,33, 2011-10-01
6, Eminem ,8,13,43, 2011-10-01
7, Michael Jackson ,6,13,43, 2011-10-01
8, Katy Perry ,7,1,43, 2011-10-01
9, Taylor Swift ,12,1,43, 2011-10-01
10, David Guetta ,10,13,43, 2011-10-01
11, Pitbull ,9,13,41, 2011-10-01
12, Lil Wayne ,11,13,42, 2011-10-01
13, Nicki Minaj ,18,13,43, 2011-10-01
14, LMFAO ,22,2,20, 2011-10-01
15, Avril Lavigne ,20,1,43, 2011-10-01
16, Chris Brown ,16,13,41, 2011-10-01
17, Skrillex ,23,13,11, 2011-10-01
18, Selena Gomez ,13,13,43, 2011-10-01
19, Beyonce ,14,1,43, 2011-10-01
20, Linkin Park ,21,1,43, 2011-10-01
21, Britney Spears ,25,1,40, 2011-10-01
22, Red Hot Chili Peppers ,17,13,10, 2011-10-01
23, Bruno Mars ,26,1,32, 2011-10-01
24, Christina Grimmie ,32,13,35, 2011-10-01
25, Don Omar ,24,2,43, 2011-10-01
26, Akon ,30,2,43, 2011-10-01
27, Coldplay ,33,1,43, 2011-10-01
28, Enrique Iglesias ,40,13,42, 2011-10-01
29, Demi Lovato ,36,13,36, 2011-10-01
30, Usher ,29,13,43, 2011-10-01
31, Drake ,37,13,41, 2011-10-01
32, Tyler Ward ,44,14,28, 2011-10-01
33, Wiz Khalifa ,27,13,40, 2011-10-01
34, Snoop Dogg ,46,13,38, 2011-10-01
35, The Black Eyed Peas ,34,1,43, 2011-10-01
36, The Beatles ,39,13,16, 2011-10-01
37, Boyce Avenue ,19,8,19, 2011-10-01
38, Jennifer Lopez ,35,13,29, 2011-10-01
39, Tiesto ,120,13,39, 2011-10-01
40, Bob Marley ,48,13,39, 2011-10-01
41, DeStorm ,42,27,8, 2011-10-01
42, Maddi Jane ,120,34,2, 2011-10-01
43, Justin Timberlake ,47,1,24, 2011-10-01
44, Avenged Sevenfold ,41,13,22, 2011-10-01
45, Evanescence ,120,13,3, 2011-10-01
46, Kanye West ,43,1,28, 2011-10-01
47, Daft Punk ,50,13,15, 2011-10-01
48, 50 Cent ,49,13,41, 2011-10-01
49, Cimorelli ,120,3,6, 2011-10-01
50, Ke$ha ,120,13,41, 2011-10-01
1, Justin Bieber ,1,1,42, 2011-09-24
2, Rihanna ,2,1,42, 2011-09-24
3, Lady Gaga ,4,1,42, 2011-09-24
4, Shakira ,9,13,42, 2011-09-24
5, Adele ,7,1,32, 2011-09-24
6, Michael Jackson ,8,13,42, 2011-09-24
7, Katy Perry ,11,1,42, 2011-09-24
8, Eminem ,10,13,42, 2011-09-24
9, Pitbull ,20,13,40, 2011-09-24
10, David Guetta ,6,13,42, 2011-09-24
11, Lil Wayne ,17,13,41, 2011-09-24
12, Taylor Swift ,32,1,42, 2011-09-24
13, Selena Gomez ,3,13,42, 2011-09-24
14, Beyonce ,13,1,42, 2011-09-24
15, Queen ,120,15,1, 2011-09-24
16, Chris Brown ,15,13,40, 2011-09-24
17, Red Hot Chili Peppers ,5,13,9, 2011-09-24
18, Nicki Minaj ,12,13,42, 2011-09-24
19, Boyce Avenue ,120,8,18, 2011-09-24
20, Avril Lavigne ,26,1,42, 2011-09-24
21, Linkin Park ,25,1,42, 2011-09-24
22, LMFAO ,18,2,19, 2011-09-24
23, Skrillex ,120,13,10, 2011-09-24
24, Don Omar ,30,2,42, 2011-09-24
25, Britney Spears ,14,1,39, 2011-09-24
26, Bruno Mars ,23,1,31, 2011-09-24
27, Wiz Khalifa ,29,13,39, 2011-09-24
28, Tiffany Alvord ,24,24,6, 2011-09-24
29, Usher ,28,13,42, 2011-09-24
30, Akon ,38,2,42, 2011-09-24
31, Soulja Boy ,39,13,14, 2011-09-24
32, Christina Grimmie ,120,13,34, 2011-09-24
33, Coldplay ,27,1,42, 2011-09-24
34, The Black Eyed Peas ,43,1,42, 2011-09-24
35, Jennifer Lopez ,49,13,28, 2011-09-24
36, Demi Lovato ,46,13,35, 2011-09-24
37, Drake ,37,13,40, 2011-09-24
38, Megan & Liz ,120,36,1, 2011-09-24
39, The Beatles ,120,13,15, 2011-09-24
40, Enrique Iglesias ,31,13,41, 2011-09-24
41, Avenged Sevenfold ,35,13,21, 2011-09-24
42, DeStorm ,36,27,7, 2011-09-24
43, Kanye West ,42,1,27, 2011-09-24
44, Tyler Ward ,22,14,27, 2011-09-24
45, deadmau5 ,19,13,14, 2011-09-24
46, Snoop Dogg ,44,13,37, 2011-09-24
47, Justin Timberlake ,120,1,23, 2011-09-24
48, Bob Marley ,120,13,38, 2011-09-24
49, 50 Cent ,120,13,40, 2011-09-24
50, Daft Punk ,48,13,14, 2011-09-24
1, Justin Bieber ,1,1,41, 2011-09-17
2, Rihanna ,5,1,41, 2011-09-17
3, Selena Gomez ,7,13,41, 2011-09-17
4, Lady Gaga ,3,1,41, 2011-09-17
5, Red Hot Chili Peppers ,10,13,8, 2011-09-17
6, David Guetta ,12,13,41, 2011-09-17
7, Adele ,6,1,31, 2011-09-17
8, Michael Jackson ,4,13,41, 2011-09-17
9, Shakira ,2,13,41, 2011-09-17
10, Eminem ,9,13,41, 2011-09-17
11, Katy Perry ,8,1,41, 2011-09-17
12, Nicki Minaj ,11,13,41, 2011-09-17
13, Beyonce ,13,1,41, 2011-09-17
14, Britney Spears ,30,1,38, 2011-09-17
15, Chris Brown ,17,13,39, 2011-09-17
16, Karmin ,15,15,5, 2011-09-17
17, Lil Wayne ,20,13,40, 2011-09-17
18, LMFAO ,24,2,18, 2011-09-17
19, deadmau5 ,43,13,13, 2011-09-17
20, Pitbull ,18,13,39, 2011-09-17
21, Blink-182 ,120,13,1, 2011-09-17
22, Tyler Ward ,14,14,26, 2011-09-17
23, Bruno Mars ,29,1,30, 2011-09-17
24, Tiffany Alvord ,32,24,5, 2011-09-17
25, Linkin Park ,16,1,41, 2011-09-17
26, Avril Lavigne ,26,1,41, 2011-09-17
27, Coldplay ,45,1,41, 2011-09-17
28, Usher ,33,13,41, 2011-09-17
29, Wiz Khalifa ,19,13,38, 2011-09-17
30, Don Omar ,23,2,41, 2011-09-17
31, Enrique Iglesias ,120,13,40, 2011-09-17
32, Taylor Swift ,22,1,41, 2011-09-17
33, Mac Miller ,120,13,3, 2011-09-17
34, Cody Simpson ,41,13,11, 2011-09-17
35, Avenged Sevenfold ,38,13,20, 2011-09-17
36, DeStorm ,27,27,6, 2011-09-17
37, Drake ,44,13,39, 2011-09-17
38, Akon ,36,2,41, 2011-09-17
39, Soulja Boy ,47,13,13, 2011-09-17
40, Kreayshawn ,120,34,4, 2011-09-17
41, Ke$ha ,50,13,40, 2011-09-17
42, Kanye West ,48,1,26, 2011-09-17
43, The Black Eyed Peas ,40,1,41, 2011-09-17
44, Snoop Dogg ,49,13,36, 2011-09-17
45, Thirty Seconds To Mars ,35,30,22, 2011-09-17
46, Demi Lovato ,39,13,34, 2011-09-17
47, Slipknot ,120,13,6, 2011-09-17
48, Daft Punk ,46,13,13, 2011-09-17
49, Jennifer Lopez ,37,13,27, 2011-09-17
50, Nickelback ,120,1,15, 2011-09-17
1, Justin Bieber ,1,1,40, 2011-09-10
2, Shakira ,4,13,40, 2011-09-10
3, Lady Gaga ,3,1,40, 2011-09-10
4, Michael Jackson ,5,13,40, 2011-09-10
5, Rihanna ,2,1,40, 2011-09-10
6, Adele ,9,1,30, 2011-09-10
7, Selena Gomez ,6,13,40, 2011-09-10
8, Katy Perry ,8,1,40, 2011-09-10
9, Eminem ,7,13,40, 2011-09-10
10, Red Hot Chili Peppers ,17,13,7, 2011-09-10
11, Nicki Minaj ,10,13,40, 2011-09-10
12, David Guetta ,11,13,40, 2011-09-10
13, Beyonce ,18,1,40, 2011-09-10
14, Tyler Ward ,24,14,25, 2011-09-10
15, Karmin ,27,15,4, 2011-09-10
16, Linkin Park ,19,1,40, 2011-09-10
17, Chris Brown ,14,13,38, 2011-09-10
18, Pitbull ,12,13,38, 2011-09-10
19, Wiz Khalifa ,29,13,37, 2011-09-10
20, Lil Wayne ,22,13,39, 2011-09-10
21, Christina Grimmie ,15,13,33, 2011-09-10
22, Taylor Swift ,13,1,40, 2011-09-10
23, Don Omar ,16,2,40, 2011-09-10
24, LMFAO ,23,2,17, 2011-09-10
25, Skrillex ,21,13,9, 2011-09-10
26, Avril Lavigne ,20,1,40, 2011-09-10
27, DeStorm ,45,27,5, 2011-09-10
28, Boyce Avenue ,34,8,17, 2011-09-10
29, Bruno Mars ,36,1,29, 2011-09-10
30, Britney Spears ,30,1,37, 2011-09-10
31, Tiesto ,40,13,38, 2011-09-10
32, Tiffany Alvord ,43,24,4, 2011-09-10
33, Usher ,33,13,40, 2011-09-10
34, 50 Cent ,46,13,39, 2011-09-10
35, Thirty Seconds To Mars ,47,30,21, 2011-09-10
36, Akon ,32,2,40, 2011-09-10
37, Jennifer Lopez ,35,13,26, 2011-09-10
38, Avenged Sevenfold ,37,13,19, 2011-09-10
39, Demi Lovato ,25,13,33, 2011-09-10
40, The Black Eyed Peas ,26,1,40, 2011-09-10
41, Cody Simpson ,39,13,10, 2011-09-10
42, Cimorelli ,49,3,5, 2011-09-10
43, deadmau5 ,120,13,12, 2011-09-10
44, Drake ,44,13,38, 2011-09-10
45, Coldplay ,31,1,40, 2011-09-10
46, Daft Punk ,120,13,12, 2011-09-10
47, Soulja Boy ,120,13,12, 2011-09-10
48, Kanye West ,120,1,25, 2011-09-10
49, Snoop Dogg ,120,13,35, 2011-09-10
50, Ke$ha ,120,13,39, 2011-09-10
1, Justin Bieber ,1,1,39, 2011-09-03
2, Rihanna ,2,1,39, 2011-09-03
3, Lady Gaga ,5,1,39, 2011-09-03
4, Shakira ,4,13,39, 2011-09-03
5, Michael Jackson ,3,13,39, 2011-09-03
6, Selena Gomez ,8,13,39, 2011-09-03
7, Eminem ,7,13,39, 2011-09-03
8, Katy Perry ,6,1,39, 2011-09-03
9, Adele ,11,1,29, 2011-09-03
10, Nicki Minaj ,12,13,39, 2011-09-03
11, David Guetta ,14,13,39, 2011-09-03
12, Pitbull ,26,13,37, 2011-09-03
13, Taylor Swift ,10,1,39, 2011-09-03
14, Chris Brown ,17,13,37, 2011-09-03
15, Christina Grimmie ,15,13,32, 2011-09-03
16, Don Omar ,24,2,39, 2011-09-03
17, Red Hot Chili Peppers ,40,13,6, 2011-09-03
18, Beyonce ,16,1,39, 2011-09-03
19, Linkin Park ,18,1,39, 2011-09-03
20, Avril Lavigne ,20,1,39, 2011-09-03
21, Skrillex ,41,13,8, 2011-09-03
22, Lil Wayne ,21,13,38, 2011-09-03
23, LMFAO ,22,2,16, 2011-09-03
24, Tyler Ward ,31,14,24, 2011-09-03
25, Demi Lovato ,32,13,32, 2011-09-03
26, The Black Eyed Peas ,37,1,39, 2011-09-03
27, Karmin ,29,15,3, 2011-09-03
28, Bob Marley ,27,13,37, 2011-09-03
29, Wiz Khalifa ,25,13,36, 2011-09-03
30, Britney Spears ,33,1,36, 2011-09-03
31, Coldplay ,36,1,39, 2011-09-03
32, Akon ,9,2,39, 2011-09-03
33, Usher ,30,13,39, 2011-09-03
34, Boyce Avenue ,23,8,16, 2011-09-03
35, Jennifer Lopez ,49,13,25, 2011-09-03
36, Bruno Mars ,34,1,28, 2011-09-03
37, Avenged Sevenfold ,47,13,18, 2011-09-03
38, Mac Miller ,120,13,2, 2011-09-03
39, Cody Simpson ,28,13,9, 2011-09-03
40, Tiesto ,39,13,37, 2011-09-03
41, Green Day ,120,13,35, 2011-09-03
42, Enrique Iglesias ,38,13,39, 2011-09-03
43, Tiffany Alvord ,43,24,3, 2011-09-03
44, Drake ,42,13,37, 2011-09-03
45, DeStorm ,46,27,4, 2011-09-03
46, 50 Cent ,120,13,38, 2011-09-03
47, Thirty Seconds To Mars ,120,30,20, 2011-09-03
48, Watsky ,120,13,3, 2011-09-03
49, Cimorelli ,45,3,4, 2011-09-03
50, P!nk ,120,1,27, 2011-09-03
1, Justin Bieber ,1,1,38, 2011-08-27
2, Rihanna ,2,1,38, 2011-08-27
3, Michael Jackson ,7,13,38, 2011-08-27
4, Shakira ,4,13,38, 2011-08-27
5, Lady Gaga ,5,1,38, 2011-08-27
6, Katy Perry ,6,1,38, 2011-08-27
7, Eminem ,8,13,38, 2011-08-27
8, Selena Gomez ,10,13,38, 2011-08-27
9, Akon ,3,2,38, 2011-08-27
10, Taylor Swift ,19,1,38, 2011-08-27
11, Adele ,13,1,28, 2011-08-27
12, Nicki Minaj ,9,13,38, 2011-08-27
13, Evanescence ,120,13,2, 2011-08-27
14, David Guetta ,17,13,38, 2011-08-27
15, Christina Grimmie ,23,13,31, 2011-08-27
16, Beyonce ,15,1,38, 2011-08-27
17, Chris Brown ,14,13,36, 2011-08-27
18, Linkin Park ,21,1,38, 2011-08-27
19, deadmau5 ,120,13,11, 2011-08-27
20, Avril Lavigne ,12,1,38, 2011-08-27
21, Lil Wayne ,16,13,37, 2011-08-27
22, LMFAO ,25,2,15, 2011-08-27
23, Boyce Avenue ,32,8,15, 2011-08-27
24, Don Omar ,18,2,38, 2011-08-27
25, Wiz Khalifa ,24,13,35, 2011-08-27
26, Pitbull ,11,13,36, 2011-08-27
27, Bob Marley ,49,13,36, 2011-08-27
28, Cody Simpson ,20,13,8, 2011-08-27
29, Karmin ,27,15,2, 2011-08-27
30, Usher ,26,13,38, 2011-08-27
31, Tyler Ward ,22,14,23, 2011-08-27
32, Demi Lovato ,33,13,31, 2011-08-27
33, Britney Spears ,30,1,35, 2011-08-27
34, Bruno Mars ,29,1,27, 2011-08-27
35, Kreayshawn ,34,34,3, 2011-08-27
36, Coldplay ,46,1,38, 2011-08-27
37, The Black Eyed Peas ,28,1,38, 2011-08-27
38, Enrique Iglesias ,35,13,38, 2011-08-27
39, Tiesto ,39,13,36, 2011-08-27
40, Red Hot Chili Peppers ,120,13,5, 2011-08-27
41, Skrillex ,31,13,7, 2011-08-27
42, Drake ,36,13,36, 2011-08-27
43, Tiffany Alvord ,120,24,2, 2011-08-27
44, Ke$ha ,45,13,38, 2011-08-27
45, Cimorelli ,37,3,3, 2011-08-27
46, DeStorm ,40,27,3, 2011-08-27
47, Avenged Sevenfold ,44,13,17, 2011-08-27
48, Justin Timberlake ,41,1,22, 2011-08-27
49, Jennifer Lopez ,38,13,24, 2011-08-27
50, Kanye West ,120,1,24, 2011-08-27
1, Justin Bieber ,1,1,37, 2011-08-20
2, Rihanna ,2,1,37, 2011-08-20
3, Akon ,6,2,37, 2011-08-20
4, Shakira ,3,13,37, 2011-08-20
5, Lady Gaga ,4,1,37, 2011-08-20
6, Katy Perry ,5,1,37, 2011-08-20
7, Michael Jackson ,9,13,37, 2011-08-20
8, Eminem ,7,13,37, 2011-08-20
9, Nicki Minaj ,12,13,37, 2011-08-20
10, Selena Gomez ,10,13,37, 2011-08-20
11, Pitbull ,8,13,35, 2011-08-20
12, Avril Lavigne ,21,1,37, 2011-08-20
13, Adele ,11,1,27, 2011-08-20
14, Chris Brown ,15,13,35, 2011-08-20
15, Beyonce ,14,1,37, 2011-08-20
16, Lil Wayne ,16,13,36, 2011-08-20
17, David Guetta ,13,13,37, 2011-08-20
18, Don Omar ,20,2,37, 2011-08-20
19, Taylor Swift ,17,1,37, 2011-08-20
20, Cody Simpson ,28,13,7, 2011-08-20
21, Linkin Park ,18,1,37, 2011-08-20
22, Tyler Ward ,23,14,22, 2011-08-20
23, Christina Grimmie ,19,13,30, 2011-08-20
24, Wiz Khalifa ,22,13,34, 2011-08-20
25, LMFAO ,24,2,14, 2011-08-20
26, Usher ,27,13,37, 2011-08-20
27, Karmin ,120,15,1, 2011-08-20
28, The Black Eyed Peas ,25,1,37, 2011-08-20
29, Bruno Mars ,32,1,26, 2011-08-20
30, Britney Spears ,29,1,34, 2011-08-20
31, Skrillex ,33,13,6, 2011-08-20
32, Boyce Avenue ,36,8,14, 2011-08-20
33, Demi Lovato ,26,13,30, 2011-08-20
34, Kreayshawn ,35,34,2, 2011-08-20
35, Enrique Iglesias ,34,13,37, 2011-08-20
36, Drake ,37,13,35, 2011-08-20
37, Cimorelli ,49,3,2, 2011-08-20
38, Jennifer Lopez ,30,13,23, 2011-08-20
39, Tiesto ,41,13,35, 2011-08-20
40, DeStorm ,31,27,2, 2011-08-20
41, Justin Timberlake ,42,1,21, 2011-08-20
42, Radiohead ,47,13,9, 2011-08-20
43, 50 Cent ,40,13,37, 2011-08-20
44, Avenged Sevenfold ,120,13,16, 2011-08-20
45, Ke$ha ,39,13,37, 2011-08-20
46, Coldplay ,46,1,37, 2011-08-20
47, Snoop Dogg ,45,13,34, 2011-08-20
48, DJ Bl3nd ,120,13,12, 2011-08-20
49, Bob Marley ,43,13,35, 2011-08-20
50, Soulja Boy ,44,13,11, 2011-08-20
1, Justin Bieber ,1,1,36, 2011-08-13
2, Rihanna ,2,1,36, 2011-08-13
3, Shakira ,4,13,36, 2011-08-13
4, Lady Gaga ,3,1,36, 2011-08-13
5, Katy Perry ,5,1,36, 2011-08-13
6, Akon ,9,2,36, 2011-08-13
7, Eminem ,7,13,36, 2011-08-13
8, Pitbull ,14,13,34, 2011-08-13
9, Michael Jackson ,8,13,36, 2011-08-13
10, Selena Gomez ,6,13,36, 2011-08-13
11, Adele ,18,1,26, 2011-08-13
12, Nicki Minaj ,11,13,36, 2011-08-13
13, David Guetta ,10,13,36, 2011-08-13
14, Beyonce ,16,1,36, 2011-08-13
15, Chris Brown ,20,13,34, 2011-08-13
16, Lil Wayne ,13,13,35, 2011-08-13
17, Taylor Swift ,21,1,36, 2011-08-13
18, Linkin Park ,15,1,36, 2011-08-13
19, Christina Grimmie ,17,13,29, 2011-08-13
20, Don Omar ,23,2,36, 2011-08-13
21, Avril Lavigne ,19,1,36, 2011-08-13
22, Wiz Khalifa ,27,13,33, 2011-08-13
23, Tyler Ward ,48,14,21, 2011-08-13
24, LMFAO ,24,2,13, 2011-08-13
25, The Black Eyed Peas ,30,1,36, 2011-08-13
26, Demi Lovato ,12,13,29, 2011-08-13
27, Usher ,22,13,36, 2011-08-13
28, Cody Simpson ,26,13,6, 2011-08-13
29, Britney Spears ,32,1,33, 2011-08-13
30, Jennifer Lopez ,29,13,22, 2011-08-13
31, DeStorm ,120,27,1, 2011-08-13
32, Bruno Mars ,28,1,25, 2011-08-13
33, Skrillex ,44,13,5, 2011-08-13
34, Enrique Iglesias ,35,13,36, 2011-08-13
35, Kreayshawn ,120,34,1, 2011-08-13
36, Boyce Avenue ,120,8,13, 2011-08-13
37, Drake ,33,13,34, 2011-08-13
38, Aerosmith ,120,38,1, 2011-08-13
39, Ke$ha ,31,13,36, 2011-08-13
40, 50 Cent ,36,13,36, 2011-08-13
41, Tiesto ,42,13,34, 2011-08-13
42, Justin Timberlake ,34,1,20, 2011-08-13
43, Bob Marley ,38,13,34, 2011-08-13
44, Soulja Boy ,120,13,10, 2011-08-13
45, Snoop Dogg ,39,13,33, 2011-08-13
46, Coldplay ,41,1,36, 2011-08-13
47, Radiohead ,43,13,8, 2011-08-13
48, Tiffany Alvord ,120,24,1, 2011-08-13
49, Cimorelli ,120,3,1, 2011-08-13
50, Kanye West ,47,1,23, 2011-08-13
1, Justin Bieber ,4,1,35, 2011-08-06
2, Rihanna ,1,1,35, 2011-08-06
3, Lady Gaga ,5,1,35, 2011-08-06
4, Shakira ,2,13,35, 2011-08-06
5, Katy Perry ,3,1,35, 2011-08-06
6, Selena Gomez ,12,13,35, 2011-08-06
7, Eminem ,6,13,35, 2011-08-06
8, Michael Jackson ,10,13,35, 2011-08-06
9, Akon ,14,2,35, 2011-08-06
10, David Guetta ,19,13,35, 2011-08-06
11, Nicki Minaj ,23,13,35, 2011-08-06
12, Demi Lovato ,22,13,28, 2011-08-06
13, Lil Wayne ,7,13,34, 2011-08-06
14, Pitbull ,29,13,33, 2011-08-06
15, Linkin Park ,11,1,35, 2011-08-06
16, Beyonce ,9,1,35, 2011-08-06
17, Christina Grimmie ,120,13,28, 2011-08-06
18, Adele ,28,1,25, 2011-08-06
19, Avril Lavigne ,8,1,35, 2011-08-06
20, Chris Brown ,17,13,33, 2011-08-06
21, Taylor Swift ,13,1,35, 2011-08-06
22, Usher ,18,13,35, 2011-08-06
23, Don Omar ,26,2,35, 2011-08-06
24, LMFAO ,35,2,12, 2011-08-06
25, deadmau5 ,120,13,10, 2011-08-06
26, Cody Simpson ,120,13,5, 2011-08-06
27, Wiz Khalifa ,20,13,32, 2011-08-06
28, Bruno Mars ,16,1,24, 2011-08-06
29, Jennifer Lopez ,31,13,21, 2011-08-06
30, The Black Eyed Peas ,15,1,35, 2011-08-06
31, Ke$ha ,33,13,35, 2011-08-06
32, Britney Spears ,24,1,32, 2011-08-06
33, Drake ,25,13,33, 2011-08-06
34, Justin Timberlake ,32,1,19, 2011-08-06
35, Enrique Iglesias ,26,13,35, 2011-08-06
36, 50 Cent ,30,13,35, 2011-08-06
37, Red Hot Chili Peppers ,45,13,4, 2011-08-06
38, Bob Marley ,21,13,33, 2011-08-06
39, Snoop Dogg ,34,13,32, 2011-08-06
40, Thirty Seconds To Mars ,120,30,19, 2011-08-06
41, Coldplay ,43,1,35, 2011-08-06
42, Tiesto ,120,13,33, 2011-08-06
43, Radiohead ,120,13,7, 2011-08-06
44, Skrillex ,120,13,4, 2011-08-06
45, Avenged Sevenfold ,120,13,15, 2011-08-06
46, Miley Cyrus ,40,1,8, 2011-08-06
47, Kanye West ,120,1,22, 2011-08-06
48, Tyler Ward ,120,14,20, 2011-08-06
49, Sean Kingston ,120,35,4, 2011-08-06
50, Trey Songz ,39,13,7, 2011-08-06
1, Rihanna ,6,1,34, 2011-07-30
2, Shakira ,4,13,34, 2011-07-30
3, Katy Perry ,3,1,34, 2011-07-30
4, Justin Bieber ,1,1,34, 2011-07-30
5, Lady Gaga ,2,1,34, 2011-07-30
6, Eminem ,7,13,34, 2011-07-30
7, Lil Wayne ,12,13,33, 2011-07-30
8, Avril Lavigne ,13,1,34, 2011-07-30
9, Beyonce ,8,1,34, 2011-07-30
10, Michael Jackson ,5,13,34, 2011-07-30
11, Linkin Park ,10,1,34, 2011-07-30
12, Selena Gomez ,9,13,34, 2011-07-30
13, Taylor Swift ,14,1,34, 2011-07-30
14, Akon ,21,2,34, 2011-07-30
15, The Black Eyed Peas ,24,1,34, 2011-07-30
16, Bruno Mars ,26,1,23, 2011-07-30
17, Chris Brown ,17,13,32, 2011-07-30
18, Usher ,18,13,34, 2011-07-30
19, David Guetta ,19,13,34, 2011-07-30
20, Wiz Khalifa ,16,13,31, 2011-07-30
21, Bob Marley ,25,13,32, 2011-07-30
22, Demi Lovato ,32,13,27, 2011-07-30
23, Nicki Minaj ,15,13,34, 2011-07-30
24, Britney Spears ,28,1,31, 2011-07-30
25, Drake ,31,13,32, 2011-07-30
26, Don Omar ,11,2,34, 2011-07-30
26, Enrique Iglesias ,27,13,34, 2011-07-30
28, Adele ,20,1,24, 2011-07-30
29, Pitbull ,23,13,32, 2011-07-30
30, 50 Cent ,29,13,34, 2011-07-30
31, Jennifer Lopez ,34,13,20, 2011-07-30
32, Justin Timberlake ,38,1,18, 2011-07-30
33, Ke$ha ,33,13,34, 2011-07-30
34, Snoop Dogg ,37,13,31, 2011-07-30
35, LMFAO ,22,2,11, 2011-07-30
36, Metallica ,120,1,9, 2011-07-30
37, The Beatles ,120,13,14, 2011-07-30
38, Green Day ,48,13,34, 2011-07-30
39, Trey Songz ,120,13,6, 2011-07-30
40, Miley Cyrus ,120,1,7, 2011-07-30
41, Guns N' Roses ,120,13,13, 2011-07-30
42, Alicia Keys ,120,1,20, 2011-07-30
43, Coldplay ,39,1,34, 2011-07-30
44, Pink Floyd ,120,1,2, 2011-07-30
45, Red Hot Chili Peppers ,120,13,3, 2011-07-30
46, T.I. ,120,13,13, 2011-07-30
47, P!nk ,120,1,26, 2011-07-30
48, Nirvana ,120,13,2, 2011-07-30
49, Bon Jovi ,120,1,10, 2011-07-30
50, Evanescence ,120,13,1, 2011-07-30
1, Justin Bieber ,2,1,33, 2011-07-23
2, Lady Gaga ,4,1,33, 2011-07-23
3, Katy Perry ,6,1,33, 2011-07-23
4, Shakira ,5,13,33, 2011-07-23
5, Michael Jackson ,3,13,33, 2011-07-23
6, Rihanna ,7,1,33, 2011-07-23
7, Eminem ,8,13,33, 2011-07-23
8, Beyonce ,9,1,33, 2011-07-23
9, Selena Gomez ,1,13,33, 2011-07-23
10, Linkin Park ,15,1,33, 2011-07-23
11, Don Omar ,11,2,33, 2011-07-23
12, Lil Wayne ,12,13,32, 2011-07-23
13, Avril Lavigne ,13,1,33, 2011-07-23
14, Taylor Swift ,21,1,33, 2011-07-23
15, Nicki Minaj ,10,13,33, 2011-07-23
16, Wiz Khalifa ,20,13,30, 2011-07-23
17, Chris Brown ,14,13,31, 2011-07-23
18, Usher ,18,13,33, 2011-07-23
19, David Guetta ,16,13,33, 2011-07-23
20, Adele ,22,1,23, 2011-07-23
21, Akon ,23,2,33, 2011-07-23
22, LMFAO ,19,2,10, 2011-07-23
23, Pitbull ,17,13,31, 2011-07-23
24, The Black Eyed Peas ,25,1,33, 2011-07-23
25, Bob Marley ,29,13,31, 2011-07-23
26, Bruno Mars ,28,1,22, 2011-07-23
27, Enrique Iglesias ,24,13,33, 2011-07-23
28, Britney Spears ,26,1,30, 2011-07-23
29, 50 Cent ,30,13,33, 2011-07-23
30, Christina Grimmie ,32,13,27, 2011-07-23
31, Drake ,31,13,31, 2011-07-23
32, Demi Lovato ,44,13,26, 2011-07-23
33, Ke$ha ,33,13,33, 2011-07-23
34, Jennifer Lopez ,34,13,19, 2011-07-23
35, Sean Kingston ,36,35,3, 2011-07-23
36, Cody Simpson ,47,13,4, 2011-07-23
37, Snoop Dogg ,43,13,30, 2011-07-23
38, Justin Timberlake ,39,1,17, 2011-07-23
39, Coldplay ,35,1,33, 2011-07-23
40, Skrillex ,38,13,3, 2011-07-23
41, Tyler Ward ,40,14,19, 2011-07-23
42, Camila ,120,42,1, 2011-07-23
43, Mac Miller ,120,13,1, 2011-07-23
44, Paramore ,45,13,14, 2011-07-23
45, Avenged Sevenfold ,46,13,14, 2011-07-23
46, Soulja Boy ,48,13,9, 2011-07-23
47, Slipknot ,120,13,5, 2011-07-23
48, Green Day ,42,13,33, 2011-07-23
49, Boyce Avenue ,120,8,12, 2011-07-23
50, Maroon 5 ,27,1,5, 2011-07-23
1, Selena Gomez ,5,13,32, 2011-07-16
2, Justin Bieber ,1,1,32, 2011-07-16
3, Michael Jackson ,7,13,32, 2011-07-16
4, Lady Gaga ,2,1,32, 2011-07-16
5, Shakira ,4,13,32, 2011-07-16
6, Katy Perry ,3,1,32, 2011-07-16
7, Rihanna ,6,1,32, 2011-07-16
8, Eminem ,8,13,32, 2011-07-16
9, Beyonce ,15,1,32, 2011-07-16
10, Nicki Minaj ,10,13,32, 2011-07-16
11, Don Omar ,26,2,32, 2011-07-16
12, Lil Wayne ,12,13,31, 2011-07-16
13, Avril Lavigne ,13,1,32, 2011-07-16
14, Chris Brown ,14,13,30, 2011-07-16
15, Linkin Park ,9,1,32, 2011-07-16
16, David Guetta ,16,13,32, 2011-07-16
17, Pitbull ,24,13,30, 2011-07-16
18, Usher ,19,13,32, 2011-07-16
19, LMFAO ,22,2,9, 2011-07-16
20, Wiz Khalifa ,11,13,29, 2011-07-16
21, Taylor Swift ,17,1,32, 2011-07-16
22, Adele ,18,1,22, 2011-07-16
23, Akon ,21,2,32, 2011-07-16
24, Enrique Iglesias ,25,13,32, 2011-07-16
25, The Black Eyed Peas ,23,1,32, 2011-07-16
26, Britney Spears ,20,1,29, 2011-07-16
27, Maroon 5 ,36,1,4, 2011-07-16
28, Bruno Mars ,30,1,21, 2011-07-16
29, Bob Marley ,33,13,30, 2011-07-16
30, 50 Cent ,32,13,32, 2011-07-16
31, Drake ,28,13,30, 2011-07-16
32, Christina Grimmie ,120,13,26, 2011-07-16
33, Ke$ha ,31,13,32, 2011-07-16
34, Jennifer Lopez ,41,13,18, 2011-07-16
35, Coldplay ,27,1,32, 2011-07-16
36, Sean Kingston ,39,35,2, 2011-07-16
37, Tiesto ,38,13,32, 2011-07-16
38, Skrillex ,120,13,2, 2011-07-16
39, Justin Timberlake ,42,1,16, 2011-07-16
40, Tyler Ward ,29,14,18, 2011-07-16
41, Maddi Jane ,120,34,1, 2011-07-16
42, Green Day ,37,13,32, 2011-07-16
43, Snoop Dogg ,120,13,29, 2011-07-16
44, Demi Lovato ,46,13,25, 2011-07-16
45, Paramore ,49,13,13, 2011-07-16
46, Avenged Sevenfold ,44,13,13, 2011-07-16
47, Cody Simpson ,45,13,3, 2011-07-16
48, Soulja Boy ,40,13,8, 2011-07-16
49, DJ Bl3nd ,50,13,11, 2011-07-16
50, Thirty Seconds To Mars ,120,30,18, 2011-07-16
1, Justin Bieber ,1,1,31, 2011-07-09
2, Lady Gaga ,3,1,31, 2011-07-09
3, Katy Perry ,2,1,31, 2011-07-09
4, Shakira ,5,13,31, 2011-07-09
5, Selena Gomez ,16,13,31, 2011-07-09
6, Rihanna ,6,1,31, 2011-07-09
7, Michael Jackson ,7,13,31, 2011-07-09
8, Eminem ,4,13,31, 2011-07-09
9, Linkin Park ,12,1,31, 2011-07-09
10, Nicki Minaj ,10,13,31, 2011-07-09
11, Wiz Khalifa ,14,13,28, 2011-07-09
12, Lil Wayne ,11,13,30, 2011-07-09
13, Avril Lavigne ,13,1,31, 2011-07-09
14, Chris Brown ,15,13,29, 2011-07-09
15, Beyonce ,9,1,31, 2011-07-09
16, David Guetta ,24,13,31, 2011-07-09
17, Taylor Swift ,18,1,31, 2011-07-09
18, Adele ,26,1,21, 2011-07-09
19, Usher ,20,13,31, 2011-07-09
20, Britney Spears ,17,1,28, 2011-07-09
21, Akon ,23,2,31, 2011-07-09
22, LMFAO ,21,2,8, 2011-07-09
23, The Black Eyed Peas ,22,1,31, 2011-07-09
24, Pitbull ,8,13,29, 2011-07-09
25, Enrique Iglesias ,25,13,31, 2011-07-09
26, Don Omar ,19,2,31, 2011-07-09
27, Coldplay ,35,1,31, 2011-07-09
28, Drake ,28,13,29, 2011-07-09
29, Tyler Ward ,120,14,17, 2011-07-09
30, Bruno Mars ,37,1,20, 2011-07-09
31, Ke$ha ,29,13,31, 2011-07-09
32, 50 Cent ,31,13,31, 2011-07-09
33, Bob Marley ,42,13,29, 2011-07-09
34, Boyce Avenue ,34,8,11, 2011-07-09
35, 2PM ,120,35,1, 2011-07-09
36, Maroon 5 ,120,1,3, 2011-07-09
37, Green Day ,39,13,31, 2011-07-09
38, Tiesto ,36,13,31, 2011-07-09
39, Sean Kingston ,120,35,1, 2011-07-09
40, Soulja Boy ,30,13,7, 2011-07-09
41, Jennifer Lopez ,27,13,17, 2011-07-09
42, Justin Timberlake ,50,1,15, 2011-07-09
43, Red Hot Chili Peppers ,38,13,2, 2011-07-09
44, Avenged Sevenfold ,47,13,12, 2011-07-09
45, Cody Simpson ,32,13,2, 2011-07-09
46, Demi Lovato ,44,13,24, 2011-07-09
47, The White Stripes ,43,20,2, 2011-07-09
48, Radiohead ,48,13,6, 2011-07-09
49, Paramore ,120,13,12, 2011-07-09
50, DJ Bl3nd ,49,13,10, 2011-07-09
1, Justin Bieber ,1,1,30, 2011-07-02
2, Katy Perry ,7,1,30, 2011-07-02
3, Lady Gaga ,4,1,30, 2011-07-02
4, Eminem ,6,13,30, 2011-07-02
5, Shakira ,3,13,30, 2011-07-02
6, Rihanna ,2,1,30, 2011-07-02
7, Michael Jackson ,9,13,30, 2011-07-02
8, Pitbull ,8,13,28, 2011-07-02
9, Beyonce ,14,1,30, 2011-07-02
10, Nicki Minaj ,12,13,30, 2011-07-02
11, Lil Wayne ,11,13,29, 2011-07-02
12, Linkin Park ,19,1,30, 2011-07-02
13, Avril Lavigne ,15,1,30, 2011-07-02
14, Wiz Khalifa ,26,13,27, 2011-07-02
15, Chris Brown ,24,13,28, 2011-07-02
16, Selena Gomez ,27,13,30, 2011-07-02
17, Britney Spears ,16,1,27, 2011-07-02
18, Taylor Swift ,20,1,30, 2011-07-02
19, Don Omar ,10,2,30, 2011-07-02
20, Usher ,22,13,30, 2011-07-02
21, LMFAO ,18,2,7, 2011-07-02
22, The Black Eyed Peas ,13,1,30, 2011-07-02
23, Akon ,5,2,30, 2011-07-02
24, David Guetta ,28,13,30, 2011-07-02
25, Enrique Iglesias ,23,13,30, 2011-07-02
26, Adele ,33,1,20, 2011-07-02
27, Jennifer Lopez ,21,13,16, 2011-07-02
28, Drake ,30,13,28, 2011-07-02
29, Ke$ha ,34,13,30, 2011-07-02
30, Soulja Boy ,40,13,6, 2011-07-02
31, 50 Cent ,32,13,30, 2011-07-02
32, Cody Simpson ,120,13,1, 2011-07-02
33, Girl Talk ,120,33,2, 2011-07-02
34, Boyce Avenue ,49,8,10, 2011-07-02
35, Coldplay ,25,1,30, 2011-07-02
36, Tiesto ,45,13,30, 2011-07-02
37, Bruno Mars ,39,1,19, 2011-07-02
38, Red Hot Chili Peppers ,120,13,1, 2011-07-02
39, Green Day ,38,13,30, 2011-07-02
40, Ludacris ,17,13,29, 2011-07-02
41, Snoop Dogg ,43,13,28, 2011-07-02
42, Bob Marley ,35,13,28, 2011-07-02
43, The White Stripes ,120,20,1, 2011-07-02
44, Demi Lovato ,120,13,23, 2011-07-02
45, Christina Grimmie ,31,13,25, 2011-07-02
46, Slipknot ,42,13,4, 2011-07-02
47, Avenged Sevenfold ,37,13,11, 2011-07-02
48, Radiohead ,120,13,5, 2011-07-02
49, DJ Bl3nd ,120,13,9, 2011-07-02
50, Justin Timberlake ,120,1,14, 2011-07-02
1, Justin Bieber ,3,1,29, 2011-06-25
2, Rihanna ,2,1,29, 2011-06-25
3, Shakira ,4,13,29, 2011-06-25
4, Lady Gaga ,1,1,29, 2011-06-25
5, Akon ,5,2,29, 2011-06-25
6, Eminem ,6,13,29, 2011-06-25
7, Katy Perry ,9,1,29, 2011-06-25
8, Pitbull ,15,13,27, 2011-06-25
9, Michael Jackson ,11,13,29, 2011-06-25
10, Don Omar ,7,2,29, 2011-06-25
11, Lil Wayne ,8,13,28, 2011-06-25
12, Nicki Minaj ,13,13,29, 2011-06-25
13, The Black Eyed Peas ,16,1,29, 2011-06-25
14, Beyonce ,10,1,29, 2011-06-25
15, Avril Lavigne ,12,1,29, 2011-06-25
16, Britney Spears ,23,1,26, 2011-06-25
17, Ludacris ,26,13,28, 2011-06-25
18, LMFAO ,24,2,6, 2011-06-25
19, Linkin Park ,17,1,29, 2011-06-25
20, Taylor Swift ,18,1,29, 2011-06-25
21, Jennifer Lopez ,28,13,15, 2011-06-25
22, Usher ,14,13,29, 2011-06-25
23, Enrique Iglesias ,22,13,29, 2011-06-25
24, Chris Brown ,21,13,27, 2011-06-25
25, Coldplay ,27,1,29, 2011-06-25
26, Wiz Khalifa ,19,13,26, 2011-06-25
27, Selena Gomez ,20,13,29, 2011-06-25
28, David Guetta ,25,13,29, 2011-06-25
29, deadmau5 ,120,13,9, 2011-06-25
30, Drake ,29,13,27, 2011-06-25
31, Christina Grimmie ,120,13,24, 2011-06-25
32, 50 Cent ,31,13,29, 2011-06-25
33, Adele ,33,1,19, 2011-06-25
34, Ke$ha ,32,13,29, 2011-06-25
35, Bob Marley ,30,13,27, 2011-06-25
36, Kanye West ,36,1,21, 2011-06-25
37, Avenged Sevenfold ,42,13,10, 2011-06-25
38, Green Day ,35,13,29, 2011-06-25
39, Bruno Mars ,39,1,18, 2011-06-25
40, Soulja Boy ,41,13,5, 2011-06-25
41, The Script ,120,1,1, 2011-06-25
42, Slipknot ,46,13,3, 2011-06-25
43, Snoop Dogg ,37,13,27, 2011-06-25
44, Thirty Seconds To Mars ,120,30,17, 2011-06-25
45, Tiesto ,34,13,29, 2011-06-25
46, Mariah Carey ,43,1,3, 2011-06-25
47, Daft Punk ,50,13,11, 2011-06-25
48, Skrillex ,120,13,1, 2011-06-25
49, Boyce Avenue ,120,8,9, 2011-06-25
50, Madonna ,120,13,2, 2011-06-25
1, Lady Gaga ,1,1,28, 2011-06-18
2, Rihanna ,4,1,28, 2011-06-18
3, Justin Bieber ,2,1,28, 2011-06-18
4, Shakira ,5,13,28, 2011-06-18
5, Akon ,3,2,28, 2011-06-18
6, Eminem ,6,13,28, 2011-06-18
7, Don Omar ,8,2,28, 2011-06-18
8, Lil Wayne ,9,13,27, 2011-06-18
9, Katy Perry ,10,1,28, 2011-06-18
10, Beyonce ,7,1,28, 2011-06-18
11, Michael Jackson ,11,13,28, 2011-06-18
12, Avril Lavigne ,13,1,28, 2011-06-18
13, Nicki Minaj ,12,13,28, 2011-06-18
14, Usher ,17,13,28, 2011-06-18
15, Pitbull ,18,13,26, 2011-06-18
16, The Black Eyed Peas ,14,1,28, 2011-06-18
17, Linkin Park ,25,1,28, 2011-06-18
18, Taylor Swift ,15,1,28, 2011-06-18
19, Wiz Khalifa ,26,13,25, 2011-06-18
20, Selena Gomez ,28,13,28, 2011-06-18
21, Chris Brown ,20,13,26, 2011-06-18
22, Enrique Iglesias ,19,13,28, 2011-06-18
23, Britney Spears ,22,1,25, 2011-06-18
24, LMFAO ,23,2,5, 2011-06-18
25, David Guetta ,27,13,28, 2011-06-18
26, Ludacris ,21,13,27, 2011-06-18
27, Coldplay ,38,1,28, 2011-06-18
28, Jennifer Lopez ,16,13,14, 2011-06-18
29, Drake ,30,13,26, 2011-06-18
30, Bob Marley ,34,13,26, 2011-06-18
31, 50 Cent ,31,13,28, 2011-06-18
32, Ke$ha ,32,13,28, 2011-06-18
33, Adele ,29,1,18, 2011-06-18
34, Tiesto ,24,13,28, 2011-06-18
35, Green Day ,33,13,28, 2011-06-18
36, Kanye West ,36,1,20, 2011-06-18
37, Snoop Dogg ,39,13,26, 2011-06-18
38, Kid Cudi ,48,11,4, 2011-06-18
39, Bruno Mars ,50,1,17, 2011-06-18
40, Miley Cyrus ,120,1,6, 2011-06-18
41, Soulja Boy ,120,13,4, 2011-06-18
42, Avenged Sevenfold ,41,13,9, 2011-06-18
43, Mariah Carey ,120,1,2, 2011-06-18
44, Guns N' Roses ,43,13,12, 2011-06-18
45, Demi Lovato ,44,13,22, 2011-06-18
46, Slipknot ,42,13,2, 2011-06-18
47, Metallica ,120,1,8, 2011-06-18
48, T.I. ,120,13,12, 2011-06-18
49, P!nk ,120,1,25, 2011-06-18
50, Daft Punk ,40,13,10, 2011-06-18
1, Lady Gaga ,1,1,27, 2011-06-11
2, Justin Bieber ,2,1,27, 2011-06-11
3, Akon ,5,2,27, 2011-06-11
4, Rihanna ,3,1,27, 2011-06-11
5, Shakira ,4,13,27, 2011-06-11
6, Eminem ,6,13,27, 2011-06-11
7, Beyonce ,7,1,27, 2011-06-11
8, Don Omar ,33,2,27, 2011-06-11
9, Lil Wayne ,9,13,26, 2011-06-11
10, Katy Perry ,8,1,27, 2011-06-11
11, Michael Jackson ,10,13,27, 2011-06-11
12, Nicki Minaj ,11,13,27, 2011-06-11
13, Avril Lavigne ,13,1,27, 2011-06-11
14, The Black Eyed Peas ,14,1,27, 2011-06-11
15, Taylor Swift ,17,1,27, 2011-06-11
16, Jennifer Lopez ,18,13,13, 2011-06-11
17, Usher ,22,13,27, 2011-06-11
18, Pitbull ,19,13,25, 2011-06-11
19, Enrique Iglesias ,25,13,27, 2011-06-11
20, Chris Brown ,15,13,25, 2011-06-11
21, Ludacris ,31,13,26, 2011-06-11
22, Britney Spears ,28,1,24, 2011-06-11
23, LMFAO ,21,2,4, 2011-06-11
24, Tiesto ,34,13,27, 2011-06-11
25, Linkin Park ,20,1,27, 2011-06-11
26, Wiz Khalifa ,24,13,24, 2011-06-11
27, David Guetta ,29,13,27, 2011-06-11
28, Selena Gomez ,16,13,27, 2011-06-11
29, Adele ,23,1,17, 2011-06-11
30, Drake ,30,13,25, 2011-06-11
31, 50 Cent ,32,13,27, 2011-06-11
32, Ke$ha ,35,13,27, 2011-06-11
33, Green Day ,38,13,27, 2011-06-11
34, Bob Marley ,12,13,25, 2011-06-11
35, deadmau5 ,27,13,8, 2011-06-11
36, Kanye West ,39,1,19, 2011-06-11
37, Christina Grimmie ,49,13,23, 2011-06-11
38, Coldplay ,40,1,27, 2011-06-11
39, Snoop Dogg ,26,13,25, 2011-06-11
40, Daft Punk ,120,13,9, 2011-06-11
41, Avenged Sevenfold ,43,13,8, 2011-06-11
42, Slipknot ,120,13,1, 2011-06-11
43, Guns N' Roses ,46,13,11, 2011-06-11
44, Demi Lovato ,42,13,21, 2011-06-11
45, Beastie Boys ,37,16,5, 2011-06-11
46, Thirty Seconds To Mars ,120,30,16, 2011-06-11
47, Ben Harper ,120,13,1, 2011-06-11
48, Kid Cudi ,120,11,3, 2011-06-11
49, My Chemical Romance ,120,13,22, 2011-06-11
50, Bruno Mars ,120,1,16, 2011-06-11
1, Lady Gaga ,1,1,26, 2011-06-04
2, Justin Bieber ,2,1,26, 2011-06-04
3, Rihanna ,3,1,26, 2011-06-04
4, Shakira ,4,13,26, 2011-06-04
5, Akon ,6,2,26, 2011-06-04
6, Eminem ,5,13,26, 2011-06-04
7, Beyonce ,8,1,26, 2011-06-04
8, Katy Perry ,7,1,26, 2011-06-04
9, Lil Wayne ,10,13,25, 2011-06-04
10, Michael Jackson ,21,13,26, 2011-06-04
11, Nicki Minaj ,9,13,26, 2011-06-04
12, Bob Marley ,19,13,24, 2011-06-04
13, Avril Lavigne ,12,1,26, 2011-06-04
14, The Black Eyed Peas ,16,1,26, 2011-06-04
15, Chris Brown ,13,13,24, 2011-06-04
16, Selena Gomez ,18,13,26, 2011-06-04
17, Taylor Swift ,17,1,26, 2011-06-04
18, Jennifer Lopez ,14,13,12, 2011-06-04
19, Pitbull ,20,13,24, 2011-06-04
20, Linkin Park ,22,1,26, 2011-06-04
21, LMFAO ,24,2,3, 2011-06-04
22, Usher ,25,13,26, 2011-06-04
23, Adele ,11,1,16, 2011-06-04
24, Wiz Khalifa ,32,13,23, 2011-06-04
25, Enrique Iglesias ,30,13,26, 2011-06-04
26, Snoop Dogg ,28,13,24, 2011-06-04
27, deadmau5 ,15,13,7, 2011-06-04
28, Britney Spears ,26,1,23, 2011-06-04
29, David Guetta ,31,13,26, 2011-06-04
30, Drake ,36,13,24, 2011-06-04
31, Ludacris ,27,13,25, 2011-06-04
32, 50 Cent ,34,13,26, 2011-06-04
33, Don Omar ,29,2,26, 2011-06-04
34, Tiesto ,42,13,26, 2011-06-04
35, Ke$ha ,35,13,26, 2011-06-04
36, Justin Timberlake ,41,1,13, 2011-06-04
37, Beastie Boys ,23,16,4, 2011-06-04
38, Green Day ,38,13,26, 2011-06-04
39, Kanye West ,33,1,18, 2011-06-04
40, Coldplay ,40,1,26, 2011-06-04
41, Alicia Keys ,46,1,19, 2011-06-04
42, Demi Lovato ,44,13,20, 2011-06-04
43, Avenged Sevenfold ,37,13,7, 2011-06-04
44, P!nk ,45,1,24, 2011-06-04
45, Nickelback ,120,1,14, 2011-06-04
46, Guns N' Roses ,50,13,10, 2011-06-04
47, Metallica ,120,1,7, 2011-06-04
48, Fleet Foxes ,120,48,1, 2011-06-04
49, Christina Grimmie ,39,13,22, 2011-06-04
50, Mariah Carey ,120,1,1, 2011-06-04
1, Lady Gaga ,1,1,25, 2011-05-28
2, Justin Bieber ,2,1,25, 2011-05-28
3, Rihanna ,3,1,25, 2011-05-28
4, Shakira ,5,13,25, 2011-05-28
5, Eminem ,4,13,25, 2011-05-28
6, Akon ,6,2,25, 2011-05-28
7, Katy Perry ,7,1,25, 2011-05-28
8, Beyonce ,9,1,25, 2011-05-28
9, Nicki Minaj ,8,13,25, 2011-05-28
10, Lil Wayne ,11,13,24, 2011-05-28
11, Adele ,19,1,15, 2011-05-28
12, Avril Lavigne ,15,1,25, 2011-05-28
13, Chris Brown ,13,13,23, 2011-05-28
14, Jennifer Lopez ,14,13,11, 2011-05-28
15, deadmau5 ,10,13,6, 2011-05-28
16, The Black Eyed Peas ,12,1,25, 2011-05-28
17, Taylor Swift ,17,1,25, 2011-05-28
18, Selena Gomez ,18,13,25, 2011-05-28
19, Bob Marley ,29,13,23, 2011-05-28
20, Pitbull ,27,13,23, 2011-05-28
21, Michael Jackson ,26,13,25, 2011-05-28
22, Linkin Park ,20,1,25, 2011-05-28
23, Beastie Boys ,16,16,3, 2011-05-28
24, LMFAO ,39,2,2, 2011-05-28
25, Usher ,25,13,25, 2011-05-28
26, Britney Spears ,24,1,22, 2011-05-28
27, Ludacris ,30,13,24, 2011-05-28
28, Snoop Dogg ,23,13,23, 2011-05-28
29, Don Omar ,34,2,25, 2011-05-28
30, Enrique Iglesias ,42,13,25, 2011-05-28
31, David Guetta ,21,13,25, 2011-05-28
32, Wiz Khalifa ,22,13,22, 2011-05-28
33, Kanye West ,35,1,17, 2011-05-28
34, 50 Cent ,31,13,25, 2011-05-28
35, Ke$ha ,28,13,25, 2011-05-28
36, Drake ,33,13,23, 2011-05-28
37, Avenged Sevenfold ,44,13,6, 2011-05-28
38, Green Day ,36,13,25, 2011-05-28
39, Christina Grimmie ,120,13,21, 2011-05-28
40, Coldplay ,40,1,25, 2011-05-28
41, Justin Timberlake ,38,1,12, 2011-05-28
42, Tiesto ,32,13,25, 2011-05-28
43, Bruno Mars ,120,1,15, 2011-05-28
44, Demi Lovato ,45,13,19, 2011-05-28
45, P!nk ,41,1,23, 2011-05-28
46, Alicia Keys ,43,1,18, 2011-05-28
47, Thirty Seconds To Mars ,47,30,15, 2011-05-28
48, Daft Punk ,50,13,8, 2011-05-28
49, My Chemical Romance ,46,13,21, 2011-05-28
50, Guns N' Roses ,49,13,9, 2011-05-28
1, Lady Gaga ,2,1,24, 2011-05-21
2, Justin Bieber ,1,1,24, 2011-05-21
3, Rihanna ,3,1,24, 2011-05-21
4, Eminem ,5,13,24, 2011-05-21
5, Shakira ,4,13,24, 2011-05-21
6, Akon ,6,2,24, 2011-05-21
7, Katy Perry ,8,1,24, 2011-05-21
8, Nicki Minaj ,12,13,24, 2011-05-21
9, Beyonce ,9,1,24, 2011-05-21
10, deadmau5 ,27,13,5, 2011-05-21
11, Lil Wayne ,10,13,23, 2011-05-21
12, The Black Eyed Peas ,11,1,24, 2011-05-21
13, Chris Brown ,16,13,22, 2011-05-21
14, Jennifer Lopez ,35,13,10, 2011-05-21
15, Avril Lavigne ,13,1,24, 2011-05-21
16, Beastie Boys ,44,16,2, 2011-05-21
17, Taylor Swift ,15,1,24, 2011-05-21
18, Selena Gomez ,14,13,24, 2011-05-21
19, Adele ,24,1,14, 2011-05-21
20, Linkin Park ,18,1,24, 2011-05-21
21, David Guetta ,23,13,24, 2011-05-21
22, Wiz Khalifa ,22,13,21, 2011-05-21
23, Snoop Dogg ,26,13,22, 2011-05-21
24, Britney Spears ,19,1,21, 2011-05-21
25, Usher ,17,13,24, 2011-05-21
26, Michael Jackson ,20,13,24, 2011-05-21
27, Pitbull ,25,13,22, 2011-05-21
28, Ke$ha ,31,13,24, 2011-05-21
29, Bob Marley ,21,13,22, 2011-05-21
30, Ludacris ,29,13,23, 2011-05-21
31, 50 Cent ,30,13,24, 2011-05-21
32, Tiesto ,32,13,24, 2011-05-21
33, Drake ,28,13,22, 2011-05-21
34, Don Omar ,33,2,24, 2011-05-21
35, Kanye West ,34,1,16, 2011-05-21
36, Green Day ,36,13,24, 2011-05-21
37, Bring Me The Horizon ,41,37,7, 2011-05-21
38, Justin Timberlake ,37,1,11, 2011-05-21
39, LMFAO ,120,2,1, 2011-05-21
40, Coldplay ,45,1,24, 2011-05-21
41, P!nk ,39,1,22, 2011-05-21
42, Enrique Iglesias ,7,13,24, 2011-05-21
43, Alicia Keys ,43,1,17, 2011-05-21
44, Avenged Sevenfold ,120,13,5, 2011-05-21
45, Demi Lovato ,38,13,18, 2011-05-21
46, My Chemical Romance ,47,13,20, 2011-05-21
47, Thirty Seconds To Mars ,120,30,14, 2011-05-21
48, Nickelback ,42,1,13, 2011-05-21
49, Guns N' Roses ,120,13,8, 2011-05-21
50, Daft Punk ,120,13,7, 2011-05-21
1, Justin Bieber ,1,1,23, 2011-05-14
2, Lady Gaga ,2,1,23, 2011-05-14
3, Rihanna ,3,1,23, 2011-05-14
4, Shakira ,4,13,23, 2011-05-14
5, Eminem ,5,13,23, 2011-05-14
6, Akon ,6,2,23, 2011-05-14
7, Enrique Iglesias ,22,13,23, 2011-05-14
8, Katy Perry ,7,1,23, 2011-05-14
9, Beyonce ,14,1,23, 2011-05-14
10, Lil Wayne ,9,13,22, 2011-05-14
11, The Black Eyed Peas ,8,1,23, 2011-05-14
12, Nicki Minaj ,28,13,23, 2011-05-14
13, Avril Lavigne ,13,1,23, 2011-05-14
14, Selena Gomez ,12,13,23, 2011-05-14
15, Taylor Swift ,15,1,23, 2011-05-14
16, Chris Brown ,18,13,21, 2011-05-14
17, Usher ,17,13,23, 2011-05-14
18, Linkin Park ,16,1,23, 2011-05-14
19, Britney Spears ,11,1,20, 2011-05-14
20, Michael Jackson ,19,13,23, 2011-05-14
21, Bob Marley ,20,13,21, 2011-05-14
22, Wiz Khalifa ,33,13,20, 2011-05-14
23, David Guetta ,27,13,23, 2011-05-14
24, Adele ,23,1,13, 2011-05-14
25, Pitbull ,10,13,21, 2011-05-14
26, Snoop Dogg ,24,13,21, 2011-05-14
27, deadmau5 ,32,13,4, 2011-05-14
28, Drake ,29,13,21, 2011-05-14
29, Ludacris ,21,13,22, 2011-05-14
30, 50 Cent ,25,13,23, 2011-05-14
31, Ke$ha ,30,13,23, 2011-05-14
32, Tiesto ,35,13,23, 2011-05-14
33, Don Omar ,41,2,23, 2011-05-14
34, Kanye West ,31,1,15, 2011-05-14
35, Jennifer Lopez ,34,13,9, 2011-05-14
36, Green Day ,37,13,23, 2011-05-14
37, Justin Timberlake ,39,1,10, 2011-05-14
38, Demi Lovato ,38,13,17, 2011-05-14
39, P!nk ,40,1,21, 2011-05-14
40, Christina Grimmie ,36,13,20, 2011-05-14
41, Bring Me The Horizon ,120,37,6, 2011-05-14
42, Nickelback ,42,1,12, 2011-05-14
43, Alicia Keys ,43,1,16, 2011-05-14
44, Beastie Boys ,120,16,1, 2011-05-14
45, Coldplay ,45,1,23, 2011-05-14
46, Soulja Boy ,120,13,3, 2011-05-14
47, My Chemical Romance ,47,13,19, 2011-05-14
48, T.I. ,44,13,11, 2011-05-14
49, The Beatles ,46,13,13, 2011-05-14
50, Glee Cast ,50,15,14, 2011-05-14
1, Justin Bieber ,1,1,22, 2011-05-07
2, Lady Gaga ,2,1,22, 2011-05-07
3, Rihanna ,3,1,22, 2011-05-07
4, Shakira ,6,13,22, 2011-05-07
5, Eminem ,4,13,22, 2011-05-07
6, Akon ,5,2,22, 2011-05-07
7, Katy Perry ,7,1,22, 2011-05-07
8, The Black Eyed Peas ,9,1,22, 2011-05-07
9, Lil Wayne ,8,13,21, 2011-05-07
10, Pitbull ,11,13,20, 2011-05-07
11, Britney Spears ,10,1,19, 2011-05-07
12, Selena Gomez ,15,13,22, 2011-05-07
13, Avril Lavigne ,12,1,22, 2011-05-07
14, Beyonce ,25,1,22, 2011-05-07
15, Taylor Swift ,13,1,22, 2011-05-07
16, Linkin Park ,16,1,22, 2011-05-07
17, Usher ,18,13,22, 2011-05-07
18, Chris Brown ,19,13,20, 2011-05-07
19, Michael Jackson ,20,13,22, 2011-05-07
20, Bob Marley ,21,13,20, 2011-05-07
21, Ludacris ,23,13,21, 2011-05-07
22, Enrique Iglesias ,29,13,22, 2011-05-07
23, Adele ,17,1,12, 2011-05-07
24, Snoop Dogg ,27,13,20, 2011-05-07
25, 50 Cent ,30,13,22, 2011-05-07
26, Paramore ,120,13,11, 2011-05-07
27, David Guetta ,24,13,22, 2011-05-07
28, Nicki Minaj ,22,13,22, 2011-05-07
29, Drake ,28,13,20, 2011-05-07
30, Ke$ha ,34,13,22, 2011-05-07
31, Kanye West ,31,1,14, 2011-05-07
32, deadmau5 ,26,13,3, 2011-05-07
33, Wiz Khalifa ,38,13,19, 2011-05-07
34, Jennifer Lopez ,35,13,8, 2011-05-07
35, Tiesto ,33,13,22, 2011-05-07
36, Christina Grimmie ,14,13,19, 2011-05-07
37, Green Day ,36,13,22, 2011-05-07
38, Demi Lovato ,39,13,16, 2011-05-07
39, Justin Timberlake ,40,1,9, 2011-05-07
40, P!nk ,43,1,20, 2011-05-07
41, Don Omar ,32,2,22, 2011-05-07
42, Nickelback ,41,1,11, 2011-05-07
43, Alicia Keys ,45,1,15, 2011-05-07
44, T.I. ,48,13,10, 2011-05-07
45, Coldplay ,49,1,22, 2011-05-07
46, The Beatles ,120,13,12, 2011-05-07
47, My Chemical Romance ,46,13,18, 2011-05-07
48, Kid Cudi ,120,11,2, 2011-05-07
49, Thirty Seconds To Mars ,120,30,13, 2011-05-07
50, Glee Cast ,120,15,13, 2011-05-07
1, Justin Bieber ,1,1,21, 2011-04-30
2, Lady Gaga ,2,1,21, 2011-04-30
3, Rihanna ,11,1,21, 2011-04-30
4, Eminem ,3,13,21, 2011-04-30
5, Akon ,6,2,21, 2011-04-30
6, Shakira ,4,13,21, 2011-04-30
7, Katy Perry ,5,1,21, 2011-04-30
8, Lil Wayne ,8,13,20, 2011-04-30
9, The Black Eyed Peas ,10,1,21, 2011-04-30
10, Britney Spears ,7,1,18, 2011-04-30
11, Pitbull ,18,13,19, 2011-04-30
12, Avril Lavigne ,12,1,21, 2011-04-30
13, Taylor Swift ,13,1,21, 2011-04-30
14, Christina Grimmie ,32,13,18, 2011-04-30
15, Selena Gomez ,14,13,21, 2011-04-30
16, Linkin Park ,17,1,21, 2011-04-30
17, Adele ,16,1,11, 2011-04-30
18, Usher ,20,13,21, 2011-04-30
19, Chris Brown ,15,13,19, 2011-04-30
20, Michael Jackson ,9,13,21, 2011-04-30
21, Bob Marley ,38,13,19, 2011-04-30
22, Nicki Minaj ,27,13,21, 2011-04-30
23, Ludacris ,22,13,20, 2011-04-30
24, David Guetta ,21,13,21, 2011-04-30
25, Beyonce ,23,1,21, 2011-04-30
26, deadmau5 ,24,13,2, 2011-04-30
27, Snoop Dogg ,31,13,19, 2011-04-30
28, Drake ,25,13,19, 2011-04-30
29, Enrique Iglesias ,30,13,21, 2011-04-30
30, 50 Cent ,28,13,21, 2011-04-30
31, Kanye West ,29,1,13, 2011-04-30
32, Don Omar ,36,2,21, 2011-04-30
33, Tiesto ,26,13,21, 2011-04-30
34, Ke$ha ,35,13,21, 2011-04-30
35, Jennifer Lopez ,33,13,7, 2011-04-30
36, Green Day ,34,13,21, 2011-04-30
37, Rebecca Black ,39,9,5, 2011-04-30
38, Wiz Khalifa ,19,13,18, 2011-04-30
39, Demi Lovato ,46,13,15, 2011-04-30
40, Justin Timberlake ,50,1,8, 2011-04-30
41, Nickelback ,120,1,10, 2011-04-30
42, Bring Me The Horizon ,37,37,5, 2011-04-30
43, P!nk ,41,1,19, 2011-04-30
44, Bruno Mars ,43,1,14, 2011-04-30
45, Alicia Keys ,120,1,14, 2011-04-30
46, My Chemical Romance ,120,13,17, 2011-04-30
47, Metallica ,120,1,6, 2011-04-30
48, T.I. ,120,13,9, 2011-04-30
49, Coldplay ,40,1,21, 2011-04-30
50, Guns N' Roses ,120,13,7, 2011-04-30
1, Justin Bieber ,2,1,20, 2011-04-23
2, Lady Gaga ,1,1,20, 2011-04-23
3, Eminem ,3,13,20, 2011-04-23
4, Shakira ,6,13,20, 2011-04-23
5, Katy Perry ,4,1,20, 2011-04-23
6, Akon ,7,2,20, 2011-04-23
7, Britney Spears ,10,1,17, 2011-04-23
8, Lil Wayne ,8,13,19, 2011-04-23
9, Michael Jackson ,11,13,20, 2011-04-23
10, The Black Eyed Peas ,9,1,20, 2011-04-23
11, Rihanna ,5,1,20, 2011-04-23
12, Avril Lavigne ,13,1,20, 2011-04-23
13, Taylor Swift ,16,1,20, 2011-04-23
14, Selena Gomez ,14,13,20, 2011-04-23
15, Chris Brown ,12,13,18, 2011-04-23
16, Adele ,24,1,10, 2011-04-23
17, Linkin Park ,25,1,20, 2011-04-23
18, Pitbull ,19,13,18, 2011-04-23
19, Wiz Khalifa ,17,13,17, 2011-04-23
20, Usher ,23,13,20, 2011-04-23
21, David Guetta ,21,13,20, 2011-04-23
22, Ludacris ,15,13,19, 2011-04-23
23, Beyonce ,29,1,20, 2011-04-23
24, deadmau5 ,120,13,1, 2011-04-23
25, Drake ,20,13,18, 2011-04-23
26, Tiesto ,34,13,20, 2011-04-23
27, Nicki Minaj ,28,13,20, 2011-04-23
28, 50 Cent ,31,13,20, 2011-04-23
29, Kanye West ,18,1,12, 2011-04-23
30, Enrique Iglesias ,27,13,20, 2011-04-23
31, Snoop Dogg ,30,13,18, 2011-04-23
32, Christina Grimmie ,37,13,17, 2011-04-23
33, Jennifer Lopez ,26,13,6, 2011-04-23
34, Green Day ,35,13,20, 2011-04-23
35, Ke$ha ,32,13,20, 2011-04-23
36, Don Omar ,41,2,20, 2011-04-23
37, Bring Me The Horizon ,40,37,4, 2011-04-23
38, Bob Marley ,36,13,18, 2011-04-23
39, Rebecca Black ,22,9,4, 2011-04-23
40, Coldplay ,39,1,20, 2011-04-23
41, P!nk ,38,1,18, 2011-04-23
42, Radiohead ,33,13,4, 2011-04-23
43, Bruno Mars ,120,1,13, 2011-04-23
44, Sum 41 ,120,13,1, 2011-04-23
45, The Beatles ,120,13,11, 2011-04-23
46, Demi Lovato ,44,13,14, 2011-04-23
47, Thirty Seconds To Mars ,120,30,12, 2011-04-23
48, Thursday ,120,48,1, 2011-04-23
49, Armin Van Buuren ,120,49,1, 2011-04-23
50, Justin Timberlake ,120,1,7, 2011-04-23
1, Lady Gaga ,1,1,19, 2011-04-16
2, Justin Bieber ,2,1,19, 2011-04-16
3, Eminem ,4,13,19, 2011-04-16
4, Katy Perry ,6,1,19, 2011-04-16
5, Rihanna ,3,1,19, 2011-04-16
6, Shakira ,5,13,19, 2011-04-16
7, Akon ,7,2,19, 2011-04-16
8, Lil Wayne ,9,13,18, 2011-04-16
9, The Black Eyed Peas ,10,1,19, 2011-04-16
10, Britney Spears ,14,1,16, 2011-04-16
11, Michael Jackson ,13,13,19, 2011-04-16
12, Chris Brown ,8,13,17, 2011-04-16
13, Avril Lavigne ,15,1,19, 2011-04-16
14, Selena Gomez ,11,13,19, 2011-04-16
15, Ludacris ,19,13,18, 2011-04-16
16, Taylor Swift ,18,1,19, 2011-04-16
17, Wiz Khalifa ,23,13,16, 2011-04-16
18, Kanye West ,40,1,11, 2011-04-16
19, Pitbull ,17,13,17, 2011-04-16
20, Drake ,21,13,17, 2011-04-16
21, David Guetta ,26,13,19, 2011-04-16
22, Rebecca Black ,12,9,3, 2011-04-16
23, Usher ,16,13,19, 2011-04-16
24, Adele ,28,1,9, 2011-04-16
25, Linkin Park ,22,1,19, 2011-04-16
26, Jennifer Lopez ,30,13,5, 2011-04-16
27, Enrique Iglesias ,29,13,19, 2011-04-16
28, Nicki Minaj ,24,13,19, 2011-04-16
29, Beyonce ,20,1,19, 2011-04-16
30, Snoop Dogg ,25,13,17, 2011-04-16
31, 50 Cent ,27,13,19, 2011-04-16
32, Ke$ha ,31,13,19, 2011-04-16
33, Radiohead ,120,13,3, 2011-04-16
34, Tiesto ,44,13,19, 2011-04-16
35, Green Day ,33,13,19, 2011-04-16
36, Bob Marley ,37,13,17, 2011-04-16
37, Christina Grimmie ,120,13,16, 2011-04-16
38, P!nk ,41,1,17, 2011-04-16
39, Coldplay ,50,1,19, 2011-04-16
40, Bring Me The Horizon ,43,37,3, 2011-04-16
41, Don Omar ,35,2,19, 2011-04-16
42, Wisin & Yandel ,49,41,6, 2011-04-16
43, Justice ,120,43,1, 2011-04-16
44, Demi Lovato ,39,13,13, 2011-04-16
45, Miley Cyrus ,38,1,5, 2011-04-16
46, Jessie J ,120,21,2, 2011-04-16
47, Boyce Avenue ,120,8,8, 2011-04-16
48, Dr. Dre ,120,13,5, 2011-04-16
49, Guns N' Roses ,42,13,6, 2011-04-16
50, Pink Floyd ,120,1,1, 2011-04-16
1, Lady Gaga ,1,1,18, 2011-04-09
2, Justin Bieber ,2,1,18, 2011-04-09
3, Rihanna ,3,1,18, 2011-04-09
4, Eminem ,4,13,18, 2011-04-09
5, Shakira ,5,13,18, 2011-04-09
6, Katy Perry ,10,1,18, 2011-04-09
7, Akon ,7,2,18, 2011-04-09
8, Chris Brown ,13,13,16, 2011-04-09
9, Lil Wayne ,15,13,17, 2011-04-09
10, The Black Eyed Peas ,21,1,18, 2011-04-09
11, Selena Gomez ,8,13,18, 2011-04-09
12, Rebecca Black ,9,9,2, 2011-04-09
13, Michael Jackson ,14,13,18, 2011-04-09
14, Britney Spears ,18,1,15, 2011-04-09
15, Avril Lavigne ,22,1,18, 2011-04-09
16, Usher ,25,13,18, 2011-04-09
17, Pitbull ,27,13,16, 2011-04-09
18, Taylor Swift ,28,1,18, 2011-04-09
19, Ludacris ,6,13,17, 2011-04-09
20, Beyonce ,19,1,18, 2011-04-09
21, Drake ,20,13,16, 2011-04-09
22, Linkin Park ,16,1,18, 2011-04-09
23, Wiz Khalifa ,17,13,15, 2011-04-09
24, Nicki Minaj ,12,13,18, 2011-04-09
25, Snoop Dogg ,29,13,16, 2011-04-09
26, David Guetta ,26,13,18, 2011-04-09
27, 50 Cent ,30,13,18, 2011-04-09
28, Adele ,11,1,8, 2011-04-09
29, Enrique Iglesias ,32,13,18, 2011-04-09
30, Jennifer Lopez ,45,13,4, 2011-04-09
31, Ke$ha ,37,13,18, 2011-04-09
32, Justin Timberlake ,34,1,6, 2011-04-09
33, Green Day ,36,13,18, 2011-04-09
34, Bon Jovi ,39,1,9, 2011-04-09
35, Don Omar ,24,2,18, 2011-04-09
36, Nickelback ,33,1,9, 2011-04-09
37, Bob Marley ,120,13,16, 2011-04-09
38, Miley Cyrus ,120,1,4, 2011-04-09
39, Demi Lovato ,41,13,12, 2011-04-09
40, Kanye West ,120,1,10, 2011-04-09
41, P!nk ,120,1,16, 2011-04-09
42, Guns N' Roses ,47,13,5, 2011-04-09
43, Bring Me The Horizon ,38,37,2, 2011-04-09
44, Tiesto ,31,13,18, 2011-04-09
45, Metallica ,120,1,5, 2011-04-09
46, T.I. ,42,13,8, 2011-04-09
47, Alicia Keys ,120,1,13, 2011-04-09
48, Tyler Ward ,40,14,16, 2011-04-09
49, Wisin & Yandel ,120,41,5, 2011-04-09
50, Coldplay ,43,1,18, 2011-04-09
1, Lady Gaga ,1,1,17, 2011-04-02
2, Justin Bieber ,2,1,17, 2011-04-02
3, Rihanna ,3,1,17, 2011-04-02
4, Eminem ,4,13,17, 2011-04-02
5, Shakira ,5,13,17, 2011-04-02
6, Ludacris ,13,13,16, 2011-04-02
7, Akon ,6,2,17, 2011-04-02
8, Selena Gomez ,14,13,17, 2011-04-02
9, Rebecca Black ,120,9,1, 2011-04-02
10, Katy Perry ,7,1,17, 2011-04-02
11, Adele ,21,1,7, 2011-04-02
12, Nicki Minaj ,25,13,17, 2011-04-02
13, Chris Brown ,19,13,15, 2011-04-02
14, Michael Jackson ,10,13,17, 2011-04-02
15, Lil Wayne ,17,13,16, 2011-04-02
16, Linkin Park ,18,1,17, 2011-04-02
17, Wiz Khalifa ,27,13,14, 2011-04-02
18, Britney Spears ,28,1,14, 2011-04-02
19, Beyonce ,22,1,17, 2011-04-02
20, Drake ,23,13,15, 2011-04-02
21, The Black Eyed Peas ,11,1,17, 2011-04-02
22, Avril Lavigne ,9,1,17, 2011-04-02
23, The xx ,35,13,3, 2011-04-02
24, Don Omar ,30,2,17, 2011-04-02
25, Usher ,15,13,17, 2011-04-02
26, David Guetta ,29,13,17, 2011-04-02
27, Pitbull ,12,13,15, 2011-04-02
28, Taylor Swift ,16,1,17, 2011-04-02
29, Snoop Dogg ,32,13,15, 2011-04-02
30, 50 Cent ,26,13,17, 2011-04-02
31, Tiesto ,44,13,17, 2011-04-02
32, Enrique Iglesias ,20,13,17, 2011-04-02
33, Nickelback ,41,1,8, 2011-04-02
34, Justin Timberlake ,38,1,5, 2011-04-02
35, Christina Grimmie ,120,13,15, 2011-04-02
36, Green Day ,33,13,17, 2011-04-02
37, Ke$ha ,31,13,17, 2011-04-02
38, Bring Me The Horizon ,120,37,1, 2011-04-02
39, Bon Jovi ,40,1,8, 2011-04-02
40, Tyler Ward ,43,14,15, 2011-04-02
41, Demi Lovato ,49,13,11, 2011-04-02
42, T.I. ,120,13,7, 2011-04-02
43, Coldplay ,37,1,17, 2011-04-02
44, My Chemical Romance ,120,13,16, 2011-04-02
45, Jennifer Lopez ,24,13,3, 2011-04-02
46, Bruno Mars ,120,1,12, 2011-04-02
47, Guns N' Roses ,50,13,4, 2011-04-02
48, Rise Against ,120,13,3, 2011-04-02
49, Thirty Seconds To Mars ,120,30,11, 2011-04-02
50, Dr. Dre ,120,13,4, 2011-04-02
1, Lady Gaga ,1,1,16, 2011-03-26
2, Justin Bieber ,2,1,16, 2011-03-26
3, Rihanna ,3,1,16, 2011-03-26
4, Eminem ,4,13,16, 2011-03-26
5, Shakira ,5,13,16, 2011-03-26
6, Akon ,10,2,16, 2011-03-26
7, Katy Perry ,6,1,16, 2011-03-26
8, Jamie Lynn Noon ,12,8,14, 2011-03-26
9, Avril Lavigne ,9,1,16, 2011-03-26
10, Michael Jackson ,13,13,16, 2011-03-26
11, The Black Eyed Peas ,7,1,16, 2011-03-26
12, Pitbull ,20,13,14, 2011-03-26
13, Ludacris ,8,13,15, 2011-03-26
14, Selena Gomez ,23,13,16, 2011-03-26
15, Usher ,11,13,16, 2011-03-26
16, Taylor Swift ,17,1,16, 2011-03-26
17, Lil Wayne ,29,13,15, 2011-03-26
18, Linkin Park ,15,1,16, 2011-03-26
19, Chris Brown ,14,13,14, 2011-03-26
20, Enrique Iglesias ,28,13,16, 2011-03-26
21, Adele ,21,1,6, 2011-03-26
22, Beyonce ,16,1,16, 2011-03-26
23, Drake ,19,13,14, 2011-03-26
24, Jennifer Lopez ,31,13,2, 2011-03-26
25, Nicki Minaj ,22,13,16, 2011-03-26
26, 50 Cent ,18,13,16, 2011-03-26
27, Wiz Khalifa ,32,13,13, 2011-03-26
28, Britney Spears ,30,1,13, 2011-03-26
29, David Guetta ,27,13,16, 2011-03-26
30, Don Omar ,26,2,16, 2011-03-26
31, Ke$ha ,25,13,16, 2011-03-26
32, Snoop Dogg ,43,13,14, 2011-03-26
33, Green Day ,33,13,16, 2011-03-26
34, P!nk ,36,1,15, 2011-03-26
35, The xx ,42,13,2, 2011-03-26
36, Kanye West ,37,1,9, 2011-03-26
37, Coldplay ,35,1,16, 2011-03-26
38, Justin Timberlake ,41,1,4, 2011-03-26
39, Bob Marley ,24,13,15, 2011-03-26
40, Bon Jovi ,49,1,7, 2011-03-26
41, Nickelback ,38,1,7, 2011-03-26
42, Nelly ,120,42,5, 2011-03-26
43, Tyler Ward ,120,14,14, 2011-03-26
44, Tiesto ,34,13,16, 2011-03-26
45, Wisin & Yandel ,46,41,4, 2011-03-26
46, Alicia Keys ,39,1,12, 2011-03-26
47, Miley Cyrus ,120,1,3, 2011-03-26
48, Willow ,50,37,5, 2011-03-26
49, Demi Lovato ,120,13,10, 2011-03-26
50, Guns N' Roses ,47,13,3, 2011-03-26
1, Lady Gaga ,2,1,15, 2011-03-19
2, Justin Bieber ,1,1,15, 2011-03-19
3, Rihanna ,3,1,15, 2011-03-19
4, Eminem ,4,13,15, 2011-03-19
5, Shakira ,8,13,15, 2011-03-19
6, Katy Perry ,5,1,15, 2011-03-19
7, The Black Eyed Peas ,6,1,15, 2011-03-19
8, Ludacris ,14,13,14, 2011-03-19
9, Avril Lavigne ,11,1,15, 2011-03-19
10, Akon ,7,2,15, 2011-03-19
11, Usher ,12,13,15, 2011-03-19
12, Jamie Lynn Noon ,18,8,13, 2011-03-19
13, Michael Jackson ,28,13,15, 2011-03-19
14, Chris Brown ,27,13,13, 2011-03-19
15, Linkin Park ,10,1,15, 2011-03-19
16, Beyonce ,33,1,15, 2011-03-19
17, Taylor Swift ,9,1,15, 2011-03-19
18, 50 Cent ,20,13,15, 2011-03-19
19, Drake ,19,13,13, 2011-03-19
20, Pitbull ,42,13,13, 2011-03-19
21, Adele ,23,1,5, 2011-03-19
22, Nicki Minaj ,15,13,15, 2011-03-19
23, Selena Gomez ,13,13,15, 2011-03-19
24, Bob Marley ,22,13,14, 2011-03-19
25, Ke$ha ,34,13,15, 2011-03-19
26, Don Omar ,17,2,15, 2011-03-19
27, David Guetta ,16,13,15, 2011-03-19
28, Enrique Iglesias ,24,13,15, 2011-03-19
29, Lil Wayne ,26,13,14, 2011-03-19
30, Britney Spears ,25,1,12, 2011-03-19
31, Jennifer Lopez ,120,13,1, 2011-03-19
32, Wiz Khalifa ,21,13,12, 2011-03-19
33, Green Day ,31,13,15, 2011-03-19
34, Tiesto ,41,13,15, 2011-03-19
35, Coldplay ,32,1,15, 2011-03-19
36, P!nk ,38,1,14, 2011-03-19
37, Kanye West ,36,1,8, 2011-03-19
38, Nickelback ,45,1,6, 2011-03-19
39, Alicia Keys ,39,1,11, 2011-03-19
40, Nirvana ,120,13,1, 2011-03-19
41, Justin Timberlake ,120,1,3, 2011-03-19
42, The xx ,120,13,1, 2011-03-19
43, Snoop Dogg ,37,13,13, 2011-03-19
44, Dr. Dre ,120,13,3, 2011-03-19
45, My Chemical Romance ,49,13,15, 2011-03-19
46, Wisin & Yandel ,47,41,3, 2011-03-19
47, Guns N' Roses ,120,13,2, 2011-03-19
48, Kid Cudi ,120,11,1, 2011-03-19
49, Bon Jovi ,120,1,6, 2011-03-19
50, Willow ,120,37,4, 2011-03-19
1, Justin Bieber ,1,1,14, 2011-03-12
2, Lady Gaga ,2,1,14, 2011-03-12
3, Rihanna ,3,1,14, 2011-03-12
4, Eminem ,5,13,14, 2011-03-12
5, Katy Perry ,7,1,14, 2011-03-12
6, The Black Eyed Peas ,8,1,14, 2011-03-12
7, Akon ,6,2,14, 2011-03-12
8, Shakira ,11,13,14, 2011-03-12
9, Taylor Swift ,13,1,14, 2011-03-12
10, Linkin Park ,10,1,14, 2011-03-12
11, Avril Lavigne ,16,1,14, 2011-03-12
12, Usher ,17,13,14, 2011-03-12
13, Selena Gomez ,12,13,14, 2011-03-12
14, Ludacris ,9,13,13, 2011-03-12
15, Nicki Minaj ,4,13,14, 2011-03-12
16, David Guetta ,14,13,14, 2011-03-12
17, Don Omar ,19,2,14, 2011-03-12
18, Jamie Lynn Noon ,15,8,12, 2011-03-12
19, Drake ,20,13,12, 2011-03-12
20, 50 Cent ,23,13,14, 2011-03-12
21, Wiz Khalifa ,18,13,11, 2011-03-12
22, Bob Marley ,22,13,13, 2011-03-12
23, Adele ,37,1,4, 2011-03-12
24, Enrique Iglesias ,28,13,14, 2011-03-12
25, Britney Spears ,30,1,11, 2011-03-12
26, Lil Wayne ,26,13,13, 2011-03-12
27, Chris Brown ,25,13,12, 2011-03-12
28, Michael Jackson ,24,13,14, 2011-03-12
29, Radiohead ,21,13,2, 2011-03-12
30, Tyler Ward ,27,14,13, 2011-03-12
31, Green Day ,29,13,14, 2011-03-12
32, Coldplay ,34,1,14, 2011-03-12
33, Beyonce ,33,1,14, 2011-03-12
34, Ke$ha ,31,13,14, 2011-03-12
35, Christina Grimmie ,32,13,14, 2011-03-12
36, Kanye West ,120,1,7, 2011-03-12
37, Snoop Dogg ,45,13,12, 2011-03-12
38, P!nk ,41,1,13, 2011-03-12
39, Alicia Keys ,36,1,10, 2011-03-12
40, Bruno Mars ,46,1,11, 2011-03-12
41, Tiesto ,39,13,14, 2011-03-12
42, Pitbull ,44,13,12, 2011-03-12
43, Boyce Avenue ,38,8,7, 2011-03-12
44, Maroon 5 ,120,1,2, 2011-03-12
45, Nickelback ,35,1,5, 2011-03-12
46, Demi Lovato ,48,13,9, 2011-03-12
47, Wisin & Yandel ,120,41,2, 2011-03-12
48, Thirty Seconds To Mars ,120,30,10, 2011-03-12
49, My Chemical Romance ,49,13,14, 2011-03-12
50, Jonas Brothers ,50,42,8, 2011-03-12
1, Justin Bieber ,3,1,13, 2011-03-05
2, Lady Gaga ,1,1,13, 2011-03-05
3, Rihanna ,2,1,13, 2011-03-05
4, Nicki Minaj ,15,13,13, 2011-03-05
5, Eminem ,5,13,13, 2011-03-05
6, Akon ,6,2,13, 2011-03-05
7, Katy Perry ,7,1,13, 2011-03-05
8, The Black Eyed Peas ,19,1,13, 2011-03-05
9, Ludacris ,21,13,12, 2011-03-05
10, Linkin Park ,9,1,13, 2011-03-05
11, Shakira ,4,13,13, 2011-03-05
12, Selena Gomez ,10,13,13, 2011-03-05
13, Taylor Swift ,11,1,13, 2011-03-05
14, David Guetta ,17,13,13, 2011-03-05
15, Jamie Lynn Noon ,18,8,11, 2011-03-05
16, Avril Lavigne ,13,1,13, 2011-03-05
17, Usher ,12,13,13, 2011-03-05
18, Wiz Khalifa ,14,13,10, 2011-03-05
19, Don Omar ,20,2,13, 2011-03-05
20, Drake ,120,13,11, 2011-03-05
21, Radiohead ,120,13,1, 2011-03-05
22, Bob Marley ,29,13,12, 2011-03-05
23, 50 Cent ,22,13,13, 2011-03-05
24, Michael Jackson ,8,13,13, 2011-03-05
25, Chris Brown ,28,13,11, 2011-03-05
26, Lil Wayne ,16,13,12, 2011-03-05
27, Tyler Ward ,30,14,12, 2011-03-05
28, Enrique Iglesias ,27,13,13, 2011-03-05
29, Green Day ,35,13,13, 2011-03-05
30, Britney Spears ,34,1,10, 2011-03-05
31, Ke$ha ,33,13,13, 2011-03-05
32, Christina Grimmie ,23,13,13, 2011-03-05
33, Beyonce ,25,1,13, 2011-03-05
34, Coldplay ,32,1,13, 2011-03-05
35, Nickelback ,38,1,4, 2011-03-05
36, Alicia Keys ,37,1,9, 2011-03-05
37, Adele ,46,1,3, 2011-03-05
38, Boyce Avenue ,31,8,6, 2011-03-05
39, Tiesto ,24,13,13, 2011-03-05
40, Paramore ,41,13,10, 2011-03-05
41, P!nk ,36,1,12, 2011-03-05
42, Metallica ,39,1,4, 2011-03-05
43, Muse ,43,4,6, 2011-03-05
44, Pitbull ,42,13,11, 2011-03-05
45, Snoop Dogg ,48,13,11, 2011-03-05
46, Bruno Mars ,120,1,10, 2011-03-05
47, Jessie J ,120,21,1, 2011-03-05
48, Demi Lovato ,47,13,8, 2011-03-05
49, My Chemical Romance ,40,13,13, 2011-03-05
50, Jonas Brothers ,50,42,7, 2011-03-05
1, Lady Gaga ,3,1,12, 2011-02-26
2, Rihanna ,1,1,12, 2011-02-26
3, Justin Bieber ,5,1,12, 2011-02-26
4, Shakira ,4,13,12, 2011-02-26
5, Eminem ,6,13,12, 2011-02-26
6, Akon ,2,2,12, 2011-02-26
7, Katy Perry ,8,1,12, 2011-02-26
8, Michael Jackson ,9,13,12, 2011-02-26
9, Linkin Park ,10,1,12, 2011-02-26
10, Selena Gomez ,13,13,12, 2011-02-26
11, Taylor Swift ,12,1,12, 2011-02-26
12, Usher ,19,13,12, 2011-02-26
13, Avril Lavigne ,11,1,12, 2011-02-26
14, Wiz Khalifa ,35,13,9, 2011-02-26
15, Nicki Minaj ,7,13,12, 2011-02-26
16, Lil Wayne ,14,13,11, 2011-02-26
17, David Guetta ,15,13,12, 2011-02-26
18, Jamie Lynn Noon ,21,8,10, 2011-02-26
19, The Black Eyed Peas ,17,1,12, 2011-02-26
20, Don Omar ,16,2,12, 2011-02-26
21, Ludacris ,20,13,11, 2011-02-26
22, 50 Cent ,25,13,12, 2011-02-26
23, Christina Grimmie ,23,13,12, 2011-02-26
24, Tiesto ,24,13,12, 2011-02-26
25, Beyonce ,26,1,12, 2011-02-26
26, Glee Cast ,41,15,12, 2011-02-26
27, Enrique Iglesias ,22,13,12, 2011-02-26
28, Chris Brown ,31,13,10, 2011-02-26
29, Bob Marley ,28,13,11, 2011-02-26
30, Tyler Ward ,30,14,11, 2011-02-26
31, Boyce Avenue ,32,8,5, 2011-02-26
32, Coldplay ,33,1,12, 2011-02-26
33, Ke$ha ,27,13,12, 2011-02-26
34, Britney Spears ,34,1,9, 2011-02-26
35, Green Day ,29,13,12, 2011-02-26
36, P!nk ,36,1,11, 2011-02-26
37, Alicia Keys ,37,1,8, 2011-02-26
38, Nickelback ,120,1,3, 2011-02-26
39, Metallica ,39,1,3, 2011-02-26
40, My Chemical Romance ,40,13,12, 2011-02-26
41, Paramore ,38,13,9, 2011-02-26
42, Pitbull ,47,13,10, 2011-02-26
43, Muse ,48,4,5, 2011-02-26
44, T.I. ,120,13,6, 2011-02-26
45, Maroon 5 ,120,1,1, 2011-02-26
46, Adele ,120,1,2, 2011-02-26
47, Demi Lovato ,46,13,7, 2011-02-26
48, Snoop Dogg ,45,13,10, 2011-02-26
49, Daft Punk ,120,13,6, 2011-02-26
50, Jonas Brothers ,42,50,6, 2011-02-26
1, Rihanna ,2,1,11, 2011-02-19
2, Akon ,3,2,11, 2011-02-19
3, Lady Gaga ,4,1,11, 2011-02-19
4, Shakira ,5,13,11, 2011-02-19
5, Justin Bieber ,1,1,11, 2011-02-19
6, Eminem ,7,13,11, 2011-02-19
7, Nicki Minaj ,13,13,11, 2011-02-19
8, Katy Perry ,6,1,11, 2011-02-19
9, Michael Jackson ,10,13,11, 2011-02-19
10, Linkin Park ,12,1,11, 2011-02-19
11, Avril Lavigne ,8,1,11, 2011-02-19
12, Taylor Swift ,9,1,11, 2011-02-19
13, Selena Gomez ,27,13,11, 2011-02-19
14, Lil Wayne ,17,13,10, 2011-02-19
15, David Guetta ,19,13,11, 2011-02-19
16, Don Omar ,23,2,11, 2011-02-19
17, The Black Eyed Peas ,14,1,11, 2011-02-19
18, Drake ,15,13,10, 2011-02-19
19, Usher ,21,13,11, 2011-02-19
20, Ludacris ,11,13,10, 2011-02-19
21, Jamie Lynn Noon ,16,8,9, 2011-02-19
22, Enrique Iglesias ,22,13,11, 2011-02-19
23, Christina Grimmie ,35,13,11, 2011-02-19
24, Tiesto ,26,13,11, 2011-02-19
25, 50 Cent ,25,13,11, 2011-02-19
26, Beyonce ,24,1,11, 2011-02-19
27, Ke$ha ,34,13,11, 2011-02-19
28, Bob Marley ,20,13,10, 2011-02-19
29, Green Day ,29,13,11, 2011-02-19
30, Tyler Ward ,120,14,10, 2011-02-19
31, Chris Brown ,120,13,9, 2011-02-19
32, Boyce Avenue ,31,8,4, 2011-02-19
33, Coldplay ,30,1,11, 2011-02-19
34, Britney Spears ,33,1,8, 2011-02-19
35, Wiz Khalifa ,32,13,8, 2011-02-19
36, P!nk ,43,1,10, 2011-02-19
37, Alicia Keys ,37,1,7, 2011-02-19
38, Paramore ,36,13,8, 2011-02-19
39, Metallica ,120,1,2, 2011-02-19
40, My Chemical Romance ,38,13,11, 2011-02-19
41, Glee Cast ,46,15,11, 2011-02-19
42, Jonas Brothers ,120,42,5, 2011-02-19
43, DJ Bl3nd ,50,13,8, 2011-02-19
44, Thirty Seconds To Mars ,120,30,9, 2011-02-19
45, Snoop Dogg ,42,13,9, 2011-02-19
46, Demi Lovato ,120,13,6, 2011-02-19
47, Pitbull ,120,13,9, 2011-02-19
48, Muse ,120,4,4, 2011-02-19
49, Miley Cyrus ,120,1,2, 2011-02-19
50, Never Shout Never ,120,50,1, 2011-02-19
1, Justin Bieber ,1,1,10, 2011-02-12
2, Rihanna ,2,1,10, 2011-02-12
3, Akon ,3,2,10, 2011-02-12
4, Lady Gaga ,5,1,10, 2011-02-12
5, Shakira ,10,13,10, 2011-02-12
6, Katy Perry ,7,1,10, 2011-02-12
7, Eminem ,8,13,10, 2011-02-12
8, Avril Lavigne ,21,1,10, 2011-02-12
9, Taylor Swift ,14,1,10, 2011-02-12
10, Michael Jackson ,9,13,10, 2011-02-12
11, Ludacris ,12,13,9, 2011-02-12
12, Linkin Park ,11,1,10, 2011-02-12
13, Nicki Minaj ,6,13,10, 2011-02-12
14, The Black Eyed Peas ,4,1,10, 2011-02-12
15, Drake ,16,13,9, 2011-02-12
16, Jamie Lynn Noon ,31,8,8, 2011-02-12
17, Lil Wayne ,20,13,9, 2011-02-12
18, Slayer ,120,18,1, 2011-02-12
19, David Guetta ,18,13,10, 2011-02-12
20, Bob Marley ,37,13,9, 2011-02-12
21, Usher ,23,13,10, 2011-02-12
22, Enrique Iglesias ,15,13,10, 2011-02-12
23, Don Omar ,19,2,10, 2011-02-12
24, Beyonce ,24,1,10, 2011-02-12
25, 50 Cent ,28,13,10, 2011-02-12
26, Tiesto ,22,13,10, 2011-02-12
27, Selena Gomez ,48,13,10, 2011-02-12
28, The Beatles ,32,13,10, 2011-02-12
29, Green Day ,25,13,10, 2011-02-12
30, Coldplay ,29,1,10, 2011-02-12
31, Boyce Avenue ,30,8,3, 2011-02-12
32, Wiz Khalifa ,36,13,7, 2011-02-12
33, Britney Spears ,27,1,7, 2011-02-12
34, Ke$ha ,38,13,10, 2011-02-12
35, Christina Grimmie ,17,13,10, 2011-02-12
36, Paramore ,120,13,7, 2011-02-12
37, Alicia Keys ,43,1,6, 2011-02-12
38, My Chemical Romance ,33,13,10, 2011-02-12
39, T.I. ,120,13,5, 2011-02-12
40, Avenged Sevenfold ,120,13,4, 2011-02-12
41, Wisin & Yandel ,120,41,1, 2011-02-12
42, Snoop Dogg ,50,13,8, 2011-02-12
43, P!nk ,34,1,9, 2011-02-12
44, Adele ,120,1,1, 2011-02-12
45, Bon Jovi ,45,1,5, 2011-02-12
46, Glee Cast ,40,15,10, 2011-02-12
47, Watsky ,13,13,2, 2011-02-12
48, Rise Against ,41,13,2, 2011-02-12
49, Guns N' Roses ,120,13,1, 2011-02-12
50, DJ Bl3nd ,39,13,7, 2011-02-12
1, Justin Bieber ,1,1,9, 2011-02-05
2, Rihanna ,2,1,9, 2011-02-05
3, Akon ,3,2,9, 2011-02-05
4, The Black Eyed Peas ,4,1,9, 2011-02-05
5, Lady Gaga ,5,1,9, 2011-02-05
6, Nicki Minaj ,13,13,9, 2011-02-05
7, Katy Perry ,8,1,9, 2011-02-05
8, Eminem ,6,13,9, 2011-02-05
9, Michael Jackson ,20,13,9, 2011-02-05
10, Shakira ,10,13,9, 2011-02-05
11, Linkin Park ,9,1,9, 2011-02-05
12, Ludacris ,11,13,8, 2011-02-05
13, Watsky ,120,13,1, 2011-02-05
14, Taylor Swift ,7,1,9, 2011-02-05
15, Enrique Iglesias ,17,13,9, 2011-02-05
16, Drake ,15,13,8, 2011-02-05
17, Christina Grimmie ,14,13,9, 2011-02-05
18, David Guetta ,16,13,9, 2011-02-05
19, Don Omar ,12,2,9, 2011-02-05
20, Lil Wayne ,120,13,8, 2011-02-05
21, Avril Lavigne ,24,1,9, 2011-02-05
22, Tiesto ,23,13,9, 2011-02-05
23, Usher ,19,13,9, 2011-02-05
24, Beyonce ,28,1,9, 2011-02-05
25, Green Day ,21,13,9, 2011-02-05
26, Luan Santana ,120,13,1, 2011-02-05
27, Britney Spears ,22,1,6, 2011-02-05
28, 50 Cent ,26,13,9, 2011-02-05
29, Coldplay ,25,1,9, 2011-02-05
30, Boyce Avenue ,34,8,2, 2011-02-05
31, Jamie Lynn Noon ,120,8,7, 2011-02-05
32, The Beatles ,29,13,9, 2011-02-05
33, My Chemical Romance ,32,13,9, 2011-02-05
34, P!nk ,27,1,8, 2011-02-05
35, Tyler Ward ,33,14,9, 2011-02-05
36, Wiz Khalifa ,44,13,6, 2011-02-05
37, Bob Marley ,40,13,8, 2011-02-05
38, Ke$ha ,18,13,9, 2011-02-05
39, DJ Bl3nd ,48,13,6, 2011-02-05
40, Glee Cast ,38,15,9, 2011-02-05
41, Rise Against ,120,13,1, 2011-02-05
42, Bruno Mars ,35,1,9, 2011-02-05
43, Alicia Keys ,39,1,5, 2011-02-05
44, Chris Brown ,30,13,8, 2011-02-05
45, Bon Jovi ,36,1,4, 2011-02-05
46, Kanye West ,46,1,6, 2011-02-05
47, Pitbull ,120,13,8, 2011-02-05
48, Selena Gomez ,45,13,9, 2011-02-05
49, Nickelback ,49,1,2, 2011-02-05
50, Snoop Dogg ,120,13,7, 2011-02-05
1, Justin Bieber ,1,1,8, 2011-01-29
2, Rihanna ,2,1,8, 2011-01-29
3, Akon ,6,2,8, 2011-01-29
4, The Black Eyed Peas ,4,1,8, 2011-01-29
5, Lady Gaga ,3,1,8, 2011-01-29
6, Eminem ,5,13,8, 2011-01-29
7, Taylor Swift ,11,1,8, 2011-01-29
8, Katy Perry ,7,1,8, 2011-01-29
9, Linkin Park ,8,1,8, 2011-01-29
10, Shakira ,9,13,8, 2011-01-29
11, Ludacris ,10,13,7, 2011-01-29
12, Don Omar ,15,2,8, 2011-01-29
13, Nicki Minaj ,17,13,8, 2011-01-29
14, Christina Grimmie ,14,13,8, 2011-01-29
15, Drake ,19,13,7, 2011-01-29
16, David Guetta ,18,13,8, 2011-01-29
17, Enrique Iglesias ,20,13,8, 2011-01-29
18, Ke$ha ,16,13,8, 2011-01-29
19, Usher ,22,13,8, 2011-01-29
20, Michael Jackson ,21,13,8, 2011-01-29
21, Green Day ,25,13,8, 2011-01-29
22, Britney Spears ,43,1,5, 2011-01-29
23, Tiesto ,30,13,8, 2011-01-29
24, Avril Lavigne ,12,1,8, 2011-01-29
25, Coldplay ,27,1,8, 2011-01-29
26, 50 Cent ,24,13,8, 2011-01-29
27, P!nk ,29,1,7, 2011-01-29
28, Beyonce ,26,1,8, 2011-01-29
29, The Beatles ,31,13,8, 2011-01-29
30, Chris Brown ,33,13,7, 2011-01-29
31, Dave Matthews Band ,120,31,1, 2011-01-29
32, My Chemical Romance ,32,13,8, 2011-01-29
33, Tyler Ward ,36,14,8, 2011-01-29
34, Boyce Avenue ,120,8,1, 2011-01-29
35, Bruno Mars ,34,1,8, 2011-01-29
36, Bon Jovi ,37,1,3, 2011-01-29
37, Muse ,38,4,3, 2011-01-29
38, Glee Cast ,42,15,8, 2011-01-29
39, Alicia Keys ,44,1,4, 2011-01-29
40, Bob Marley ,41,13,7, 2011-01-29
41, Thirty Seconds To Mars ,39,30,8, 2011-01-29
42, Madonna ,120,13,1, 2011-01-29
43, Daft Punk ,120,13,5, 2011-01-29
44, Wiz Khalifa ,48,13,5, 2011-01-29
45, Selena Gomez ,28,13,8, 2011-01-29
46, Kanye West ,120,1,5, 2011-01-29
47, Justin Timberlake ,120,1,2, 2011-01-29
48, DJ Bl3nd ,49,13,5, 2011-01-29
49, Nickelback ,120,1,1, 2011-01-29
50, Demi Lovato ,46,13,5, 2011-01-29
1, Justin Bieber ,2,1,7, 2011-01-22
2, Rihanna ,1,1,7, 2011-01-22
3, Lady Gaga ,3,1,7, 2011-01-22
4, The Black Eyed Peas ,4,1,7, 2011-01-22
5, Eminem ,5,13,7, 2011-01-22
6, Akon ,9,2,7, 2011-01-22
7, Katy Perry ,7,1,7, 2011-01-22
8, Linkin Park ,8,1,7, 2011-01-22
9, Shakira ,10,13,7, 2011-01-22
10, Ludacris ,15,13,6, 2011-01-22
11, Taylor Swift ,13,1,7, 2011-01-22
12, Avril Lavigne ,16,1,7, 2011-01-22
13, Lil Wayne ,11,13,7, 2011-01-22
14, Christina Grimmie ,24,13,7, 2011-01-22
15, Don Omar ,29,2,7, 2011-01-22
16, Ke$ha ,12,13,7, 2011-01-22
17, Nicki Minaj ,14,13,7, 2011-01-22
18, David Guetta ,19,13,7, 2011-01-22
19, Drake ,17,13,6, 2011-01-22
20, Enrique Iglesias ,22,13,7, 2011-01-22
21, Michael Jackson ,6,13,7, 2011-01-22
22, Usher ,20,13,7, 2011-01-22
23, Snoop Dogg ,50,13,6, 2011-01-22
24, 50 Cent ,18,13,7, 2011-01-22
25, Green Day ,26,13,7, 2011-01-22
26, Beyonce ,25,1,7, 2011-01-22
27, Coldplay ,32,1,7, 2011-01-22
28, Selena Gomez ,31,13,7, 2011-01-22
29, P!nk ,27,1,6, 2011-01-22
30, Tiesto ,28,13,7, 2011-01-22
31, The Beatles ,30,13,7, 2011-01-22
32, My Chemical Romance ,34,13,7, 2011-01-22
33, Chris Brown ,21,13,6, 2011-01-22
34, Bruno Mars ,33,1,7, 2011-01-22
35, Jamie Lynn Noon ,23,8,6, 2011-01-22
36, Tyler Ward ,38,14,7, 2011-01-22
37, Bon Jovi ,120,1,2, 2011-01-22
38, Muse ,41,4,2, 2011-01-22
39, Thirty Seconds To Mars ,46,30,7, 2011-01-22
40, Paramore ,36,13,6, 2011-01-22
41, Bob Marley ,43,13,6, 2011-01-22
42, Glee Cast ,35,15,7, 2011-01-22
43, Britney Spears ,49,1,4, 2011-01-22
44, Alicia Keys ,40,1,3, 2011-01-22
45, Jonas Brothers ,42,42,4, 2011-01-22
46, Demi Lovato ,120,13,4, 2011-01-22
47, Pitbull ,47,13,7, 2011-01-22
48, Wiz Khalifa ,120,13,4, 2011-01-22
49, DJ Bl3nd ,39,13,4, 2011-01-22
50, Nelly ,44,42,4, 2011-01-22
1, Rihanna ,1,1,6, 2011-01-15
2, Justin Bieber ,2,1,6, 2011-01-15
3, Lady Gaga ,3,1,6, 2011-01-15
4, The Black Eyed Peas ,4,1,6, 2011-01-15
5, Eminem ,5,13,6, 2011-01-15
6, Michael Jackson ,8,13,6, 2011-01-15
7, Katy Perry ,10,1,6, 2011-01-15
8, Linkin Park ,9,1,6, 2011-01-15
9, Akon ,6,2,6, 2011-01-15
10, Shakira ,13,13,6, 2011-01-15
11, Lil Wayne ,15,13,6, 2011-01-15
12, Ke$ha ,14,13,6, 2011-01-15
13, Taylor Swift ,12,1,6, 2011-01-15
14, Nicki Minaj ,11,13,6, 2011-01-15
15, Ludacris ,16,13,5, 2011-01-15
16, Avril Lavigne ,26,1,6, 2011-01-15
17, Drake ,17,13,5, 2011-01-15
18, 50 Cent ,22,13,6, 2011-01-15
19, David Guetta ,18,13,6, 2011-01-15
20, Usher ,21,13,6, 2011-01-15
21, Chris Brown ,33,13,5, 2011-01-15
22, Enrique Iglesias ,7,13,6, 2011-01-15
23, Jamie Lynn Noon ,24,8,5, 2011-01-15
24, Christina Grimmie ,20,13,6, 2011-01-15
25, Beyonce ,34,1,6, 2011-01-15
26, Green Day ,28,13,6, 2011-01-15
27, P!nk ,120,1,5, 2011-01-15
28, Tiesto ,31,13,6, 2011-01-15
29, Don Omar ,19,2,6, 2011-01-15
30, The Beatles ,43,13,6, 2011-01-15
31, Selena Gomez ,41,13,6, 2011-01-15
32, Coldplay ,25,1,6, 2011-01-15
33, Bruno Mars ,32,1,6, 2011-01-15
34, My Chemical Romance ,30,13,6, 2011-01-15
35, Glee Cast ,27,15,6, 2011-01-15
36, Paramore ,120,13,5, 2011-01-15
37, Willow ,47,37,3, 2011-01-15
38, Tyler Ward ,23,14,6, 2011-01-15
39, DJ Bl3nd ,40,13,3, 2011-01-15
40, Alicia Keys ,120,1,2, 2011-01-15
41, Muse ,120,4,1, 2011-01-15
42, Jonas Brothers ,48,42,3, 2011-01-15
43, Bob Marley ,120,13,5, 2011-01-15
44, Nelly ,120,42,3, 2011-01-15
45, Daft Punk ,37,13,4, 2011-01-15
46, Thirty Seconds To Mars ,39,30,6, 2011-01-15
47, Pitbull ,49,13,6, 2011-01-15
48, Miley Cyrus ,120,1,1, 2011-01-15
49, Britney Spears ,120,1,3, 2011-01-15
50, Snoop Dogg ,45,13,5, 2011-01-15
1, Rihanna ,1,1,5, 2011-01-08
2, Justin Bieber ,3,1,5, 2011-01-08
3, Lady Gaga ,6,1,5, 2011-01-08
4, The Black Eyed Peas ,4,1,5, 2011-01-08
5, Eminem ,5,13,5, 2011-01-08
6, Akon ,7,2,5, 2011-01-08
7, Enrique Iglesias ,21,13,5, 2011-01-08
8, Michael Jackson ,9,13,5, 2011-01-08
9, Linkin Park ,10,1,5, 2011-01-08
10, Katy Perry ,8,1,5, 2011-01-08
11, Nicki Minaj ,11,13,5, 2011-01-08
12, Taylor Swift ,14,1,5, 2011-01-08
13, Shakira ,12,13,5, 2011-01-08
14, Ke$ha ,15,13,5, 2011-01-08
15, Lil Wayne ,13,13,5, 2011-01-08
16, Ludacris ,17,13,4, 2011-01-08
17, Drake ,16,13,4, 2011-01-08
18, David Guetta ,23,13,5, 2011-01-08
19, Don Omar ,2,2,5, 2011-01-08
20, Christina Grimmie ,30,13,5, 2011-01-08
21, Usher ,18,13,5, 2011-01-08
22, 50 Cent ,25,13,5, 2011-01-08
23, Tyler Ward ,31,14,5, 2011-01-08
24, Jamie Lynn Noon ,28,8,4, 2011-01-08
25, Coldplay ,27,1,5, 2011-01-08
26, Avril Lavigne ,20,1,5, 2011-01-08
27, Glee Cast ,22,15,5, 2011-01-08
28, Green Day ,19,13,5, 2011-01-08
29, Pomplamoose ,120,29,1, 2011-01-08
30, My Chemical Romance ,32,13,5, 2011-01-08
31, Tiesto ,33,13,5, 2011-01-08
32, Bruno Mars ,24,1,5, 2011-01-08
33, Chris Brown ,41,13,4, 2011-01-08
34, Beyonce ,26,1,5, 2011-01-08
35, Keri Hilson ,120,35,1, 2011-01-08
36, Dr. Dre ,35,13,2, 2011-01-08
37, Daft Punk ,50,13,3, 2011-01-08
38, Flo Rida ,120,13,2, 2011-01-08
39, Thirty Seconds To Mars ,34,30,5, 2011-01-08
40, DJ Bl3nd ,36,13,2, 2011-01-08
41, Selena Gomez ,39,13,5, 2011-01-08
42, Cascada ,120,42,1, 2011-01-08
43, The Beatles ,29,13,5, 2011-01-08
44, Demi Lovato ,120,13,3, 2011-01-08
45, Snoop Dogg ,43,13,4, 2011-01-08
46, Trey Songz ,37,13,5, 2011-01-08
47, Willow ,47,37,2, 2011-01-08
48, Jonas Brothers ,120,42,2, 2011-01-08
49, Pitbull ,40,13,5, 2011-01-08
50, Avenged Sevenfold ,120,13,3, 2011-01-08
1, Rihanna ,2,1,4, 2011-01-01
2, Don Omar ,19,2,4, 2011-01-01
3, Justin Bieber ,3,1,4, 2011-01-01
4, The Black Eyed Peas ,1,1,4, 2011-01-01
5, Eminem ,4,13,4, 2011-01-01
6, Lady Gaga ,5,1,4, 2011-01-01
7, Akon ,16,2,4, 2011-01-01
8, Katy Perry ,6,1,4, 2011-01-01
9, Michael Jackson ,10,13,4, 2011-01-01
10, Linkin Park ,8,1,4, 2011-01-01
11, Nicki Minaj ,7,13,4, 2011-01-01
12, Shakira ,9,13,4, 2011-01-01
13, Lil Wayne ,11,13,4, 2011-01-01
14, Taylor Swift ,12,1,4, 2011-01-01
15, Ke$ha ,13,13,4, 2011-01-01
16, Drake ,14,13,3, 2011-01-01
17, Ludacris ,120,13,3, 2011-01-01
18, Usher ,17,13,4, 2011-01-01
19, Green Day ,18,13,4, 2011-01-01
20, Avril Lavigne ,21,1,4, 2011-01-01
21, Enrique Iglesias ,23,13,4, 2011-01-01
22, Glee Cast ,15,15,4, 2011-01-01
23, David Guetta ,20,13,4, 2011-01-01
24, Bruno Mars ,34,1,4, 2011-01-01
25, 50 Cent ,27,13,4, 2011-01-01
26, Beyonce ,22,1,4, 2011-01-01
27, Coldplay ,25,1,4, 2011-01-01
28, Jamie Lynn Noon ,24,8,3, 2011-01-01
29, The Beatles ,30,13,4, 2011-01-01
30, Christina Grimmie ,26,13,4, 2011-01-01
31, Tyler Ward ,39,14,4, 2011-01-01
32, My Chemical Romance ,28,13,4, 2011-01-01
33, Tiesto ,32,13,4, 2011-01-01
34, Thirty Seconds To Mars ,33,30,4, 2011-01-01
35, Dr. Dre ,120,13,1, 2011-01-01
36, DJBL3ND ,120,36,1, 2011-01-01
37, Trey Songz ,37,13,4, 2011-01-01
38, Wiz Khalifa ,47,13,3, 2011-01-01
39, Selena Gomez ,50,13,4, 2011-01-01
40, Pitbull ,45,13,4, 2011-01-01
41, Chris Brown ,38,13,3, 2011-01-01
42, The Rolling Stones ,35,1,2, 2011-01-01
43, Snoop Dogg ,42,13,3, 2011-01-01
44, Kanye West ,40,1,4, 2011-01-01
45, Paramore ,48,13,4, 2011-01-01
46, T.I. ,36,13,4, 2011-01-01
47, Willow ,120,37,1, 2011-01-01
48, P!nk ,31,1,4, 2011-01-01
49, Bob Marley ,29,13,4, 2011-01-01
50, Daft Punk ,46,13,2, 2011-01-01
1, The Black Eyed Peas ,1,1,3, 2010-12-25
2, Rihanna ,3,1,3, 2010-12-25
3, Justin Bieber ,2,1,3, 2010-12-25
4, Eminem ,4,13,3, 2010-12-25
5, Lady Gaga ,5,1,3, 2010-12-25
6, Katy Perry ,7,1,3, 2010-12-25
7, Nicki Minaj ,6,13,3, 2010-12-25
8, Linkin Park ,10,1,3, 2010-12-25
9, Shakira ,9,13,3, 2010-12-25
10, Michael Jackson ,18,13,3, 2010-12-25
11, Lil Wayne ,12,13,3, 2010-12-25
12, Taylor Swift ,13,1,3, 2010-12-25
13, Ke$ha ,8,13,3, 2010-12-25
14, Drake ,17,13,2, 2010-12-25
15, Glee Cast ,16,15,3, 2010-12-25
16, Akon ,11,2,3, 2010-12-25
17, Usher ,14,13,3, 2010-12-25
18, Green Day ,22,13,3, 2010-12-25
19, Don Omar ,15,2,3, 2010-12-25
20, David Guetta ,19,13,3, 2010-12-25
21, Avril Lavigne ,34,1,3, 2010-12-25
22, Beyonce ,21,1,3, 2010-12-25
23, Enrique Iglesias ,23,13,3, 2010-12-25
24, Jamie Lynn Noon ,25,8,2, 2010-12-25
25, Coldplay ,26,1,3, 2010-12-25
26, Christina Grimmie ,20,13,3, 2010-12-25
27, 50 Cent ,28,13,3, 2010-12-25
28, My Chemical Romance ,24,13,3, 2010-12-25
29, Bob Marley ,27,13,3, 2010-12-25
30, The Beatles ,37,13,3, 2010-12-25
31, P!nk ,33,1,3, 2010-12-25
32, Tiesto ,31,13,3, 2010-12-25
33, Thirty Seconds To Mars ,30,30,3, 2010-12-25
34, Bruno Mars ,38,1,3, 2010-12-25
35, The Rolling Stones ,120,1,1, 2010-12-25
36, T.I. ,42,13,3, 2010-12-25
37, Trey Songz ,40,13,3, 2010-12-25
38, Chris Brown ,46,13,2, 2010-12-25
39, Tyler Ward ,32,14,3, 2010-12-25
40, Kanye West ,45,1,3, 2010-12-25
41, Avenged Sevenfold ,48,13,2, 2010-12-25
42, Snoop Dogg ,41,13,2, 2010-12-25
43, Alicia Keys ,120,1,1, 2010-12-25
44, Britney Spears ,43,1,2, 2010-12-25
45, Pitbull ,50,13,3, 2010-12-25
46, Daft Punk ,120,13,1, 2010-12-25
47, Wiz Khalifa ,47,13,2, 2010-12-25
48, Paramore ,44,13,3, 2010-12-25
49, Nelly ,120,42,2, 2010-12-25
50, Selena Gomez ,35,13,3, 2010-12-25
1, The Black Eyed Peas ,6,1,2, 2010-12-18
2, Justin Bieber ,2,1,2, 2010-12-18
3, Rihanna ,1,1,2, 2010-12-18
4, Eminem ,3,13,2, 2010-12-18
5, Lady Gaga ,4,1,2, 2010-12-18
6, Nicki Minaj ,5,13,2, 2010-12-18
7, Katy Perry ,7,1,2, 2010-12-18
8, Ke$ha ,8,13,2, 2010-12-18
9, Shakira ,10,13,2, 2010-12-18
10, Linkin Park ,9,1,2, 2010-12-18
11, Akon ,17,2,2, 2010-12-18
12, Lil Wayne ,11,13,2, 2010-12-18
13, Taylor Swift ,13,1,2, 2010-12-18
14, Usher ,14,13,2, 2010-12-18
15, Don Omar ,16,2,2, 2010-12-18
16, Glee Cast ,25,15,2, 2010-12-18
17, Drake ,120,13,1, 2010-12-18
18, Michael Jackson ,12,13,2, 2010-12-18
19, David Guetta ,26,13,2, 2010-12-18
20, Christina Grimmie ,15,13,2, 2010-12-18
21, Beyonce ,20,1,2, 2010-12-18
22, Green Day ,35,13,2, 2010-12-18
23, Enrique Iglesias ,19,13,2, 2010-12-18
24, My Chemical Romance ,22,13,2, 2010-12-18
25, Jamie Lynn Noon ,120,8,1, 2010-12-18
26, Coldplay ,32,1,2, 2010-12-18
27, Bob Marley ,24,13,2, 2010-12-18
28, 50 Cent ,23,13,2, 2010-12-18
29, Ludacris ,21,13,2, 2010-12-18
30, Thirty Seconds To Mars ,33,30,2, 2010-12-18
31, Tiesto ,30,13,2, 2010-12-18
32, Tyler Ward ,34,14,2, 2010-12-18
33, P!nk ,38,1,2, 2010-12-18
34, Avril Lavigne ,27,1,2, 2010-12-18
35, Selena Gomez ,40,13,2, 2010-12-18
36, Bon Jovi ,120,1,1, 2010-12-18
37, The Beatles ,41,13,2, 2010-12-18
38, Bruno Mars ,45,1,2, 2010-12-18
39, Soulja Boy ,39,13,2, 2010-12-18
40, Trey Songz ,31,13,2, 2010-12-18
41, Snoop Dogg ,120,13,1, 2010-12-18
42, T.I. ,48,13,2, 2010-12-18
43, Britney Spears ,120,1,1, 2010-12-18
44, Paramore ,29,13,2, 2010-12-18
45, Kanye West ,28,1,2, 2010-12-18
46, Chris Brown ,120,13,1, 2010-12-18
47, Wiz Khalifa ,120,13,1, 2010-12-18
48, Avenged Sevenfold ,120,13,1, 2010-12-18
49, Demi Lovato ,47,13,2, 2010-12-18
50, Pitbull ,42,13,2, 2010-12-18
